EUROPEAN CLIMATE ASSESSMENT & DATASET (ECA&D), file created on: 21-12-2020
THESE DATA CAN BE USED FOR NON-COMMERCIAL RESEARCH AND EDUCATION PROVIDED THAT THE FOLLOWING SOURCE IS ACKNOWLEDGED: 

Klein Tank, A.M.G. and Coauthors, 2002. Daily dataset of 20th-century surface
air temperature and precipitation series for the European Climate Assessment.
Int. J. of Climatol., 22, 1441-1453.
Data and metadata available at http://www.ecad.eu

FILE FORMAT (MISSING VALUE CODE = -9999):

01-06 STAID: Station identifier
08-13 SOUID: Source identifier
15-22 DATE : Date YYYYMMDD
24-28 CC   : Cloud cover in oktas
30-34 Q_CC : quality code for CC (0='valid'; 1='suspect'; 9='missing')

This is the blended series of station VAEXJOE, SWEDEN (STAID: 1)
Blended and updated with sources:41384 41387 
See files sources.txt and stations.txt for more info.

STAID, SOUID,    DATE,   CC, Q_CC
     1, 41384,19610101,    8,    0
     1, 41384,19610102,    8,    0
     1, 41384,19610103,    8,    0
     1, 41384,19610104,    8,    0
     1, 41384,19610105,    8,    0
     1, 41384,19610106,    8,    0
     1, 41384,19610107,    8,    0
     1, 41384,19610108,    8,    0
     1, 41384,19610109,    8,    0
     1, 41384,19610110,    8,    0
     1, 41384,19610111,    7,    0
     1, 41384,19610112,    1,    0
     1, 41384,19610113,    8,    0
     1, 41384,19610114,    3,    0
     1, 41384,19610115,    8,    0
     1, 41384,19610116,    2,    0
     1, 41384,19610117,    0,    0
     1, 41384,19610118,    3,    0
     1, 41384,19610119,    0,    0
     1, 41384,19610120,    0,    0
     1, 41384,19610121,    3,    0
     1, 41384,19610122,    8,    0
     1, 41384,19610123,    8,    0
     1, 41384,19610124,    4,    0
     1, 41384,19610125,    0,    0
     1, 41384,19610126,    2,    0
     1, 41384,19610127,    3,    0
     1, 41384,19610128,    8,    0
     1, 41384,19610129,    8,    0
     1, 41384,19610130,    8,    0
     1, 41384,19610131,    8,    0
     1, 41384,19610201,    8,    0
     1, 41384,19610202,    8,    0
     1, 41384,19610203,    8,    0
     1, 41384,19610204,    5,    0
     1, 41384,19610205,    2,    0
     1, 41384,19610206,    8,    0
     1, 41384,19610207,    8,    0
     1, 41384,19610208,    5,    0
     1, 41384,19610209,    8,    0
     1, 41384,19610210,    7,    0
     1, 41384,19610211,    8,    0
     1, 41384,19610212,    8,    0
     1, 41384,19610213,    8,    0
     1, 41384,19610214,    8,    0
     1, 41384,19610215,    8,    0
     1, 41384,19610216,    8,    0
     1, 41384,19610217,    8,    0
     1, 41384,19610218,    3,    0
     1, 41384,19610219,    7,    0
     1, 41384,19610220,    5,    0
     1, 41384,19610221,    8,    0
     1, 41384,19610222,    8,    0
     1, 41384,19610223,    8,    0
     1, 41384,19610224,    8,    0
     1, 41384,19610225,    7,    0
     1, 41384,19610226,    8,    0
     1, 41384,19610227,    7,    0
     1, 41384,19610228,    8,    0
     1, 41384,19610301,    1,    0
     1, 41384,19610302,    5,    0
     1, 41384,19610303,    6,    0
     1, 41384,19610304,    7,    0
     1, 41384,19610305,    6,    0
     1, 41384,19610306,    5,    0
     1, 41384,19610307,    4,    0
     1, 41384,19610308,    5,    0
     1, 41384,19610309,    7,    0
     1, 41384,19610310,    3,    0
     1, 41384,19610311,    6,    0
     1, 41384,19610312,    8,    0
     1, 41384,19610313,    2,    0
     1, 41384,19610314,    8,    0
     1, 41384,19610315,    1,    0
     1, 41384,19610316,    1,    0
     1, 41384,19610317,    7,    0
     1, 41384,19610318,    7,    0
     1, 41384,19610319,    1,    0
     1, 41384,19610320,    7,    0
     1, 41384,19610321,    7,    0
     1, 41384,19610322,    8,    0
     1, 41384,19610323,    7,    0
     1, 41384,19610324,    7,    0
     1, 41384,19610325,    7,    0
     1, 41384,19610326,    8,    0
     1, 41384,19610327,    3,    0
     1, 41384,19610328,    5,    0
     1, 41384,19610329,    8,    0
     1, 41384,19610330,    8,    0
     1, 41384,19610331,    5,    0
     1, 41384,19610401,    6,    0
     1, 41384,19610402,    4,    0
     1, 41384,19610403,    6,    0
     1, 41384,19610404,    5,    0
     1, 41384,19610405,    6,    0
     1, 41384,19610406,    7,    0
     1, 41384,19610407,    8,    0
     1, 41384,19610408,    3,    0
     1, 41384,19610409,    1,    0
     1, 41384,19610410,    3,    0
     1, 41384,19610411,    6,    0
     1, 41384,19610412,    7,    0
     1, 41384,19610413,    7,    0
     1, 41384,19610414,    7,    0
     1, 41384,19610415,    5,    0
     1, 41384,19610416,    3,    0
     1, 41384,19610417,    0,    0
     1, 41384,19610418,    3,    0
     1, 41384,19610419,    1,    0
     1, 41384,19610420,    2,    0
     1, 41384,19610421,    0,    0
     1, 41384,19610422,    5,    0
     1, 41384,19610423,    0,    0
     1, 41384,19610424,    0,    0
     1, 41384,19610425,    0,    0
     1, 41384,19610426,    0,    0
     1, 41384,19610427,    0,    0
     1, 41384,19610428,    3,    0
     1, 41384,19610429,    0,    0
     1, 41384,19610430,    1,    0
     1, 41384,19610501,    3,    0
     1, 41384,19610502,    2,    0
     1, 41384,19610503,    7,    0
     1, 41384,19610504,    6,    0
     1, 41384,19610505,    8,    0
     1, 41384,19610506,    6,    0
     1, 41384,19610507,    7,    0
     1, 41384,19610508,    6,    0
     1, 41384,19610509,    7,    0
     1, 41384,19610510,    8,    0
     1, 41384,19610511,    5,    0
     1, 41384,19610512,    5,    0
     1, 41384,19610513,    5,    0
     1, 41384,19610514,    6,    0
     1, 41384,19610515,    8,    0
     1, 41384,19610516,    6,    0
     1, 41384,19610517,    2,    0
     1, 41384,19610518,    4,    0
     1, 41384,19610519,    7,    0
     1, 41384,19610520,    7,    0
     1, 41384,19610521,    4,    0
     1, 41384,19610522,    4,    0
     1, 41384,19610523,    7,    0
     1, 41384,19610524,    7,    0
     1, 41384,19610525,    4,    0
     1, 41384,19610526,    7,    0
     1, 41384,19610527,    5,    0
     1, 41384,19610528,    8,    0
     1, 41384,19610529,    7,    0
     1, 41384,19610530,    6,    0
     1, 41384,19610531,    8,    0
     1, 41384,19610601,    6,    0
     1, 41384,19610602,    0,    0
     1, 41384,19610603,    0,    0
     1, 41384,19610604,    5,    0
     1, 41384,19610605,    2,    0
     1, 41384,19610606,    3,    0
     1, 41384,19610607,    1,    0
     1, 41384,19610608,    4,    0
     1, 41384,19610609,    4,    0
     1, 41384,19610610,    7,    0
     1, 41384,19610611,    7,    0
     1, 41384,19610612,    5,    0
     1, 41384,19610613,    6,    0
     1, 41384,19610614,    8,    0
     1, 41384,19610615,    7,    0
     1, 41384,19610616,    5,    0
     1, 41384,19610617,    7,    0
     1, 41384,19610618,    7,    0
     1, 41384,19610619,    6,    0
     1, 41384,19610620,    6,    0
     1, 41384,19610621,    4,    0
     1, 41384,19610622,    7,    0
     1, 41384,19610623,    6,    0
     1, 41384,19610624,    7,    0
     1, 41384,19610625,    8,    0
     1, 41384,19610626,    7,    0
     1, 41384,19610627,    8,    0
     1, 41384,19610628,    5,    0
     1, 41384,19610629,    4,    0
     1, 41384,19610630,    3,    0
     1, 41384,19610701,    0,    0
     1, 41384,19610702,    0,    0
     1, 41384,19610703,    5,    0
     1, 41384,19610704,    8,    0
     1, 41384,19610705,    7,    0
     1, 41384,19610706,    7,    0
     1, 41384,19610707,    6,    0
     1, 41384,19610708,    7,    0
     1, 41384,19610709,    7,    0
     1, 41384,19610710,    8,    0
     1, 41384,19610711,    7,    0
     1, 41384,19610712,    6,    0
     1, 41384,19610713,    8,    0
     1, 41384,19610714,    8,    0
     1, 41384,19610715,    6,    0
     1, 41384,19610716,    6,    0
     1, 41384,19610717,    7,    0
     1, 41384,19610718,    8,    0
     1, 41384,19610719,    8,    0
     1, 41384,19610720,    8,    0
     1, 41384,19610721,    5,    0
     1, 41384,19610722,    5,    0
     1, 41384,19610723,    7,    0
     1, 41384,19610724,    4,    0
     1, 41384,19610725,    8,    0
     1, 41384,19610726,    8,    0
     1, 41384,19610727,    7,    0
     1, 41384,19610728,    7,    0
     1, 41384,19610729,    7,    0
     1, 41384,19610730,    2,    0
     1, 41384,19610731,    5,    0
     1, 41384,19610801,    8,    0
     1, 41384,19610802,    6,    0
     1, 41384,19610803,    6,    0
     1, 41384,19610804,    8,    0
     1, 41384,19610805,    7,    0
     1, 41384,19610806,    7,    0
     1, 41384,19610807,    7,    0
     1, 41384,19610808,    7,    0
     1, 41384,19610809,    6,    0
     1, 41384,19610810,    4,    0
     1, 41384,19610811,    5,    0
     1, 41384,19610812,    7,    0
     1, 41384,19610813,    6,    0
     1, 41384,19610814,    8,    0
     1, 41384,19610815,    6,    0
     1, 41384,19610816,    6,    0
     1, 41384,19610817,    6,    0
     1, 41384,19610818,    5,    0
     1, 41384,19610819,    6,    0
     1, 41384,19610820,    5,    0
     1, 41384,19610821,    7,    0
     1, 41384,19610822,    8,    0
     1, 41384,19610823,    4,    0
     1, 41384,19610824,    8,    0
     1, 41384,19610825,    1,    0
     1, 41384,19610826,    8,    0
     1, 41384,19610827,    7,    0
     1, 41384,19610828,    5,    0
     1, 41384,19610829,    4,    0
     1, 41384,19610830,    1,    0
     1, 41384,19610831,    3,    0
     1, 41384,19610901,    3,    0
     1, 41384,19610902,    0,    0
     1, 41384,19610903,    5,    0
     1, 41384,19610904,    3,    0
     1, 41384,19610905,    3,    0
     1, 41384,19610906,    8,    0
     1, 41384,19610907,    8,    0
     1, 41384,19610908,    8,    0
     1, 41384,19610909,    4,    0
     1, 41384,19610910,    3,    0
     1, 41384,19610911,    6,    0
     1, 41384,19610912,    6,    0
     1, 41384,19610913,    7,    0
     1, 41384,19610914,    8,    0
     1, 41384,19610915,    6,    0
     1, 41384,19610916,    6,    0
     1, 41384,19610917,    3,    0
     1, 41384,19610918,    1,    0
     1, 41384,19610919,    3,    0
     1, 41384,19610920,    0,    0
     1, 41384,19610921,    7,    0
     1, 41384,19610922,    6,    0
     1, 41384,19610923,    5,    0
     1, 41384,19610924,    3,    0
     1, 41384,19610925,    6,    0
     1, 41384,19610926,    5,    0
     1, 41384,19610927,    3,    0
     1, 41384,19610928,    4,    0
     1, 41384,19610929,    7,    0
     1, 41384,19610930,    7,    0
     1, 41384,19611001,    3,    0
     1, 41384,19611002,    6,    0
     1, 41384,19611003,    5,    0
     1, 41384,19611004,    4,    0
     1, 41384,19611005,    0,    0
     1, 41384,19611006,    0,    0
     1, 41384,19611007,    1,    0
     1, 41384,19611008,    8,    0
     1, 41384,19611009,    8,    0
     1, 41384,19611010,    4,    0
     1, 41384,19611011,    7,    0
     1, 41384,19611012,    2,    0
     1, 41384,19611013,    3,    0
     1, 41384,19611014,    3,    0
     1, 41384,19611015,    8,    0
     1, 41384,19611016,    7,    0
     1, 41384,19611017,    8,    0
     1, 41384,19611018,    8,    0
     1, 41384,19611019,    8,    0
     1, 41384,19611020,    6,    0
     1, 41384,19611021,    8,    0
     1, 41384,19611022,    5,    0
     1, 41384,19611023,    8,    0
     1, 41384,19611024,    8,    0
     1, 41384,19611025,    7,    0
     1, 41384,19611026,    6,    0
     1, 41384,19611027,    7,    0
     1, 41384,19611028,    1,    0
     1, 41384,19611029,    5,    0
     1, 41384,19611030,    5,    0
     1, 41384,19611031,    8,    0
     1, 41384,19611101,    6,    0
     1, 41384,19611102,    8,    0
     1, 41384,19611103,    7,    0
     1, 41384,19611104,    7,    0
     1, 41384,19611105,    0,    0
     1, 41384,19611106,    0,    0
     1, 41384,19611107,    8,    0
     1, 41384,19611108,    8,    0
     1, 41384,19611109,    8,    0
     1, 41384,19611110,    8,    0
     1, 41384,19611111,    8,    0
     1, 41384,19611112,    8,    0
     1, 41384,19611113,    8,    0
     1, 41384,19611114,    5,    0
     1, 41384,19611115,    5,    0
     1, 41384,19611116,    7,    0
     1, 41384,19611117,    3,    0
     1, 41384,19611118,    0,    0
     1, 41384,19611119,    0,    0
     1, 41384,19611120,    5,    0
     1, 41384,19611121,    8,    0
     1, 41384,19611122,    5,    0
     1, 41384,19611123,    8,    0
     1, 41384,19611124,    6,    0
     1, 41384,19611125,    8,    0
     1, 41384,19611126,    8,    0
     1, 41384,19611127,    6,    0
     1, 41384,19611128,    8,    0
     1, 41384,19611129,    8,    0
     1, 41384,19611130,    8,    0
     1, 41384,19611201,    6,    0
     1, 41384,19611202,    8,    0
     1, 41384,19611203,    6,    0
     1, 41384,19611204,    2,    0
     1, 41384,19611205,    8,    0
     1, 41384,19611206,    7,    0
     1, 41384,19611207,    2,    0
     1, 41384,19611208,    7,    0
     1, 41384,19611209,    5,    0
     1, 41384,19611210,    8,    0
     1, 41384,19611211,    8,    0
     1, 41384,19611212,    7,    0
     1, 41384,19611213,    0,    0
     1, 41384,19611214,    5,    0
     1, 41384,19611215,    2,    0
     1, 41384,19611216,    4,    0
     1, 41384,19611217,    8,    0
     1, 41384,19611218,    8,    0
     1, 41384,19611219,    5,    0
     1, 41384,19611220,    5,    0
     1, 41384,19611221,    0,    0
     1, 41384,19611222,    2,    0
     1, 41384,19611223,    1,    0
     1, 41384,19611224,    8,    0
     1, 41384,19611225,    8,    0
     1, 41384,19611226,    3,    0
     1, 41384,19611227,    0,    0
     1, 41384,19611228,    5,    0
     1, 41384,19611229,    8,    0
     1, 41384,19611230,    8,    0
     1, 41384,19611231,    8,    0
     1, 41384,19620101,    8,    0
     1, 41384,19620102,    2,    0
     1, 41384,19620103,    2,    0
     1, 41384,19620104,    8,    0
     1, 41384,19620105,    8,    0
     1, 41384,19620106,    7,    0
     1, 41384,19620107,    3,    0
     1, 41384,19620108,    8,    0
     1, 41384,19620109,    8,    0
     1, 41384,19620110,    7,    0
     1, 41384,19620111,    8,    0
     1, 41384,19620112,    8,    0
     1, 41384,19620113,    8,    0
     1, 41384,19620114,    8,    0
     1, 41384,19620115,    7,    0
     1, 41384,19620116,    8,    0
     1, 41384,19620117,    8,    0
     1, 41384,19620118,    8,    0
     1, 41384,19620119,    6,    0
     1, 41384,19620120,    8,    0
     1, 41384,19620121,    6,    0
     1, 41384,19620122,    8,    0
     1, 41384,19620123,    7,    0
     1, 41384,19620124,    6,    0
     1, 41384,19620125,    8,    0
     1, 41384,19620126,    6,    0
     1, 41384,19620127,    5,    0
     1, 41384,19620128,    1,    0
     1, 41384,19620129,    2,    0
     1, 41384,19620130,    2,    0
     1, 41384,19620131,    6,    0
     1, 41384,19620201,    7,    0
     1, 41384,19620202,    8,    0
     1, 41384,19620203,    8,    0
     1, 41384,19620204,    8,    0
     1, 41384,19620205,    8,    0
     1, 41384,19620206,    0,    0
     1, 41384,19620207,    8,    0
     1, 41384,19620208,    8,    0
     1, 41384,19620209,    3,    0
     1, 41384,19620210,    8,    0
     1, 41384,19620211,    7,    0
     1, 41384,19620212,    8,    0
     1, 41384,19620213,    1,    0
     1, 41384,19620214,    4,    0
     1, 41384,19620215,    3,    0
     1, 41384,19620216,    7,    0
     1, 41384,19620217,    6,    0
     1, 41384,19620218,    5,    0
     1, 41384,19620219,    5,    0
     1, 41384,19620220,    3,    0
     1, 41384,19620221,    2,    0
     1, 41384,19620222,    4,    0
     1, 41384,19620223,    0,    0
     1, 41384,19620224,    5,    0
     1, 41384,19620225,    8,    0
     1, 41384,19620226,    8,    0
     1, 41384,19620227,    8,    0
     1, 41384,19620228,    5,    0
     1, 41384,19620301,    0,    0
     1, 41384,19620302,    7,    0
     1, 41384,19620303,    8,    0
     1, 41384,19620304,    7,    0
     1, 41384,19620305,    3,    0
     1, 41384,19620306,    4,    0
     1, 41384,19620307,    2,    0
     1, 41384,19620308,    3,    0
     1, 41384,19620309,    7,    0
     1, 41384,19620310,    8,    0
     1, 41384,19620311,    8,    0
     1, 41384,19620312,    6,    0
     1, 41384,19620313,    2,    0
     1, 41384,19620314,    1,    0
     1, 41384,19620315,    0,    0
     1, 41384,19620316,    3,    0
     1, 41384,19620317,    3,    0
     1, 41384,19620318,    3,    0
     1, 41384,19620319,    4,    0
     1, 41384,19620320,    2,    0
     1, 41384,19620321,    3,    0
     1, 41384,19620322,    7,    0
     1, 41384,19620323,    8,    0
     1, 41384,19620324,    4,    0
     1, 41384,19620325,    6,    0
     1, 41384,19620326,    6,    0
     1, 41384,19620327,    7,    0
     1, 41384,19620328,    5,    0
     1, 41384,19620329,    0,    0
     1, 41384,19620330,    8,    0
     1, 41384,19620331,    8,    0
     1, 41384,19620401,    7,    0
     1, 41384,19620402,    7,    0
     1, 41384,19620403,    8,    0
     1, 41384,19620404,    8,    0
     1, 41384,19620405,    8,    0
     1, 41384,19620406,    8,    0
     1, 41384,19620407,    5,    0
     1, 41384,19620408,    8,    0
     1, 41384,19620409,    7,    0
     1, 41384,19620410,    3,    0
     1, 41384,19620411,    6,    0
     1, 41384,19620412,    4,    0
     1, 41384,19620413,    7,    0
     1, 41384,19620414,    8,    0
     1, 41384,19620415,    2,    0
     1, 41384,19620416,    0,    0
     1, 41384,19620417,    8,    0
     1, 41384,19620418,    7,    0
     1, 41384,19620419,    8,    0
     1, 41384,19620420,    8,    0
     1, 41384,19620421,    7,    0
     1, 41384,19620422,    8,    0
     1, 41384,19620423,    5,    0
     1, 41384,19620424,    0,    0
     1, 41384,19620425,    0,    0
     1, 41384,19620426,    5,    0
     1, 41384,19620427,    3,    0
     1, 41384,19620428,    6,    0
     1, 41384,19620429,    6,    0
     1, 41384,19620430,    3,    0
     1, 41384,19620501,    8,    0
     1, 41384,19620502,    6,    0
     1, 41384,19620503,    7,    0
     1, 41384,19620504,    7,    0
     1, 41384,19620505,    5,    0
     1, 41384,19620506,    3,    0
     1, 41384,19620507,    8,    0
     1, 41384,19620508,    7,    0
     1, 41384,19620509,    8,    0
     1, 41384,19620510,    8,    0
     1, 41384,19620511,    8,    0
     1, 41384,19620512,    8,    0
     1, 41384,19620513,    7,    0
     1, 41384,19620514,    8,    0
     1, 41384,19620515,    7,    0
     1, 41384,19620516,    5,    0
     1, 41384,19620517,    6,    0
     1, 41384,19620518,    7,    0
     1, 41384,19620519,    7,    0
     1, 41384,19620520,    7,    0
     1, 41384,19620521,    5,    0
     1, 41384,19620522,    7,    0
     1, 41384,19620523,    7,    0
     1, 41384,19620524,    8,    0
     1, 41384,19620525,    7,    0
     1, 41384,19620526,    5,    0
     1, 41384,19620527,    8,    0
     1, 41384,19620528,    7,    0
     1, 41384,19620529,    7,    0
     1, 41384,19620530,    6,    0
     1, 41384,19620531,    7,    0
     1, 41384,19620601,    5,    0
     1, 41384,19620602,    7,    0
     1, 41384,19620603,    3,    0
     1, 41384,19620604,    3,    0
     1, 41384,19620605,    6,    0
     1, 41384,19620606,    1,    0
     1, 41384,19620607,    0,    0
     1, 41384,19620608,    1,    0
     1, 41384,19620609,    3,    0
     1, 41384,19620610,    5,    0
     1, 41384,19620611,    7,    0
     1, 41384,19620612,    3,    0
     1, 41384,19620613,    7,    0
     1, 41384,19620614,    8,    0
     1, 41384,19620615,    3,    0
     1, 41384,19620616,    6,    0
     1, 41384,19620617,    4,    0
     1, 41384,19620618,    4,    0
     1, 41384,19620619,    5,    0
     1, 41384,19620620,    6,    0
     1, 41384,19620621,    7,    0
     1, 41384,19620622,    8,    0
     1, 41384,19620623,    5,    0
     1, 41384,19620624,    7,    0
     1, 41384,19620625,    8,    0
     1, 41384,19620626,    6,    0
     1, 41384,19620627,    5,    0
     1, 41384,19620628,    6,    0
     1, 41384,19620629,    6,    0
     1, 41384,19620630,    5,    0
     1, 41384,19620701,    5,    0
     1, 41384,19620702,    7,    0
     1, 41384,19620703,    7,    0
     1, 41384,19620704,    8,    0
     1, 41384,19620705,    7,    0
     1, 41384,19620706,    7,    0
     1, 41384,19620707,    7,    0
     1, 41384,19620708,    6,    0
     1, 41384,19620709,    5,    0
     1, 41384,19620710,    4,    0
     1, 41384,19620711,    7,    0
     1, 41384,19620712,    8,    0
     1, 41384,19620713,    7,    0
     1, 41384,19620714,    7,    0
     1, 41384,19620715,    6,    0
     1, 41384,19620716,    4,    0
     1, 41384,19620717,    5,    0
     1, 41384,19620718,    6,    0
     1, 41384,19620719,    2,    0
     1, 41384,19620720,    7,    0
     1, 41384,19620721,    7,    0
     1, 41384,19620722,    6,    0
     1, 41384,19620723,    8,    0
     1, 41384,19620724,    5,    0
     1, 41384,19620725,    3,    0
     1, 41384,19620726,    3,    0
     1, 41384,19620727,    8,    0
     1, 41384,19620728,    2,    0
     1, 41384,19620729,    3,    0
     1, 41384,19620730,    3,    0
     1, 41384,19620731,    6,    0
     1, 41384,19620801,    7,    0
     1, 41384,19620802,    7,    0
     1, 41384,19620803,    3,    0
     1, 41384,19620804,    5,    0
     1, 41384,19620805,    7,    0
     1, 41384,19620806,    7,    0
     1, 41384,19620807,    8,    0
     1, 41384,19620808,    7,    0
     1, 41384,19620809,    6,    0
     1, 41384,19620810,    8,    0
     1, 41384,19620811,    7,    0
     1, 41384,19620812,    6,    0
     1, 41384,19620813,    4,    0
     1, 41384,19620814,    3,    0
     1, 41384,19620815,    7,    0
     1, 41384,19620816,    8,    0
     1, 41384,19620817,    7,    0
     1, 41384,19620818,    8,    0
     1, 41384,19620819,    8,    0
     1, 41384,19620820,    8,    0
     1, 41384,19620821,    7,    0
     1, 41384,19620822,    8,    0
     1, 41384,19620823,    7,    0
     1, 41384,19620824,    8,    0
     1, 41384,19620825,    7,    0
     1, 41384,19620826,    6,    0
     1, 41384,19620827,    6,    0
     1, 41384,19620828,    8,    0
     1, 41384,19620829,    5,    0
     1, 41384,19620830,    7,    0
     1, 41384,19620831,    5,    0
     1, 41384,19620901,    4,    0
     1, 41384,19620902,    8,    0
     1, 41384,19620903,    8,    0
     1, 41384,19620904,    7,    0
     1, 41384,19620905,    8,    0
     1, 41384,19620906,    7,    0
     1, 41384,19620907,    6,    0
     1, 41384,19620908,    5,    0
     1, 41384,19620909,    7,    0
     1, 41384,19620910,    8,    0
     1, 41384,19620911,    4,    0
     1, 41384,19620912,    8,    0
     1, 41384,19620913,    1,    0
     1, 41384,19620914,    1,    0
     1, 41384,19620915,    8,    0
     1, 41384,19620916,    7,    0
     1, 41384,19620917,    5,    0
     1, 41384,19620918,    4,    0
     1, 41384,19620919,    3,    0
     1, 41384,19620920,    7,    0
     1, 41384,19620921,    6,    0
     1, 41384,19620922,    7,    0
     1, 41384,19620923,    5,    0
     1, 41384,19620924,    8,    0
     1, 41384,19620925,    7,    0
     1, 41384,19620926,    4,    0
     1, 41384,19620927,    2,    0
     1, 41384,19620928,    8,    0
     1, 41384,19620929,    8,    0
     1, 41384,19620930,    7,    0
     1, 41384,19621001,    8,    0
     1, 41384,19621002,    6,    0
     1, 41384,19621003,    8,    0
     1, 41384,19621004,    6,    0
     1, 41384,19621005,    6,    0
     1, 41384,19621006,    5,    0
     1, 41384,19621007,    7,    0
     1, 41384,19621008,    5,    0
     1, 41384,19621009,    5,    0
     1, 41384,19621010,    8,    0
     1, 41384,19621011,    8,    0
     1, 41384,19621012,    2,    0
     1, 41384,19621013,    5,    0
     1, 41384,19621014,    3,    0
     1, 41384,19621015,    5,    0
     1, 41384,19621016,    8,    0
     1, 41384,19621017,    8,    0
     1, 41384,19621018,    8,    0
     1, 41384,19621019,    3,    0
     1, 41384,19621020,    0,    0
     1, 41384,19621021,    6,    0
     1, 41384,19621022,    8,    0
     1, 41384,19621023,    8,    0
     1, 41384,19621024,    5,    0
     1, 41384,19621025,    8,    0
     1, 41384,19621026,    8,    0
     1, 41384,19621027,    0,    0
     1, 41384,19621028,    8,    0
     1, 41384,19621029,    7,    0
     1, 41384,19621030,    7,    0
     1, 41384,19621031,    7,    0
     1, 41384,19621101,    5,    0
     1, 41384,19621102,    8,    0
     1, 41384,19621103,    8,    0
     1, 41384,19621104,    8,    0
     1, 41384,19621105,    8,    0
     1, 41384,19621106,    5,    0
     1, 41384,19621107,    8,    0
     1, 41384,19621108,    8,    0
     1, 41384,19621109,    8,    0
     1, 41384,19621110,    8,    0
     1, 41384,19621111,    8,    0
     1, 41384,19621112,    8,    0
     1, 41384,19621113,    8,    0
     1, 41384,19621114,    8,    0
     1, 41384,19621115,    8,    0
     1, 41384,19621116,    3,    0
     1, 41384,19621117,    5,    0
     1, 41384,19621118,    7,    0
     1, 41384,19621119,    8,    0
     1, 41384,19621120,    8,    0
     1, 41384,19621121,    6,    0
     1, 41384,19621122,    8,    0
     1, 41384,19621123,    8,    0
     1, 41384,19621124,    8,    0
     1, 41384,19621125,    8,    0
     1, 41384,19621126,    8,    0
     1, 41384,19621127,    8,    0
     1, 41384,19621128,    7,    0
     1, 41384,19621129,    8,    0
     1, 41384,19621130,    4,    0
     1, 41384,19621201,    0,    0
     1, 41384,19621202,    8,    0
     1, 41384,19621203,    8,    0
     1, 41384,19621204,    7,    0
     1, 41384,19621205,    2,    0
     1, 41384,19621206,    6,    0
     1, 41384,19621207,    8,    0
     1, 41384,19621208,    8,    0
     1, 41384,19621209,    8,    0
     1, 41384,19621210,    2,    0
     1, 41384,19621211,    5,    0
     1, 41384,19621212,    8,    0
     1, 41384,19621213,    8,    0
     1, 41384,19621214,    8,    0
     1, 41384,19621215,    8,    0
     1, 41384,19621216,    8,    0
     1, 41384,19621217,    7,    0
     1, 41384,19621218,    2,    0
     1, 41384,19621219,    4,    0
     1, 41384,19621220,    5,    0
     1, 41384,19621221,    4,    0
     1, 41384,19621222,    0,    0
     1, 41384,19621223,    0,    0
     1, 41384,19621224,    1,    0
     1, 41384,19621225,    2,    0
     1, 41384,19621226,    8,    0
     1, 41384,19621227,    8,    0
     1, 41384,19621228,    7,    0
     1, 41384,19621229,    8,    0
     1, 41384,19621230,    2,    0
     1, 41384,19621231,    1,    0
     1, 41384,19630101,    7,    0
     1, 41384,19630102,    6,    0
     1, 41384,19630103,    7,    0
     1, 41384,19630104,    8,    0
     1, 41384,19630105,    8,    0
     1, 41384,19630106,    7,    0
     1, 41384,19630107,    3,    0
     1, 41384,19630108,    8,    0
     1, 41384,19630109,    0,    0
     1, 41384,19630110,    7,    0
     1, 41384,19630111,    5,    0
     1, 41384,19630112,    5,    0
     1, 41384,19630113,    7,    0
     1, 41384,19630114,    8,    0
     1, 41384,19630115,    3,    0
     1, 41384,19630116,    0,    0
     1, 41384,19630117,    6,    0
     1, 41384,19630118,    4,    0
     1, 41384,19630119,    8,    0
     1, 41384,19630120,    0,    0
     1, 41384,19630121,    0,    0
     1, 41384,19630122,    2,    0
     1, 41384,19630123,    5,    0
     1, 41384,19630124,    4,    0
     1, 41384,19630125,    3,    0
     1, 41384,19630126,    8,    0
     1, 41384,19630127,    3,    0
     1, 41384,19630128,    8,    0
     1, 41384,19630129,    8,    0
     1, 41384,19630130,    7,    0
     1, 41384,19630131,    8,    0
     1, 41384,19630201,    3,    0
     1, 41384,19630202,    8,    0
     1, 41384,19630203,    8,    0
     1, 41384,19630204,    8,    0
     1, 41384,19630205,    7,    0
     1, 41384,19630206,    8,    0
     1, 41384,19630207,    8,    0
     1, 41384,19630208,    8,    0
     1, 41384,19630209,    8,    0
     1, 41384,19630210,    8,    0
     1, 41384,19630211,    8,    0
     1, 41384,19630212,    8,    0
     1, 41384,19630213,    8,    0
     1, 41384,19630214,    8,    0
     1, 41384,19630215,    8,    0
     1, 41384,19630216,    8,    0
     1, 41384,19630217,    8,    0
     1, 41384,19630218,    3,    0
     1, 41384,19630219,    7,    0
     1, 41384,19630220,    3,    0
     1, 41384,19630221,    0,    0
     1, 41384,19630222,    3,    0
     1, 41384,19630223,    8,    0
     1, 41384,19630224,    8,    0
     1, 41384,19630225,    8,    0
     1, 41384,19630226,    8,    0
     1, 41384,19630227,    8,    0
     1, 41384,19630228,    8,    0
     1, 41384,19630301,    3,    0
     1, 41384,19630302,    3,    0
     1, 41384,19630303,    5,    0
     1, 41384,19630304,    1,    0
     1, 41384,19630305,    6,    0
     1, 41384,19630306,    8,    0
     1, 41384,19630307,    8,    0
     1, 41384,19630308,    7,    0
     1, 41384,19630309,    8,    0
     1, 41384,19630310,    8,    0
     1, 41384,19630311,    8,    0
     1, 41384,19630312,    8,    0
     1, 41384,19630313,    5,    0
     1, 41384,19630314,    0,    0
     1, 41384,19630315,    5,    0
     1, 41384,19630316,    0,    0
     1, 41384,19630317,    5,    0
     1, 41384,19630318,    3,    0
     1, 41384,19630319,    6,    0
     1, 41384,19630320,    6,    0
     1, 41384,19630321,    5,    0
     1, 41384,19630322,    3,    0
     1, 41384,19630323,    3,    0
     1, 41384,19630324,    8,    0
     1, 41384,19630325,    8,    0
     1, 41384,19630326,    8,    0
     1, 41384,19630327,    8,    0
     1, 41384,19630328,    8,    0
     1, 41384,19630329,    7,    0
     1, 41384,19630330,    8,    0
     1, 41384,19630331,    6,    0
     1, 41384,19630401,    3,    0
     1, 41384,19630402,    8,    0
     1, 41384,19630403,    8,    0
     1, 41384,19630404,    8,    0
     1, 41384,19630405,    6,    0
     1, 41384,19630406,    1,    0
     1, 41384,19630407,    1,    0
     1, 41384,19630408,    2,    0
     1, 41384,19630409,    1,    0
     1, 41384,19630410,    4,    0
     1, 41384,19630411,    8,    0
     1, 41384,19630412,    8,    0
     1, 41384,19630413,    1,    0
     1, 41384,19630414,    1,    0
     1, 41384,19630415,    8,    0
     1, 41384,19630416,    5,    0
     1, 41384,19630417,    8,    0
     1, 41384,19630418,    8,    0
     1, 41384,19630419,    8,    0
     1, 41384,19630420,    7,    0
     1, 41384,19630421,    8,    0
     1, 41384,19630422,    8,    0
     1, 41384,19630423,    8,    0
     1, 41384,19630424,    7,    0
     1, 41384,19630425,    0,    0
     1, 41384,19630426,    6,    0
     1, 41384,19630427,    7,    0
     1, 41384,19630428,    8,    0
     1, 41384,19630429,    8,    0
     1, 41384,19630430,    6,    0
     1, 41384,19630501,    8,    0
     1, 41384,19630502,    7,    0
     1, 41384,19630503,    3,    0
     1, 41384,19630504,    4,    0
     1, 41384,19630505,    7,    0
     1, 41384,19630506,    6,    0
     1, 41384,19630507,    3,    0
     1, 41384,19630508,    0,    0
     1, 41384,19630509,    2,    0
     1, 41384,19630510,    6,    0
     1, 41384,19630511,    7,    0
     1, 41384,19630512,    6,    0
     1, 41384,19630513,    3,    0
     1, 41384,19630514,    6,    0
     1, 41384,19630515,    7,    0
     1, 41384,19630516,    5,    0
     1, 41384,19630517,    5,    0
     1, 41384,19630518,    7,    0
     1, 41384,19630519,    5,    0
     1, 41384,19630520,    4,    0
     1, 41384,19630521,    1,    0
     1, 41384,19630522,    2,    0
     1, 41384,19630523,    2,    0
     1, 41384,19630524,    6,    0
     1, 41384,19630525,    1,    0
     1, 41384,19630526,    3,    0
     1, 41384,19630527,    3,    0
     1, 41384,19630528,    1,    0
     1, 41384,19630529,    1,    0
     1, 41384,19630530,    2,    0
     1, 41384,19630531,    4,    0
     1, 41384,19630601,    4,    0
     1, 41384,19630602,    3,    0
     1, 41384,19630603,    7,    0
     1, 41384,19630604,    8,    0
     1, 41384,19630605,    3,    0
     1, 41384,19630606,    1,    0
     1, 41384,19630607,    1,    0
     1, 41384,19630608,    2,    0
     1, 41384,19630609,    3,    0
     1, 41384,19630610,    5,    0
     1, 41384,19630611,    2,    0
     1, 41384,19630612,    5,    0
     1, 41384,19630613,    2,    0
     1, 41384,19630614,    3,    0
     1, 41384,19630615,    7,    0
     1, 41384,19630616,    3,    0
     1, 41384,19630617,    7,    0
     1, 41384,19630618,    7,    0
     1, 41384,19630619,    6,    0
     1, 41384,19630620,    7,    0
     1, 41384,19630621,    2,    0
     1, 41384,19630622,    7,    0
     1, 41384,19630623,    5,    0
     1, 41384,19630624,    6,    0
     1, 41384,19630625,    4,    0
     1, 41384,19630626,    8,    0
     1, 41384,19630627,    7,    0
     1, 41384,19630628,    7,    0
     1, 41384,19630629,    8,    0
     1, 41384,19630630,    2,    0
     1, 41384,19630701,    3,    0
     1, 41384,19630702,    1,    0
     1, 41384,19630703,    2,    0
     1, 41384,19630704,    2,    0
     1, 41384,19630705,    1,    0
     1, 41384,19630706,    5,    0
     1, 41384,19630707,    8,    0
     1, 41384,19630708,    8,    0
     1, 41384,19630709,    8,    0
     1, 41384,19630710,    7,    0
     1, 41384,19630711,    7,    0
     1, 41384,19630712,    4,    0
     1, 41384,19630713,    8,    0
     1, 41384,19630714,    7,    0
     1, 41384,19630715,    5,    0
     1, 41384,19630716,    8,    0
     1, 41384,19630717,    6,    0
     1, 41384,19630718,    7,    0
     1, 41384,19630719,    5,    0
     1, 41384,19630720,    5,    0
     1, 41384,19630721,    1,    0
     1, 41384,19630722,    1,    0
     1, 41384,19630723,    0,    0
     1, 41384,19630724,    7,    0
     1, 41384,19630725,    7,    0
     1, 41384,19630726,    4,    0
     1, 41384,19630727,    5,    0
     1, 41384,19630728,    2,    0
     1, 41384,19630729,    5,    0
     1, 41384,19630730,    5,    0
     1, 41384,19630731,    7,    0
     1, 41384,19630801,    5,    0
     1, 41384,19630802,    5,    0
     1, 41384,19630803,    0,    0
     1, 41384,19630804,    3,    0
     1, 41384,19630805,    7,    0
     1, 41384,19630806,    4,    0
     1, 41384,19630807,    3,    0
     1, 41384,19630808,    8,    0
     1, 41384,19630809,    5,    0
     1, 41384,19630810,    6,    0
     1, 41384,19630811,    8,    0
     1, 41384,19630812,    6,    0
     1, 41384,19630813,    6,    0
     1, 41384,19630814,    6,    0
     1, 41384,19630815,    8,    0
     1, 41384,19630816,    7,    0
     1, 41384,19630817,    1,    0
     1, 41384,19630818,    6,    0
     1, 41384,19630819,    4,    0
     1, 41384,19630820,    7,    0
     1, 41384,19630821,    8,    0
     1, 41384,19630822,    7,    0
     1, 41384,19630823,    3,    0
     1, 41384,19630824,    8,    0
     1, 41384,19630825,    5,    0
     1, 41384,19630826,    6,    0
     1, 41384,19630827,    5,    0
     1, 41384,19630828,    6,    0
     1, 41384,19630829,    8,    0
     1, 41384,19630830,    6,    0
     1, 41384,19630831,    7,    0
     1, 41384,19630901,    8,    0
     1, 41384,19630902,    8,    0
     1, 41384,19630903,    5,    0
     1, 41384,19630904,    8,    0
     1, 41384,19630905,    8,    0
     1, 41384,19630906,    6,    0
     1, 41384,19630907,    5,    0
     1, 41384,19630908,    2,    0
     1, 41384,19630909,    6,    0
     1, 41384,19630910,    4,    0
     1, 41384,19630911,    6,    0
     1, 41384,19630912,    5,    0
     1, 41384,19630913,    7,    0
     1, 41384,19630914,    8,    0
     1, 41384,19630915,    5,    0
     1, 41384,19630916,    2,    0
     1, 41384,19630917,    3,    0
     1, 41384,19630918,    8,    0
     1, 41384,19630919,    0,    0
     1, 41384,19630920,    0,    0
     1, 41384,19630921,    1,    0
     1, 41384,19630922,    7,    0
     1, 41384,19630923,    7,    0
     1, 41384,19630924,    7,    0
     1, 41384,19630925,    8,    0
     1, 41384,19630926,    5,    0
     1, 41384,19630927,    7,    0
     1, 41384,19630928,    2,    0
     1, 41384,19630929,    5,    0
     1, 41384,19630930,    2,    0
     1, 41384,19631001,    5,    0
     1, 41384,19631002,    8,    0
     1, 41384,19631003,    6,    0
     1, 41384,19631004,    8,    0
     1, 41384,19631005,    7,    0
     1, 41384,19631006,    8,    0
     1, 41384,19631007,    5,    0
     1, 41384,19631008,    4,    0
     1, 41384,19631009,    4,    0
     1, 41384,19631010,    5,    0
     1, 41384,19631011,    6,    0
     1, 41384,19631012,    0,    0
     1, 41384,19631013,    8,    0
     1, 41384,19631014,    7,    0
     1, 41384,19631015,    1,    0
     1, 41384,19631016,    8,    0
     1, 41384,19631017,    8,    0
     1, 41384,19631018,    5,    0
     1, 41384,19631019,    7,    0
     1, 41384,19631020,    8,    0
     1, 41384,19631021,    6,    0
     1, 41384,19631022,    8,    0
     1, 41384,19631023,    7,    0
     1, 41384,19631024,    7,    0
     1, 41384,19631025,    3,    0
     1, 41384,19631026,    8,    0
     1, 41384,19631027,    8,    0
     1, 41384,19631028,    8,    0
     1, 41384,19631029,    7,    0
     1, 41384,19631030,    8,    0
     1, 41384,19631031,    5,    0
     1, 41384,19631101,    8,    0
     1, 41384,19631102,    8,    0
     1, 41384,19631103,    8,    0
     1, 41384,19631104,    8,    0
     1, 41384,19631105,    8,    0
     1, 41384,19631106,    8,    0
     1, 41384,19631107,    8,    0
     1, 41384,19631108,    8,    0
     1, 41384,19631109,    7,    0
     1, 41384,19631110,    3,    0
     1, 41384,19631111,    8,    0
     1, 41384,19631112,    8,    0
     1, 41384,19631113,    8,    0
     1, 41384,19631114,    5,    0
     1, 41384,19631115,    7,    0
     1, 41384,19631116,    7,    0
     1, 41384,19631117,    4,    0
     1, 41384,19631118,    8,    0
     1, 41384,19631119,    7,    0
     1, 41384,19631120,    8,    0
     1, 41384,19631121,    2,    0
     1, 41384,19631122,    7,    0
     1, 41384,19631123,    8,    0
     1, 41384,19631124,    8,    0
     1, 41384,19631125,    8,    0
     1, 41384,19631126,    8,    0
     1, 41384,19631127,    8,    0
     1, 41384,19631128,    8,    0
     1, 41384,19631129,    8,    0
     1, 41384,19631130,    8,    0
     1, 41384,19631201,    7,    0
     1, 41384,19631202,    8,    0
     1, 41384,19631203,    8,    0
     1, 41384,19631204,    8,    0
     1, 41384,19631205,    6,    0
     1, 41384,19631206,    8,    0
     1, 41384,19631207,    1,    0
     1, 41384,19631208,    1,    0
     1, 41384,19631209,    8,    0
     1, 41384,19631210,    8,    0
     1, 41384,19631211,    8,    0
     1, 41384,19631212,    8,    0
     1, 41384,19631213,    5,    0
     1, 41384,19631214,    1,    0
     1, 41384,19631215,    0,    0
     1, 41384,19631216,    5,    0
     1, 41384,19631217,    0,    0
     1, 41384,19631218,    8,    0
     1, 41384,19631219,    5,    0
     1, 41384,19631220,    8,    0
     1, 41384,19631221,    5,    0
     1, 41384,19631222,    6,    0
     1, 41384,19631223,    8,    0
     1, 41384,19631224,    5,    0
     1, 41384,19631225,    7,    0
     1, 41384,19631226,    8,    0
     1, 41384,19631227,    5,    0
     1, 41384,19631228,    8,    0
     1, 41384,19631229,    8,    0
     1, 41384,19631230,    8,    0
     1, 41384,19631231,    8,    0
     1, 41384,19640101,    8,    0
     1, 41384,19640102,    8,    0
     1, 41384,19640103,    8,    0
     1, 41384,19640104,    6,    0
     1, 41384,19640105,    8,    0
     1, 41384,19640106,    8,    0
     1, 41384,19640107,    8,    0
     1, 41384,19640108,    7,    0
     1, 41384,19640109,    8,    0
     1, 41384,19640110,    8,    0
     1, 41384,19640111,    8,    0
     1, 41384,19640112,    8,    0
     1, 41384,19640113,    5,    0
     1, 41384,19640114,    2,    0
     1, 41384,19640115,    4,    0
     1, 41384,19640116,    8,    0
     1, 41384,19640117,    6,    0
     1, 41384,19640118,    8,    0
     1, 41384,19640119,    8,    0
     1, 41384,19640120,    8,    0
     1, 41384,19640121,    7,    0
     1, 41384,19640122,    2,    0
     1, 41384,19640123,    7,    0
     1, 41384,19640124,    3,    0
     1, 41384,19640125,    0,    0
     1, 41384,19640126,    5,    0
     1, 41384,19640127,    0,    0
     1, 41384,19640128,    7,    0
     1, 41384,19640129,    8,    0
     1, 41384,19640130,    8,    0
     1, 41384,19640131,    8,    0
     1, 41384,19640201,    8,    0
     1, 41384,19640202,    0,    0
     1, 41384,19640203,    8,    0
     1, 41384,19640204,    6,    0
     1, 41384,19640205,    4,    0
     1, 41384,19640206,    3,    0
     1, 41384,19640207,    6,    0
     1, 41384,19640208,    0,    0
     1, 41384,19640209,    3,    0
     1, 41384,19640210,    7,    0
     1, 41384,19640211,    6,    0
     1, 41384,19640212,    3,    0
     1, 41384,19640213,    5,    0
     1, 41384,19640214,    3,    0
     1, 41384,19640215,    8,    0
     1, 41384,19640216,    8,    0
     1, 41384,19640217,    8,    0
     1, 41384,19640218,    6,    0
     1, 41384,19640219,    4,    0
     1, 41384,19640220,    7,    0
     1, 41384,19640221,    8,    0
     1, 41384,19640222,    7,    0
     1, 41384,19640223,    5,    0
     1, 41384,19640224,    8,    0
     1, 41384,19640225,    6,    0
     1, 41384,19640226,    2,    0
     1, 41384,19640227,    8,    0
     1, 41384,19640228,    8,    0
     1, 41384,19640229,    8,    0
     1, 41384,19640301,    8,    0
     1, 41384,19640302,    8,    0
     1, 41384,19640303,    8,    0
     1, 41384,19640304,    5,    0
     1, 41384,19640305,    8,    0
     1, 41384,19640306,    1,    0
     1, 41384,19640307,    3,    0
     1, 41384,19640308,    5,    0
     1, 41384,19640309,    7,    0
     1, 41384,19640310,    0,    0
     1, 41384,19640311,    4,    0
     1, 41384,19640312,    2,    0
     1, 41384,19640313,    2,    0
     1, 41384,19640314,    6,    0
     1, 41384,19640315,    0,    0
     1, 41384,19640316,    0,    0
     1, 41384,19640317,    7,    0
     1, 41384,19640318,    4,    0
     1, 41384,19640319,    7,    0
     1, 41384,19640320,    7,    0
     1, 41384,19640321,    8,    0
     1, 41384,19640322,    8,    0
     1, 41384,19640323,    4,    0
     1, 41384,19640324,    3,    0
     1, 41384,19640325,    3,    0
     1, 41384,19640326,    3,    0
     1, 41384,19640327,    1,    0
     1, 41384,19640328,    8,    0
     1, 41384,19640329,    8,    0
     1, 41384,19640330,    3,    0
     1, 41384,19640331,    4,    0
     1, 41384,19640401,    3,    0
     1, 41384,19640402,    0,    0
     1, 41384,19640403,    5,    0
     1, 41384,19640404,    5,    0
     1, 41384,19640405,    3,    0
     1, 41384,19640406,    1,    0
     1, 41384,19640407,    5,    0
     1, 41384,19640408,    3,    0
     1, 41384,19640409,    8,    0
     1, 41384,19640410,    8,    0
     1, 41384,19640411,    8,    0
     1, 41384,19640412,    5,    0
     1, 41384,19640413,    8,    0
     1, 41384,19640414,    6,    0
     1, 41384,19640415,    6,    0
     1, 41384,19640416,    7,    0
     1, 41384,19640417,    3,    0
     1, 41384,19640418,    0,    0
     1, 41384,19640419,    4,    0
     1, 41384,19640420,    3,    0
     1, 41384,19640421,    5,    0
     1, 41384,19640422,    7,    0
     1, 41384,19640423,    8,    0
     1, 41384,19640424,    8,    0
     1, 41384,19640425,    5,    0
     1, 41384,19640426,    4,    0
     1, 41384,19640427,    6,    0
     1, 41384,19640428,    6,    0
     1, 41384,19640429,    8,    0
     1, 41384,19640430,    6,    0
     1, 41384,19640501,    7,    0
     1, 41384,19640502,    3,    0
     1, 41384,19640503,    5,    0
     1, 41384,19640504,    7,    0
     1, 41384,19640505,    7,    0
     1, 41384,19640506,    4,    0
     1, 41384,19640507,    7,    0
     1, 41384,19640508,    6,    0
     1, 41384,19640509,    3,    0
     1, 41384,19640510,    5,    0
     1, 41384,19640511,    6,    0
     1, 41384,19640512,    8,    0
     1, 41384,19640513,    5,    0
     1, 41384,19640514,    2,    0
     1, 41384,19640515,    2,    0
     1, 41384,19640516,    2,    0
     1, 41384,19640517,    5,    0
     1, 41384,19640518,    1,    0
     1, 41384,19640519,    3,    0
     1, 41384,19640520,    2,    0
     1, 41384,19640521,    0,    0
     1, 41384,19640522,    1,    0
     1, 41384,19640523,    0,    0
     1, 41384,19640524,    3,    0
     1, 41384,19640525,    2,    0
     1, 41384,19640526,    3,    0
     1, 41384,19640527,    4,    0
     1, 41384,19640528,    4,    0
     1, 41384,19640529,    3,    0
     1, 41384,19640530,    1,    0
     1, 41384,19640531,    1,    0
     1, 41384,19640601,    5,    0
     1, 41384,19640602,    6,    0
     1, 41384,19640603,    5,    0
     1, 41384,19640604,    8,    0
     1, 41384,19640605,    7,    0
     1, 41384,19640606,    4,    0
     1, 41384,19640607,    4,    0
     1, 41384,19640608,    6,    0
     1, 41384,19640609,    8,    0
     1, 41384,19640610,    3,    0
     1, 41384,19640611,    5,    0
     1, 41384,19640612,    1,    0
     1, 41384,19640613,    3,    0
     1, 41384,19640614,    1,    0
     1, 41384,19640615,    8,    0
     1, 41384,19640616,    6,    0
     1, 41384,19640617,    5,    0
     1, 41384,19640618,    1,    0
     1, 41384,19640619,    7,    0
     1, 41384,19640620,    2,    0
     1, 41384,19640621,    8,    0
     1, 41384,19640622,    7,    0
     1, 41384,19640623,    8,    0
     1, 41384,19640624,    8,    0
     1, 41384,19640625,    6,    0
     1, 41384,19640626,    3,    0
     1, 41384,19640627,    1,    0
     1, 41384,19640628,    7,    0
     1, 41384,19640629,    5,    0
     1, 41384,19640630,    5,    0
     1, 41384,19640701,    4,    0
     1, 41384,19640702,    5,    0
     1, 41384,19640703,    5,    0
     1, 41384,19640704,    4,    0
     1, 41384,19640705,    6,    0
     1, 41384,19640706,    4,    0
     1, 41384,19640707,    8,    0
     1, 41384,19640708,    8,    0
     1, 41384,19640709,    7,    0
     1, 41384,19640710,    4,    0
     1, 41384,19640711,    5,    0
     1, 41384,19640712,    8,    0
     1, 41384,19640713,    6,    0
     1, 41384,19640714,    0,    0
     1, 41384,19640715,    1,    0
     1, 41384,19640716,    7,    0
     1, 41384,19640717,    1,    0
     1, 41384,19640718,    0,    0
     1, 41384,19640719,    1,    0
     1, 41384,19640720,    8,    0
     1, 41384,19640721,    8,    0
     1, 41384,19640722,    8,    0
     1, 41384,19640723,    7,    0
     1, 41384,19640724,    7,    0
     1, 41384,19640725,    8,    0
     1, 41384,19640726,    6,    0
     1, 41384,19640727,    7,    0
     1, 41384,19640728,    6,    0
     1, 41384,19640729,    5,    0
     1, 41384,19640730,    3,    0
     1, 41384,19640731,    8,    0
     1, 41384,19640801,    4,    0
     1, 41384,19640802,    5,    0
     1, 41384,19640803,    3,    0
     1, 41384,19640804,    6,    0
     1, 41384,19640805,    2,    0
     1, 41384,19640806,    2,    0
     1, 41384,19640807,    2,    0
     1, 41384,19640808,    0,    0
     1, 41384,19640809,    5,    0
     1, 41384,19640810,    7,    0
     1, 41384,19640811,    6,    0
     1, 41384,19640812,    5,    0
     1, 41384,19640813,    5,    0
     1, 41384,19640814,    6,    0
     1, 41384,19640815,    5,    0
     1, 41384,19640816,    5,    0
     1, 41384,19640817,    2,    0
     1, 41384,19640818,    6,    0
     1, 41384,19640819,    7,    0
     1, 41384,19640820,    7,    0
     1, 41384,19640821,    3,    0
     1, 41384,19640822,    5,    0
     1, 41384,19640823,    4,    0
     1, 41384,19640824,    8,    0
     1, 41384,19640825,    7,    0
     1, 41384,19640826,    4,    0
     1, 41384,19640827,    0,    0
     1, 41384,19640828,    3,    0
     1, 41384,19640829,    6,    0
     1, 41384,19640830,    5,    0
     1, 41384,19640831,    4,    0
     1, 41384,19640901,    1,    0
     1, 41384,19640902,    1,    0
     1, 41384,19640903,    0,    0
     1, 41384,19640904,    1,    0
     1, 41384,19640905,    3,    0
     1, 41384,19640906,    8,    0
     1, 41384,19640907,    7,    0
     1, 41384,19640908,    7,    0
     1, 41384,19640909,    2,    0
     1, 41384,19640910,    5,    0
     1, 41384,19640911,    5,    0
     1, 41384,19640912,    8,    0
     1, 41384,19640913,    2,    0
     1, 41384,19640914,    7,    0
     1, 41384,19640915,    6,    0
     1, 41384,19640916,    7,    0
     1, 41384,19640917,    5,    0
     1, 41384,19640918,    4,    0
     1, 41384,19640919,    4,    0
     1, 41384,19640920,    5,    0
     1, 41384,19640921,    3,    0
     1, 41384,19640922,    0,    0
     1, 41384,19640923,    7,    0
     1, 41384,19640924,    3,    0
     1, 41384,19640925,    0,    0
     1, 41384,19640926,    7,    0
     1, 41384,19640927,    8,    0
     1, 41384,19640928,    7,    0
     1, 41384,19640929,    8,    0
     1, 41384,19640930,    1,    0
     1, 41384,19641001,    5,    0
     1, 41384,19641002,    6,    0
     1, 41384,19641003,    2,    0
     1, 41384,19641004,    0,    0
     1, 41384,19641005,    0,    0
     1, 41384,19641006,    0,    0
     1, 41384,19641007,    8,    0
     1, 41384,19641008,    8,    0
     1, 41384,19641009,    8,    0
     1, 41384,19641010,    7,    0
     1, 41384,19641011,    7,    0
     1, 41384,19641012,    7,    0
     1, 41384,19641013,    8,    0
     1, 41384,19641014,    8,    0
     1, 41384,19641015,    7,    0
     1, 41384,19641016,    8,    0
     1, 41384,19641017,    8,    0
     1, 41384,19641018,    8,    0
     1, 41384,19641019,    7,    0
     1, 41384,19641020,    8,    0
     1, 41384,19641021,    8,    0
     1, 41384,19641022,    8,    0
     1, 41384,19641023,    8,    0
     1, 41384,19641024,    7,    0
     1, 41384,19641025,    3,    0
     1, 41384,19641026,    0,    0
     1, 41384,19641027,    0,    0
     1, 41384,19641028,    6,    0
     1, 41384,19641029,    5,    0
     1, 41384,19641030,    3,    0
     1, 41384,19641031,    6,    0
     1, 41384,19641101,    8,    0
     1, 41384,19641102,    8,    0
     1, 41384,19641103,    4,    0
     1, 41384,19641104,    7,    0
     1, 41384,19641105,    7,    0
     1, 41384,19641106,    8,    0
     1, 41384,19641107,    1,    0
     1, 41384,19641108,    6,    0
     1, 41384,19641109,    8,    0
     1, 41384,19641110,    3,    0
     1, 41384,19641111,    8,    0
     1, 41384,19641112,    8,    0
     1, 41384,19641113,    8,    0
     1, 41384,19641114,    8,    0
     1, 41384,19641115,    8,    0
     1, 41384,19641116,    6,    0
     1, 41384,19641117,    3,    0
     1, 41384,19641118,    3,    0
     1, 41384,19641119,    7,    0
     1, 41384,19641120,    8,    0
     1, 41384,19641121,    8,    0
     1, 41384,19641122,    8,    0
     1, 41384,19641123,    5,    0
     1, 41384,19641124,    5,    0
     1, 41384,19641125,    3,    0
     1, 41384,19641126,    1,    0
     1, 41384,19641127,    7,    0
     1, 41384,19641128,    7,    0
     1, 41384,19641129,    8,    0
     1, 41384,19641130,    8,    0
     1, 41384,19641201,    5,    0
     1, 41384,19641202,    8,    0
     1, 41384,19641203,    8,    0
     1, 41384,19641204,    8,    0
     1, 41384,19641205,    5,    0
     1, 41384,19641206,    3,    0
     1, 41384,19641207,    8,    0
     1, 41384,19641208,    6,    0
     1, 41384,19641209,    8,    0
     1, 41384,19641210,    8,    0
     1, 41384,19641211,    8,    0
     1, 41384,19641212,    8,    0
     1, 41384,19641213,    8,    0
     1, 41384,19641214,    4,    0
     1, 41384,19641215,    8,    0
     1, 41384,19641216,    8,    0
     1, 41384,19641217,    7,    0
     1, 41384,19641218,    8,    0
     1, 41384,19641219,    7,    0
     1, 41384,19641220,    8,    0
     1, 41384,19641221,    6,    0
     1, 41384,19641222,    8,    0
     1, 41384,19641223,    8,    0
     1, 41384,19641224,    8,    0
     1, 41384,19641225,    5,    0
     1, 41384,19641226,    0,    0
     1, 41384,19641227,    1,    0
     1, 41384,19641228,    7,    0
     1, 41384,19641229,    2,    0
     1, 41384,19641230,    7,    0
     1, 41384,19641231,    8,    0
     1, 41384,19650101,    8,    0
     1, 41384,19650102,    6,    0
     1, 41384,19650103,    1,    0
     1, 41384,19650104,    3,    0
     1, 41384,19650105,    0,    0
     1, 41384,19650106,    0,    0
     1, 41384,19650107,    5,    0
     1, 41384,19650108,    8,    0
     1, 41384,19650109,    8,    0
     1, 41384,19650110,    1,    0
     1, 41384,19650111,    7,    0
     1, 41384,19650112,    8,    0
     1, 41384,19650113,    8,    0
     1, 41384,19650114,    8,    0
     1, 41384,19650115,    8,    0
     1, 41384,19650116,    8,    0
     1, 41384,19650117,    7,    0
     1, 41384,19650118,    8,    0
     1, 41384,19650119,    8,    0
     1, 41384,19650120,    7,    0
     1, 41384,19650121,    8,    0
     1, 41384,19650122,    8,    0
     1, 41384,19650123,    7,    0
     1, 41384,19650124,    8,    0
     1, 41384,19650125,    7,    0
     1, 41384,19650126,    8,    0
     1, 41384,19650127,    8,    0
     1, 41384,19650128,    8,    0
     1, 41384,19650129,    8,    0
     1, 41384,19650130,    8,    0
     1, 41384,19650131,    8,    0
     1, 41384,19650201,    3,    0
     1, 41384,19650202,    2,    0
     1, 41384,19650203,    2,    0
     1, 41384,19650204,    8,    0
     1, 41384,19650205,    8,    0
     1, 41384,19650206,    7,    0
     1, 41384,19650207,    2,    0
     1, 41384,19650208,    3,    0
     1, 41384,19650209,    3,    0
     1, 41384,19650210,    3,    0
     1, 41384,19650211,    3,    0
     1, 41384,19650212,    8,    0
     1, 41384,19650213,    7,    0
     1, 41384,19650214,    6,    0
     1, 41384,19650215,    7,    0
     1, 41384,19650216,    8,    0
     1, 41384,19650217,    6,    0
     1, 41384,19650218,    7,    0
     1, 41384,19650219,    8,    0
     1, 41384,19650220,    5,    0
     1, 41384,19650221,    8,    0
     1, 41384,19650222,    3,    0
     1, 41384,19650223,    3,    0
     1, 41384,19650224,    6,    0
     1, 41384,19650225,    2,    0
     1, 41384,19650226,    7,    0
     1, 41384,19650227,    5,    0
     1, 41384,19650228,    1,    0
     1, 41384,19650301,    0,    0
     1, 41384,19650302,    0,    0
     1, 41384,19650303,    3,    0
     1, 41384,19650304,    8,    0
     1, 41384,19650305,    6,    0
     1, 41384,19650306,    3,    0
     1, 41384,19650307,    1,    0
     1, 41384,19650308,    8,    0
     1, 41384,19650309,    3,    0
     1, 41384,19650310,    4,    0
     1, 41384,19650311,    6,    0
     1, 41384,19650312,    3,    0
     1, 41384,19650313,    3,    0
     1, 41384,19650314,    0,    0
     1, 41384,19650315,    7,    0
     1, 41384,19650316,    7,    0
     1, 41384,19650317,    8,    0
     1, 41384,19650318,    8,    0
     1, 41384,19650319,    7,    0
     1, 41384,19650320,    3,    0
     1, 41384,19650321,    6,    0
     1, 41384,19650322,    0,    0
     1, 41384,19650323,    6,    0
     1, 41384,19650324,    8,    0
     1, 41384,19650325,    7,    0
     1, 41384,19650326,    8,    0
     1, 41384,19650327,    8,    0
     1, 41384,19650328,    8,    0
     1, 41384,19650329,    4,    0
     1, 41384,19650330,    4,    0
     1, 41384,19650331,    0,    0
     1, 41384,19650401,    0,    0
     1, 41384,19650402,    3,    0
     1, 41384,19650403,    5,    0
     1, 41384,19650404,    3,    0
     1, 41384,19650405,    0,    0
     1, 41384,19650406,    4,    0
     1, 41384,19650407,    8,    0
     1, 41384,19650408,    5,    0
     1, 41384,19650409,    8,    0
     1, 41384,19650410,    8,    0
     1, 41384,19650411,    8,    0
     1, 41384,19650412,    6,    0
     1, 41384,19650413,    8,    0
     1, 41384,19650414,    6,    0
     1, 41384,19650415,    5,    0
     1, 41384,19650416,    8,    0
     1, 41384,19650417,    7,    0
     1, 41384,19650418,    8,    0
     1, 41384,19650419,    7,    0
     1, 41384,19650420,    8,    0
     1, 41384,19650421,    4,    0
     1, 41384,19650422,    6,    0
     1, 41384,19650423,    7,    0
     1, 41384,19650424,    8,    0
     1, 41384,19650425,    8,    0
     1, 41384,19650426,    7,    0
     1, 41384,19650427,    8,    0
     1, 41384,19650428,    4,    0
     1, 41384,19650429,    1,    0
     1, 41384,19650430,    2,    0
     1, 41384,19650501,    0,    0
     1, 41384,19650502,    0,    0
     1, 41384,19650503,    0,    0
     1, 41384,19650504,    3,    0
     1, 41384,19650505,    8,    0
     1, 41384,19650506,    6,    0
     1, 41384,19650507,    7,    0
     1, 41384,19650508,    8,    0
     1, 41384,19650509,    8,    0
     1, 41384,19650510,    8,    0
     1, 41384,19650511,    5,    0
     1, 41384,19650512,    2,    0
     1, 41384,19650513,    6,    0
     1, 41384,19650514,    5,    0
     1, 41384,19650515,    7,    0
     1, 41384,19650516,    8,    0
     1, 41384,19650517,    8,    0
     1, 41384,19650518,    6,    0
     1, 41384,19650519,    3,    0
     1, 41384,19650520,    5,    0
     1, 41384,19650521,    6,    0
     1, 41384,19650522,    3,    0
     1, 41384,19650523,    0,    0
     1, 41384,19650524,    0,    0
     1, 41384,19650525,    1,    0
     1, 41384,19650526,    0,    0
     1, 41384,19650527,    4,    0
     1, 41384,19650528,    5,    0
     1, 41384,19650529,    4,    0
     1, 41384,19650530,    7,    0
     1, 41384,19650531,    5,    0
     1, 41384,19650601,    0,    0
     1, 41384,19650602,    5,    0
     1, 41384,19650603,    5,    0
     1, 41384,19650604,    6,    0
     1, 41384,19650605,    2,    0
     1, 41384,19650606,    0,    0
     1, 41384,19650607,    3,    0
     1, 41384,19650608,    1,    0
     1, 41384,19650609,    2,    0
     1, 41384,19650610,    5,    0
     1, 41384,19650611,    6,    0
     1, 41384,19650612,    8,    0
     1, 41384,19650613,    8,    0
     1, 41384,19650614,    3,    0
     1, 41384,19650615,    3,    0
     1, 41384,19650616,    7,    0
     1, 41384,19650617,    7,    0
     1, 41384,19650618,    8,    0
     1, 41384,19650619,    8,    0
     1, 41384,19650620,    6,    0
     1, 41384,19650621,    4,    0
     1, 41384,19650622,    7,    0
     1, 41384,19650623,    4,    0
     1, 41384,19650624,    6,    0
     1, 41384,19650625,    5,    0
     1, 41384,19650626,    4,    0
     1, 41384,19650627,    6,    0
     1, 41384,19650628,    8,    0
     1, 41384,19650629,    2,    0
     1, 41384,19650630,    7,    0
     1, 41384,19650701,    4,    0
     1, 41384,19650702,    7,    0
     1, 41384,19650703,    4,    0
     1, 41384,19650704,    5,    0
     1, 41384,19650705,    5,    0
     1, 41384,19650706,    7,    0
     1, 41384,19650707,    7,    0
     1, 41384,19650708,    6,    0
     1, 41384,19650709,    8,    0
     1, 41384,19650710,    6,    0
     1, 41384,19650711,    7,    0
     1, 41384,19650712,    8,    0
     1, 41384,19650713,    7,    0
     1, 41384,19650714,    8,    0
     1, 41384,19650715,    6,    0
     1, 41384,19650716,    4,    0
     1, 41384,19650717,    0,    0
     1, 41384,19650718,    0,    0
     1, 41384,19650719,    0,    0
     1, 41384,19650720,    0,    0
     1, 41384,19650721,    1,    0
     1, 41384,19650722,    7,    0
     1, 41384,19650723,    5,    0
     1, 41384,19650724,    7,    0
     1, 41384,19650725,    6,    0
     1, 41384,19650726,    6,    0
     1, 41384,19650727,    7,    0
     1, 41384,19650728,    4,    0
     1, 41384,19650729,    8,    0
     1, 41384,19650730,    8,    0
     1, 41384,19650731,    6,    0
     1, 41384,19650801,    3,    0
     1, 41384,19650802,    6,    0
     1, 41384,19650803,    6,    0
     1, 41384,19650804,    4,    0
     1, 41384,19650805,    7,    0
     1, 41384,19650806,    4,    0
     1, 41384,19650807,    5,    0
     1, 41384,19650808,    4,    0
     1, 41384,19650809,    6,    0
     1, 41384,19650810,    3,    0
     1, 41384,19650811,    6,    0
     1, 41384,19650812,    1,    0
     1, 41384,19650813,    1,    0
     1, 41384,19650814,    8,    0
     1, 41384,19650815,    8,    0
     1, 41384,19650816,    3,    0
     1, 41384,19650817,    1,    0
     1, 41384,19650818,    2,    0
     1, 41384,19650819,    7,    0
     1, 41384,19650820,    8,    0
     1, 41384,19650821,    6,    0
     1, 41384,19650822,    7,    0
     1, 41384,19650823,    5,    0
     1, 41384,19650824,    7,    0
     1, 41384,19650825,    7,    0
     1, 41384,19650826,    4,    0
     1, 41384,19650827,    7,    0
     1, 41384,19650828,    2,    0
     1, 41384,19650829,    7,    0
     1, 41384,19650830,    4,    0
     1, 41384,19650831,    5,    0
     1, 41384,19650901,    7,    0
     1, 41384,19650902,    4,    0
     1, 41384,19650903,    5,    0
     1, 41384,19650904,    5,    0
     1, 41384,19650905,    8,    0
     1, 41384,19650906,    8,    0
     1, 41384,19650907,    8,    0
     1, 41384,19650908,    7,    0
     1, 41384,19650909,    6,    0
     1, 41384,19650910,    8,    0
     1, 41384,19650911,    4,    0
     1, 41384,19650912,    7,    0
     1, 41384,19650913,    5,    0
     1, 41384,19650914,    1,    0
     1, 41384,19650915,    0,    0
     1, 41384,19650916,    6,    0
     1, 41384,19650917,    4,    0
     1, 41384,19650918,    8,    0
     1, 41384,19650919,    8,    0
     1, 41384,19650920,    2,    0
     1, 41384,19650921,    7,    0
     1, 41384,19650922,    8,    0
     1, 41384,19650923,    6,    0
     1, 41384,19650924,    8,    0
     1, 41384,19650925,    7,    0
     1, 41384,19650926,    3,    0
     1, 41384,19650927,    4,    0
     1, 41384,19650928,    6,    0
     1, 41384,19650929,    6,    0
     1, 41384,19650930,    4,    0
     1, 41384,19651001,    0,    0
     1, 41384,19651002,    5,    0
     1, 41384,19651003,    7,    0
     1, 41384,19651004,    5,    0
     1, 41384,19651005,    8,    0
     1, 41384,19651006,    7,    0
     1, 41384,19651007,    8,    0
     1, 41384,19651008,    1,    0
     1, 41384,19651009,    1,    0
     1, 41384,19651010,    2,    0
     1, 41384,19651011,    1,    0
     1, 41384,19651012,    2,    0
     1, 41384,19651013,    8,    0
     1, 41384,19651014,    8,    0
     1, 41384,19651015,    8,    0
     1, 41384,19651016,    3,    0
     1, 41384,19651017,    3,    0
     1, 41384,19651018,    3,    0
     1, 41384,19651019,    3,    0
     1, 41384,19651020,    2,    0
     1, 41384,19651021,    8,    0
     1, 41384,19651022,    3,    0
     1, 41384,19651023,    2,    0
     1, 41384,19651024,    1,    0
     1, 41384,19651025,    0,    0
     1, 41384,19651026,    8,    0
     1, 41384,19651027,    8,    0
     1, 41384,19651028,    8,    0
     1, 41384,19651029,    4,    0
     1, 41384,19651030,    7,    0
     1, 41384,19651031,    6,    0
     1, 41384,19651101,    7,    0
     1, 41384,19651102,    7,    0
     1, 41384,19651103,    6,    0
     1, 41384,19651104,    8,    0
     1, 41384,19651105,    3,    0
     1, 41384,19651106,    4,    0
     1, 41384,19651107,    3,    0
     1, 41384,19651108,    5,    0
     1, 41384,19651109,    8,    0
     1, 41384,19651110,    5,    0
     1, 41384,19651111,    3,    0
     1, 41384,19651112,    4,    0
     1, 41384,19651113,    4,    0
     1, 41384,19651114,    3,    0
     1, 41384,19651115,    5,    0
     1, 41384,19651116,    3,    0
     1, 41384,19651117,    3,    0
     1, 41384,19651118,    3,    0
     1, 41384,19651119,    8,    0
     1, 41384,19651120,    6,    0
     1, 41384,19651121,    5,    0
     1, 41384,19651122,    5,    0
     1, 41384,19651123,    1,    0
     1, 41384,19651124,    8,    0
     1, 41384,19651125,    8,    0
     1, 41384,19651126,    8,    0
     1, 41384,19651127,    6,    0
     1, 41384,19651128,    8,    0
     1, 41384,19651129,    8,    0
     1, 41384,19651130,    8,    0
     1, 41384,19651201,    7,    0
     1, 41384,19651202,    8,    0
     1, 41384,19651203,    8,    0
     1, 41384,19651204,    8,    0
     1, 41384,19651205,    8,    0
     1, 41384,19651206,    8,    0
     1, 41384,19651207,    1,    0
     1, 41384,19651208,    8,    0
     1, 41384,19651209,    8,    0
     1, 41384,19651210,    8,    0
     1, 41384,19651211,    8,    0
     1, 41384,19651212,    8,    0
     1, 41384,19651213,    0,    0
     1, 41384,19651214,    4,    0
     1, 41384,19651215,    7,    0
     1, 41384,19651216,    0,    0
     1, 41384,19651217,    5,    0
     1, 41384,19651218,    8,    0
     1, 41384,19651219,    8,    0
     1, 41384,19651220,    7,    0
     1, 41384,19651221,    8,    0
     1, 41384,19651222,    8,    0
     1, 41384,19651223,    8,    0
     1, 41384,19651224,    8,    0
     1, 41384,19651225,    8,    0
     1, 41384,19651226,    7,    0
     1, 41384,19651227,    8,    0
     1, 41384,19651228,    5,    0
     1, 41384,19651229,    0,    0
     1, 41384,19651230,    8,    0
     1, 41384,19651231,    6,    0
     1, 41384,19660101,    5,    0
     1, 41384,19660102,    8,    0
     1, 41384,19660103,    8,    0
     1, 41384,19660104,    0,    0
     1, 41384,19660105,    0,    0
     1, 41384,19660106,    8,    0
     1, 41384,19660107,    8,    0
     1, 41384,19660108,    8,    0
     1, 41384,19660109,    8,    0
     1, 41384,19660110,    8,    0
     1, 41384,19660111,    8,    0
     1, 41384,19660112,    7,    0
     1, 41384,19660113,    8,    0
     1, 41384,19660114,    7,    0
     1, 41384,19660115,    8,    0
     1, 41384,19660116,    8,    0
     1, 41384,19660117,    8,    0
     1, 41384,19660118,    8,    0
     1, 41384,19660119,    3,    0
     1, 41384,19660120,    8,    0
     1, 41384,19660121,    8,    0
     1, 41384,19660122,    8,    0
     1, 41384,19660123,    8,    0
     1, 41384,19660124,    3,    0
     1, 41384,19660125,    8,    0
     1, 41384,19660126,    8,    0
     1, 41384,19660127,    8,    0
     1, 41384,19660128,    8,    0
     1, 41384,19660129,    8,    0
     1, 41384,19660130,    8,    0
     1, 41384,19660131,    8,    0
     1, 41384,19660201,    8,    0
     1, 41384,19660202,    3,    0
     1, 41384,19660203,    8,    0
     1, 41384,19660204,    8,    0
     1, 41384,19660205,    8,    0
     1, 41384,19660206,    8,    0
     1, 41384,19660207,    3,    0
     1, 41384,19660208,    1,    0
     1, 41384,19660209,    0,    0
     1, 41384,19660210,    0,    0
     1, 41384,19660211,    0,    0
     1, 41384,19660212,    4,    0
     1, 41384,19660213,    8,    0
     1, 41384,19660214,    8,    0
     1, 41384,19660215,    8,    0
     1, 41384,19660216,    7,    0
     1, 41384,19660217,    0,    0
     1, 41384,19660218,    8,    0
     1, 41384,19660219,    8,    0
     1, 41384,19660220,    8,    0
     1, 41384,19660221,    8,    0
     1, 41384,19660222,    8,    0
     1, 41384,19660223,    8,    0
     1, 41384,19660224,    8,    0
     1, 41384,19660225,    8,    0
     1, 41384,19660226,    8,    0
     1, 41384,19660227,    8,    0
     1, 41384,19660228,    8,    0
     1, 41384,19660301,    8,    0
     1, 41384,19660302,    8,    0
     1, 41384,19660303,    8,    0
     1, 41384,19660304,    8,    0
     1, 41384,19660305,    8,    0
     1, 41384,19660306,    8,    0
     1, 41384,19660307,    8,    0
     1, 41384,19660308,    8,    0
     1, 41384,19660309,    8,    0
     1, 41384,19660310,    8,    0
     1, 41384,19660311,    8,    0
     1, 41384,19660312,    7,    0
     1, 41384,19660313,    8,    0
     1, 41384,19660314,    3,    0
     1, 41384,19660315,    2,    0
     1, 41384,19660316,    3,    0
     1, 41384,19660317,    5,    0
     1, 41384,19660318,    7,    0
     1, 41384,19660319,    1,    0
     1, 41384,19660320,    8,    0
     1, 41384,19660321,    6,    0
     1, 41384,19660322,    2,    0
     1, 41384,19660323,    8,    0
     1, 41384,19660324,    7,    0
     1, 41384,19660325,    7,    0
     1, 41384,19660326,    6,    0
     1, 41384,19660327,    8,    0
     1, 41384,19660328,    8,    0
     1, 41384,19660329,    7,    0
     1, 41384,19660330,    6,    0
     1, 41384,19660331,    8,    0
     1, 41384,19660401,    7,    0
     1, 41384,19660402,    8,    0
     1, 41384,19660403,    6,    0
     1, 41384,19660404,    8,    0
     1, 41384,19660405,    5,    0
     1, 41384,19660406,    1,    0
     1, 41384,19660407,    5,    0
     1, 41384,19660408,    1,    0
     1, 41384,19660409,    8,    0
     1, 41384,19660410,    8,    0
     1, 41384,19660411,    8,    0
     1, 41384,19660412,    7,    0
     1, 41384,19660413,    7,    0
     1, 41384,19660414,    8,    0
     1, 41384,19660415,    5,    0
     1, 41384,19660416,    5,    0
     1, 41384,19660417,    8,    0
     1, 41384,19660418,    3,    0
     1, 41384,19660419,    8,    0
     1, 41384,19660420,    8,    0
     1, 41384,19660421,    8,    0
     1, 41384,19660422,    2,    0
     1, 41384,19660423,    7,    0
     1, 41384,19660424,    8,    0
     1, 41384,19660425,    7,    0
     1, 41384,19660426,    4,    0
     1, 41384,19660427,    1,    0
     1, 41384,19660428,    6,    0
     1, 41384,19660429,    0,    0
     1, 41384,19660430,    4,    0
     1, 41384,19660501,    4,    0
     1, 41384,19660502,    0,    0
     1, 41384,19660503,    1,    0
     1, 41384,19660504,    8,    0
     1, 41384,19660505,    8,    0
     1, 41384,19660506,    8,    0
     1, 41384,19660507,    7,    0
     1, 41384,19660508,    3,    0
     1, 41384,19660509,    7,    0
     1, 41384,19660510,    8,    0
     1, 41384,19660511,    8,    0
     1, 41384,19660512,    5,    0
     1, 41384,19660513,    4,    0
     1, 41384,19660514,    5,    0
     1, 41384,19660515,    3,    0
     1, 41384,19660516,    0,    0
     1, 41384,19660517,    2,    0
     1, 41384,19660518,    0,    0
     1, 41384,19660519,    0,    0
     1, 41384,19660520,    7,    0
     1, 41384,19660521,    5,    0
     1, 41384,19660522,    7,    0
     1, 41384,19660523,    6,    0
     1, 41384,19660524,    7,    0
     1, 41384,19660525,    4,    0
     1, 41384,19660526,    8,    0
     1, 41384,19660527,    8,    0
     1, 41384,19660528,    5,    0
     1, 41384,19660529,    1,    0
     1, 41384,19660530,    2,    0
     1, 41384,19660531,    4,    0
     1, 41384,19660601,    6,    0
     1, 41384,19660602,    7,    0
     1, 41384,19660603,    7,    0
     1, 41384,19660604,    8,    0
     1, 41384,19660605,    4,    0
     1, 41384,19660606,    5,    0
     1, 41384,19660607,    7,    0
     1, 41384,19660608,    5,    0
     1, 41384,19660609,    4,    0
     1, 41384,19660610,    7,    0
     1, 41384,19660611,    0,    0
     1, 41384,19660612,    2,    0
     1, 41384,19660613,    0,    0
     1, 41384,19660614,    3,    0
     1, 41384,19660615,    2,    0
     1, 41384,19660616,    1,    0
     1, 41384,19660617,    3,    0
     1, 41384,19660618,    0,    0
     1, 41384,19660619,    1,    0
     1, 41384,19660620,    5,    0
     1, 41384,19660621,    7,    0
     1, 41384,19660622,    6,    0
     1, 41384,19660623,    2,    0
     1, 41384,19660624,    7,    0
     1, 41384,19660625,    8,    0
     1, 41384,19660626,    2,    0
     1, 41384,19660627,    8,    0
     1, 41384,19660628,    8,    0
     1, 41384,19660629,    8,    0
     1, 41384,19660630,    2,    0
     1, 41384,19660701,    1,    0
     1, 41384,19660702,    2,    0
     1, 41384,19660703,    6,    0
     1, 41384,19660704,    1,    0
     1, 41384,19660705,    8,    0
     1, 41384,19660706,    8,    0
     1, 41384,19660707,    5,    0
     1, 41384,19660708,    5,    0
     1, 41384,19660709,    3,    0
     1, 41384,19660710,    4,    0
     1, 41384,19660711,    6,    0
     1, 41384,19660712,    6,    0
     1, 41384,19660713,    7,    0
     1, 41384,19660714,    7,    0
     1, 41384,19660715,    5,    0
     1, 41384,19660716,    7,    0
     1, 41384,19660717,    7,    0
     1, 41384,19660718,    3,    0
     1, 41384,19660719,    0,    0
     1, 41384,19660720,    0,    0
     1, 41384,19660721,    0,    0
     1, 41384,19660722,    2,    0
     1, 41384,19660723,    3,    0
     1, 41384,19660724,    4,    0
     1, 41384,19660725,    8,    0
     1, 41384,19660726,    6,    0
     1, 41384,19660727,    3,    0
     1, 41384,19660728,    4,    0
     1, 41384,19660729,    5,    0
     1, 41384,19660730,    7,    0
     1, 41384,19660731,    6,    0
     1, 41384,19660801,    4,    0
     1, 41384,19660802,    6,    0
     1, 41384,19660803,    3,    0
     1, 41384,19660804,    7,    0
     1, 41384,19660805,    7,    0
     1, 41384,19660806,    8,    0
     1, 41384,19660807,    8,    0
     1, 41384,19660808,    5,    0
     1, 41384,19660809,    8,    0
     1, 41384,19660810,    8,    0
     1, 41384,19660811,    7,    0
     1, 41384,19660812,    8,    0
     1, 41384,19660813,    8,    0
     1, 41384,19660814,    5,    0
     1, 41384,19660815,    8,    0
     1, 41384,19660816,    1,    0
     1, 41384,19660817,    1,    0
     1, 41384,19660818,    6,    0
     1, 41384,19660819,    1,    0
     1, 41384,19660820,    0,    0
     1, 41384,19660821,    3,    0
     1, 41384,19660822,    5,    0
     1, 41384,19660823,    6,    0
     1, 41384,19660824,    7,    0
     1, 41384,19660825,    6,    0
     1, 41384,19660826,    2,    0
     1, 41384,19660827,    1,    0
     1, 41384,19660828,    0,    0
     1, 41384,19660829,    0,    0
     1, 41384,19660830,    3,    0
     1, 41384,19660831,    8,    0
     1, 41384,19660901,    8,    0
     1, 41384,19660902,    7,    0
     1, 41384,19660903,    8,    0
     1, 41384,19660904,    6,    0
     1, 41384,19660905,    4,    0
     1, 41384,19660906,    5,    0
     1, 41384,19660907,    5,    0
     1, 41384,19660908,    2,    0
     1, 41384,19660909,    2,    0
     1, 41384,19660910,    8,    0
     1, 41384,19660911,    7,    0
     1, 41384,19660912,    6,    0
     1, 41384,19660913,    7,    0
     1, 41384,19660914,    8,    0
     1, 41384,19660915,    7,    0
     1, 41384,19660916,    3,    0
     1, 41384,19660917,    8,    0
     1, 41384,19660918,    3,    0
     1, 41384,19660919,    4,    0
     1, 41384,19660920,    7,    0
     1, 41384,19660921,    8,    0
     1, 41384,19660922,    1,    0
     1, 41384,19660923,    1,    0
     1, 41384,19660924,    6,    0
     1, 41384,19660925,    0,    0
     1, 41384,19660926,    4,    0
     1, 41384,19660927,    2,    0
     1, 41384,19660928,    0,    0
     1, 41384,19660929,    3,    0
     1, 41384,19660930,    2,    0
     1, 41384,19661001,    7,    0
     1, 41384,19661002,    8,    0
     1, 41384,19661003,    8,    0
     1, 41384,19661004,    8,    0
     1, 41384,19661005,    8,    0
     1, 41384,19661006,    4,    0
     1, 41384,19661007,    8,    0
     1, 41384,19661008,    8,    0
     1, 41384,19661009,    8,    0
     1, 41384,19661010,    4,    0
     1, 41384,19661011,    8,    0
     1, 41384,19661012,    6,    0
     1, 41384,19661013,    6,    0
     1, 41384,19661014,    6,    0
     1, 41384,19661015,    6,    0
     1, 41384,19661016,    8,    0
     1, 41384,19661017,    6,    0
     1, 41384,19661018,    7,    0
     1, 41384,19661019,    8,    0
     1, 41384,19661020,    8,    0
     1, 41384,19661021,    8,    0
     1, 41384,19661022,    8,    0
     1, 41384,19661023,    8,    0
     1, 41384,19661024,    8,    0
     1, 41384,19661025,    8,    0
     1, 41384,19661026,    7,    0
     1, 41384,19661027,    6,    0
     1, 41384,19661028,    3,    0
     1, 41384,19661029,    1,    0
     1, 41384,19661030,    0,    0
     1, 41384,19661031,    4,    0
     1, 41384,19661101,    2,    0
     1, 41384,19661102,    6,    0
     1, 41384,19661103,    8,    0
     1, 41384,19661104,    8,    0
     1, 41384,19661105,    8,    0
     1, 41384,19661106,    1,    0
     1, 41384,19661107,    7,    0
     1, 41384,19661108,    8,    0
     1, 41384,19661109,    8,    0
     1, 41384,19661110,    8,    0
     1, 41384,19661111,    7,    0
     1, 41384,19661112,    8,    0
     1, 41384,19661113,    8,    0
     1, 41384,19661114,    7,    0
     1, 41384,19661115,    8,    0
     1, 41384,19661116,    8,    0
     1, 41384,19661117,    8,    0
     1, 41384,19661118,    8,    0
     1, 41384,19661119,    8,    0
     1, 41384,19661120,    8,    0
     1, 41384,19661121,    8,    0
     1, 41384,19661122,    8,    0
     1, 41384,19661123,    8,    0
     1, 41384,19661124,    8,    0
     1, 41384,19661125,    8,    0
     1, 41384,19661126,    8,    0
     1, 41384,19661127,    7,    0
     1, 41384,19661128,    8,    0
     1, 41384,19661129,    8,    0
     1, 41384,19661130,    8,    0
     1, 41384,19661201,    8,    0
     1, 41384,19661202,    8,    0
     1, 41384,19661203,    7,    0
     1, 41384,19661204,    6,    0
     1, 41384,19661205,    8,    0
     1, 41384,19661206,    8,    0
     1, 41384,19661207,    8,    0
     1, 41384,19661208,    8,    0
     1, 41384,19661209,    8,    0
     1, 41384,19661210,    6,    0
     1, 41384,19661211,    6,    0
     1, 41384,19661212,    8,    0
     1, 41384,19661213,    8,    0
     1, 41384,19661214,    8,    0
     1, 41384,19661215,    5,    0
     1, 41384,19661216,    6,    0
     1, 41384,19661217,    8,    0
     1, 41384,19661218,    8,    0
     1, 41384,19661219,    2,    0
     1, 41384,19661220,    1,    0
     1, 41384,19661221,    1,    0
     1, 41384,19661222,    1,    0
     1, 41384,19661223,    8,    0
     1, 41384,19661224,    8,    0
     1, 41384,19661225,    3,    0
     1, 41384,19661226,    5,    0
     1, 41384,19661227,    8,    0
     1, 41384,19661228,    8,    0
     1, 41384,19661229,    8,    0
     1, 41384,19661230,    8,    0
     1, 41384,19661231,    8,    0
