EUROPEAN CLIMATE ASSESSMENT & DATASET (ECA&D), file created on: 21-12-2020
THESE DATA CAN BE USED FOR NON-COMMERCIAL RESEARCH AND EDUCATION PROVIDED THAT THE FOLLOWING SOURCE IS ACKNOWLEDGED: 

Klein Tank, A.M.G. and Coauthors, 2002. Daily dataset of 20th-century surface
air temperature and precipitation series for the European Climate Assessment.
Int. J. of Climatol., 22, 1441-1453.
Data and metadata available at http://www.ecad.eu

FILE FORMAT (MISSING VALUE CODE = -9999):

01-06 STAID: Station identifier
08-13 SOUID: Source identifier
15-22 DATE : Date YYYYMMDD
24-28 CC   : Cloud cover in oktas
30-34 Q_CC : quality code for CC (0='valid'; 1='suspect'; 9='missing')

This is the non-blended series (SOUID: 132727) of station Deuselbach, GERMANY (STAID:   4970)

 STAID,    SOUID,    DATE,   CC, Q_CC
  4970,132727,19610101,    6,    0
  4970,132727,19610102,    8,    0
  4970,132727,19610103,    7,    0
  4970,132727,19610104,    8,    0
  4970,132727,19610105,    7,    0
  4970,132727,19610106,    8,    0
  4970,132727,19610107,    6,    0
  4970,132727,19610108,    6,    0
  4970,132727,19610109,    7,    0
  4970,132727,19610110,    8,    0
  4970,132727,19610111,    5,    0
  4970,132727,19610112,    1,    0
  4970,132727,19610113,    7,    0
  4970,132727,19610114,    8,    0
  4970,132727,19610115,    6,    0
  4970,132727,19610116,    1,    0
  4970,132727,19610117,    1,    0
  4970,132727,19610118,    1,    0
  4970,132727,19610119,    1,    0
  4970,132727,19610120,    8,    0
  4970,132727,19610121,    8,    0
  4970,132727,19610122,    6,    0
  4970,132727,19610123,    8,    0
  4970,132727,19610124,    8,    0
  4970,132727,19610125,    8,    0
  4970,132727,19610126,    7,    0
  4970,132727,19610127,    6,    0
  4970,132727,19610128,    8,    0
  4970,132727,19610129,    8,    0
  4970,132727,19610130,    8,    0
  4970,132727,19610131,    7,    0
  4970,132727,19610201,    7,    0
  4970,132727,19610202,    8,    0
  4970,132727,19610203,    8,    0
  4970,132727,19610204,    8,    0
  4970,132727,19610205,    8,    0
  4970,132727,19610206,    7,    0
  4970,132727,19610207,    7,    0
  4970,132727,19610208,    8,    0
  4970,132727,19610209,    7,    0
  4970,132727,19610210,    5,    0
  4970,132727,19610211,    8,    0
  4970,132727,19610212,    7,    0
  4970,132727,19610213,    5,    0
  4970,132727,19610214,    1,    0
  4970,132727,19610215,    4,    0
  4970,132727,19610216,    1,    0
  4970,132727,19610217,    0,    0
  4970,132727,19610218,    0,    0
  4970,132727,19610219,    5,    0
  4970,132727,19610220,    1,    0
  4970,132727,19610221,    3,    0
  4970,132727,19610222,    3,    0
  4970,132727,19610223,    5,    0
  4970,132727,19610224,    6,    0
  4970,132727,19610225,    7,    0
  4970,132727,19610226,    6,    0
  4970,132727,19610227,    8,    0
  4970,132727,19610228,    8,    0
  4970,132727,19610301,    8,    0
  4970,132727,19610302,    7,    0
  4970,132727,19610303,    5,    0
  4970,132727,19610304,    2,    0
  4970,132727,19610305,    1,    0
  4970,132727,19610306,    2,    0
  4970,132727,19610307,    4,    0
  4970,132727,19610308,    0,    0
  4970,132727,19610309,    0,    0
  4970,132727,19610310,    3,    0
  4970,132727,19610311,    4,    0
  4970,132727,19610312,    6,    0
  4970,132727,19610313,    8,    0
  4970,132727,19610314,    8,    0
  4970,132727,19610315,    2,    0
  4970,132727,19610316,    1,    0
  4970,132727,19610317,    3,    0
  4970,132727,19610318,    5,    0
  4970,132727,19610319,    6,    0
  4970,132727,19610320,    7,    0
  4970,132727,19610321,    7,    0
  4970,132727,19610322,    5,    0
  4970,132727,19610323,    8,    0
  4970,132727,19610324,    0,    0
  4970,132727,19610325,    2,    0
  4970,132727,19610326,    7,    0
  4970,132727,19610327,    4,    0
  4970,132727,19610328,    7,    0
  4970,132727,19610329,    7,    0
  4970,132727,19610330,    8,    0
  4970,132727,19610331,    8,    0
  4970,132727,19610401,    8,    0
  4970,132727,19610402,    8,    0
  4970,132727,19610403,    8,    0
  4970,132727,19610404,    8,    0
  4970,132727,19610405,    6,    0
  4970,132727,19610406,    5,    0
  4970,132727,19610407,    6,    0
  4970,132727,19610408,    5,    0
  4970,132727,19610409,    4,    0
  4970,132727,19610410,    6,    0
  4970,132727,19610411,    8,    0
  4970,132727,19610412,    5,    0
  4970,132727,19610413,    7,    0
  4970,132727,19610414,    7,    0
  4970,132727,19610415,    7,    0
  4970,132727,19610416,    4,    0
  4970,132727,19610417,    5,    0
  4970,132727,19610418,    8,    0
  4970,132727,19610419,    7,    0
  4970,132727,19610420,    6,    0
  4970,132727,19610421,    7,    0
  4970,132727,19610422,    7,    0
  4970,132727,19610423,    8,    0
  4970,132727,19610424,    8,    0
  4970,132727,19610425,    7,    0
  4970,132727,19610426,    8,    0
  4970,132727,19610427,    6,    0
  4970,132727,19610428,    7,    0
  4970,132727,19610429,    6,    0
  4970,132727,19610430,    8,    0
  4970,132727,19610501,    7,    0
  4970,132727,19610502,    6,    0
  4970,132727,19610503,    5,    0
  4970,132727,19610504,    7,    0
  4970,132727,19610505,    7,    0
  4970,132727,19610506,    4,    0
  4970,132727,19610507,    6,    0
  4970,132727,19610508,    6,    0
  4970,132727,19610509,    7,    0
  4970,132727,19610510,    7,    0
  4970,132727,19610511,    6,    0
  4970,132727,19610512,    7,    0
  4970,132727,19610513,    7,    0
  4970,132727,19610514,    6,    0
  4970,132727,19610515,    3,    0
  4970,132727,19610516,    1,    0
  4970,132727,19610517,    5,    0
  4970,132727,19610518,    2,    0
  4970,132727,19610519,    6,    0
  4970,132727,19610520,    8,    0
  4970,132727,19610521,    7,    0
  4970,132727,19610522,    7,    0
  4970,132727,19610523,    1,    0
  4970,132727,19610524,    2,    0
  4970,132727,19610525,    3,    0
  4970,132727,19610526,    8,    0
  4970,132727,19610527,    8,    0
  4970,132727,19610528,    7,    0
  4970,132727,19610529,    7,    0
  4970,132727,19610530,    5,    0
  4970,132727,19610531,    3,    0
  4970,132727,19610601,    8,    0
  4970,132727,19610602,    8,    0
  4970,132727,19610603,    8,    0
  4970,132727,19610604,    8,    0
  4970,132727,19610605,    5,    0
  4970,132727,19610606,    7,    0
  4970,132727,19610607,    8,    0
  4970,132727,19610608,    6,    0
  4970,132727,19610609,    6,    0
  4970,132727,19610610,    7,    0
  4970,132727,19610611,    7,    0
  4970,132727,19610612,    7,    0
  4970,132727,19610613,    8,    0
  4970,132727,19610614,    5,    0
  4970,132727,19610615,    3,    0
  4970,132727,19610616,    4,    0
  4970,132727,19610617,    7,    0
  4970,132727,19610618,    3,    0
  4970,132727,19610619,    5,    0
  4970,132727,19610620,    1,    0
  4970,132727,19610621,    1,    0
  4970,132727,19610622,    2,    0
  4970,132727,19610623,    2,    0
  4970,132727,19610624,    2,    0
  4970,132727,19610625,    4,    0
  4970,132727,19610626,    6,    0
  4970,132727,19610627,    5,    0
  4970,132727,19610628,    3,    0
  4970,132727,19610629,    2,    0
  4970,132727,19610630,    0,    0
  4970,132727,19610701,    0,    0
  4970,132727,19610702,    1,    0
  4970,132727,19610703,    3,    0
  4970,132727,19610704,    6,    0
  4970,132727,19610705,    6,    0
  4970,132727,19610706,    3,    0
  4970,132727,19610707,    6,    0
  4970,132727,19610708,    8,    0
  4970,132727,19610709,    7,    0
  4970,132727,19610710,    6,    0
  4970,132727,19610711,    4,    0
  4970,132727,19610712,    4,    0
  4970,132727,19610713,    7,    0
  4970,132727,19610714,    7,    0
  4970,132727,19610715,    6,    0
  4970,132727,19610716,    8,    0
  4970,132727,19610717,    8,    0
  4970,132727,19610718,    7,    0
  4970,132727,19610719,    7,    0
  4970,132727,19610720,    7,    0
  4970,132727,19610721,    2,    0
  4970,132727,19610722,    7,    0
  4970,132727,19610723,    6,    0
  4970,132727,19610724,    3,    0
  4970,132727,19610725,    2,    0
  4970,132727,19610726,    3,    0
  4970,132727,19610727,    8,    0
  4970,132727,19610728,    7,    0
  4970,132727,19610729,    7,    0
  4970,132727,19610730,    7,    0
  4970,132727,19610731,    2,    0
  4970,132727,19610801,    2,    0
  4970,132727,19610802,    5,    0
  4970,132727,19610803,    7,    0
  4970,132727,19610804,    4,    0
  4970,132727,19610805,    3,    0
  4970,132727,19610806,    6,    0
  4970,132727,19610807,    6,    0
  4970,132727,19610808,    6,    0
  4970,132727,19610809,    4,    0
  4970,132727,19610810,    8,    0
  4970,132727,19610811,    5,    0
  4970,132727,19610812,    7,    0
  4970,132727,19610813,    6,    0
  4970,132727,19610814,    5,    0
  4970,132727,19610815,    6,    0
  4970,132727,19610816,    4,    0
  4970,132727,19610817,    7,    0
  4970,132727,19610818,    6,    0
  4970,132727,19610819,    7,    0
  4970,132727,19610820,    7,    0
  4970,132727,19610821,    5,    0
  4970,132727,19610822,    6,    0
  4970,132727,19610823,    6,    0
  4970,132727,19610824,    8,    0
  4970,132727,19610825,    4,    0
  4970,132727,19610826,    4,    0
  4970,132727,19610827,    7,    0
  4970,132727,19610828,    2,    0
  4970,132727,19610829,    0,    0
  4970,132727,19610830,    1,    0
  4970,132727,19610831,    0,    0
  4970,132727,19610901,    0,    0
  4970,132727,19610902,    1,    0
  4970,132727,19610903,    6,    0
  4970,132727,19610904,    5,    0
  4970,132727,19610905,    5,    0
  4970,132727,19610906,    7,    0
  4970,132727,19610907,    4,    0
  4970,132727,19610908,    8,    0
  4970,132727,19610909,    5,    0
  4970,132727,19610910,    2,    0
  4970,132727,19610911,    6,    0
  4970,132727,19610912,    7,    0
  4970,132727,19610913,    7,    0
  4970,132727,19610914,    8,    0
  4970,132727,19610915,    4,    0
  4970,132727,19610916,    0,    0
  4970,132727,19610917,    1,    0
  4970,132727,19610918,    0,    0
  4970,132727,19610919,    0,    0
  4970,132727,19610920,    1,    0
  4970,132727,19610921,    8,    0
  4970,132727,19610922,    3,    0
  4970,132727,19610923,    0,    0
  4970,132727,19610924,    1,    0
  4970,132727,19610925,    6,    0
  4970,132727,19610926,    4,    0
  4970,132727,19610927,    6,    0
  4970,132727,19610928,    7,    0
  4970,132727,19610929,    7,    0
  4970,132727,19610930,    7,    0
  4970,132727,19611001,    7,    0
  4970,132727,19611002,    8,    0
  4970,132727,19611003,    8,    0
  4970,132727,19611004,    5,    0
  4970,132727,19611005,    3,    0
  4970,132727,19611006,    5,    0
  4970,132727,19611007,    8,    0
  4970,132727,19611008,    4,    0
  4970,132727,19611009,    4,    0
  4970,132727,19611010,    2,    0
  4970,132727,19611011,    3,    0
  4970,132727,19611012,    2,    0
  4970,132727,19611013,    4,    0
  4970,132727,19611014,    1,    0
  4970,132727,19611015,    2,    0
  4970,132727,19611016,    8,    0
  4970,132727,19611017,    8,    0
  4970,132727,19611018,    7,    0
  4970,132727,19611019,    8,    0
  4970,132727,19611020,    4,    0
  4970,132727,19611021,    1,    0
  4970,132727,19611022,    6,    0
  4970,132727,19611023,    8,    0
  4970,132727,19611024,    5,    0
  4970,132727,19611025,    8,    0
  4970,132727,19611026,    8,    0
  4970,132727,19611027,    5,    0
  4970,132727,19611028,    5,    0
  4970,132727,19611029,    5,    0
  4970,132727,19611030,    4,    0
  4970,132727,19611031,    5,    0
  4970,132727,19611101,    7,    0
  4970,132727,19611102,    7,    0
  4970,132727,19611103,    8,    0
  4970,132727,19611104,    6,    0
  4970,132727,19611105,    5,    0
  4970,132727,19611106,    3,    0
  4970,132727,19611107,    8,    0
  4970,132727,19611108,    8,    0
  4970,132727,19611109,    8,    0
  4970,132727,19611110,    7,    0
  4970,132727,19611111,    5,    0
  4970,132727,19611112,    8,    0
  4970,132727,19611113,    6,    0
  4970,132727,19611114,    8,    0
  4970,132727,19611115,    8,    0
  4970,132727,19611116,    8,    0
  4970,132727,19611117,    5,    0
  4970,132727,19611118,    7,    0
  4970,132727,19611119,    5,    0
  4970,132727,19611120,    0,    0
  4970,132727,19611121,    0,    0
  4970,132727,19611122,    2,    0
  4970,132727,19611123,    6,    0
  4970,132727,19611124,    8,    0
  4970,132727,19611125,    8,    0
  4970,132727,19611126,    8,    0
  4970,132727,19611127,    7,    0
  4970,132727,19611128,    8,    0
  4970,132727,19611129,    3,    0
  4970,132727,19611130,    8,    0
  4970,132727,19611201,    8,    0
  4970,132727,19611202,    4,    0
  4970,132727,19611203,    6,    0
  4970,132727,19611204,    8,    0
  4970,132727,19611205,    7,    0
  4970,132727,19611206,    5,    0
  4970,132727,19611207,    5,    0
  4970,132727,19611208,    2,    0
  4970,132727,19611209,    8,    0
  4970,132727,19611210,    8,    0
  4970,132727,19611211,    8,    0
  4970,132727,19611212,    7,    0
  4970,132727,19611213,    8,    0
  4970,132727,19611214,    8,    0
  4970,132727,19611215,    3,    0
  4970,132727,19611216,    4,    0
  4970,132727,19611217,    0,    0
  4970,132727,19611218,    0,    0
  4970,132727,19611219,    0,    0
  4970,132727,19611220,    8,    0
  4970,132727,19611221,    8,    0
  4970,132727,19611222,    8,    0
  4970,132727,19611223,    6,    0
  4970,132727,19611224,    2,    0
  4970,132727,19611225,    0,    0
  4970,132727,19611226,    8,    0
  4970,132727,19611227,    8,    0
  4970,132727,19611228,    8,    0
  4970,132727,19611229,    8,    0
  4970,132727,19611230,    6,    0
  4970,132727,19611231,    7,    0
  4970,132727,19620101,    7,    0
  4970,132727,19620102,    6,    0
  4970,132727,19620103,    1,    0
  4970,132727,19620104,    4,    0
  4970,132727,19620105,    5,    0
  4970,132727,19620106,    8,    0
  4970,132727,19620107,    8,    0
  4970,132727,19620108,    3,    0
  4970,132727,19620109,    8,    0
  4970,132727,19620110,    7,    0
  4970,132727,19620111,    8,    0
  4970,132727,19620112,    8,    0
  4970,132727,19620113,    6,    0
  4970,132727,19620114,    8,    0
  4970,132727,19620115,    7,    0
  4970,132727,19620116,    8,    0
  4970,132727,19620117,    8,    0
  4970,132727,19620118,    8,    0
  4970,132727,19620119,    8,    0
  4970,132727,19620120,    8,    0
  4970,132727,19620121,    8,    0
  4970,132727,19620122,    6,    0
  4970,132727,19620123,    8,    0
  4970,132727,19620124,    8,    0
  4970,132727,19620125,    8,    0
  4970,132727,19620126,    8,    0
  4970,132727,19620127,    8,    0
  4970,132727,19620128,    8,    0
  4970,132727,19620129,    2,    0
  4970,132727,19620130,    4,    0
  4970,132727,19620131,    2,    0
  4970,132727,19620201,    8,    0
  4970,132727,19620202,    6,    0
  4970,132727,19620203,    7,    0
  4970,132727,19620204,    8,    0
  4970,132727,19620205,    5,    0
  4970,132727,19620206,    8,    0
  4970,132727,19620207,    8,    0
  4970,132727,19620208,    8,    0
  4970,132727,19620209,    5,    0
  4970,132727,19620210,    0,    0
  4970,132727,19620211,    5,    0
  4970,132727,19620212,    8,    0
  4970,132727,19620213,    8,    0
  4970,132727,19620214,    8,    0
  4970,132727,19620215,    7,    0
  4970,132727,19620216,    8,    0
  4970,132727,19620217,    7,    0
  4970,132727,19620218,    8,    0
  4970,132727,19620219,    8,    0
  4970,132727,19620220,    8,    0
  4970,132727,19620221,    3,    0
  4970,132727,19620222,    6,    0
  4970,132727,19620223,    3,    0
  4970,132727,19620224,    6,    0
  4970,132727,19620225,    7,    0
  4970,132727,19620226,    7,    0
  4970,132727,19620227,    7,    0
  4970,132727,19620228,    7,    0
  4970,132727,19620301,    8,    0
  4970,132727,19620302,    7,    0
  4970,132727,19620303,    8,    0
  4970,132727,19620304,    8,    0
  4970,132727,19620305,    8,    0
  4970,132727,19620306,    6,    0
  4970,132727,19620307,    2,    0
  4970,132727,19620308,    7,    0
  4970,132727,19620309,    7,    0
  4970,132727,19620310,    7,    0
  4970,132727,19620311,    8,    0
  4970,132727,19620312,    7,    0
  4970,132727,19620313,    4,    0
  4970,132727,19620314,    6,    0
  4970,132727,19620315,    6,    0
  4970,132727,19620316,    3,    0
  4970,132727,19620317,    7,    0
  4970,132727,19620318,    6,    0
  4970,132727,19620319,    1,    0
  4970,132727,19620320,    0,    0
  4970,132727,19620321,    6,    0
  4970,132727,19620322,    1,    0
  4970,132727,19620323,    2,    0
  4970,132727,19620324,    1,    0
  4970,132727,19620325,    1,    0
  4970,132727,19620326,    7,    0
  4970,132727,19620327,    8,    0
  4970,132727,19620328,    7,    0
  4970,132727,19620329,    8,    0
  4970,132727,19620330,    8,    0
  4970,132727,19620331,    5,    0
  4970,132727,19620401,    5,    0
  4970,132727,19620402,    6,    0
  4970,132727,19620403,    8,    0
  4970,132727,19620404,    7,    0
  4970,132727,19620405,    8,    0
  4970,132727,19620406,    8,    0
  4970,132727,19620407,    8,    0
  4970,132727,19620408,    8,    0
  4970,132727,19620409,    8,    0
  4970,132727,19620410,    6,    0
  4970,132727,19620411,    6,    0
  4970,132727,19620412,    8,    0
  4970,132727,19620413,    6,    0
  4970,132727,19620414,    8,    0
  4970,132727,19620415,    8,    0
  4970,132727,19620416,    7,    0
  4970,132727,19620417,    8,    0
  4970,132727,19620418,    8,    0
  4970,132727,19620419,    5,    0
  4970,132727,19620420,    6,    0
  4970,132727,19620421,    7,    0
  4970,132727,19620422,    8,    0
  4970,132727,19620423,    4,    0
  4970,132727,19620424,    1,    0
  4970,132727,19620425,    2,    0
  4970,132727,19620426,    3,    0
  4970,132727,19620427,    8,    0
  4970,132727,19620428,    7,    0
  4970,132727,19620429,    4,    0
  4970,132727,19620430,    5,    0
  4970,132727,19620501,    4,    0
  4970,132727,19620502,    7,    0
  4970,132727,19620503,    4,    0
  4970,132727,19620504,    8,    0
  4970,132727,19620505,    7,    0
  4970,132727,19620506,    8,    0
  4970,132727,19620507,    6,    0
  4970,132727,19620508,    6,    0
  4970,132727,19620509,    6,    0
  4970,132727,19620510,    5,    0
  4970,132727,19620511,    7,    0
  4970,132727,19620512,    7,    0
  4970,132727,19620513,    4,    0
  4970,132727,19620514,    8,    0
  4970,132727,19620515,    8,    0
  4970,132727,19620516,    6,    0
  4970,132727,19620517,    6,    0
  4970,132727,19620518,    5,    0
  4970,132727,19620519,    4,    0
  4970,132727,19620520,    6,    0
  4970,132727,19620521,    8,    0
  4970,132727,19620522,    7,    0
  4970,132727,19620523,    7,    0
  4970,132727,19620524,    6,    0
  4970,132727,19620525,    6,    0
  4970,132727,19620526,    7,    0
  4970,132727,19620527,    5,    0
  4970,132727,19620528,    6,    0
  4970,132727,19620529,    5,    0
  4970,132727,19620530,    5,    0
  4970,132727,19620531,    5,    0
  4970,132727,19620601,    7,    0
  4970,132727,19620602,    4,    0
  4970,132727,19620603,    2,    0
  4970,132727,19620604,    1,    0
  4970,132727,19620605,    2,    0
  4970,132727,19620606,    4,    0
  4970,132727,19620607,    3,    0
  4970,132727,19620608,    2,    0
  4970,132727,19620609,    1,    0
  4970,132727,19620610,    3,    0
  4970,132727,19620611,    7,    0
  4970,132727,19620612,    5,    0
  4970,132727,19620613,    4,    0
  4970,132727,19620614,    4,    0
  4970,132727,19620615,    2,    0
  4970,132727,19620616,    4,    0
  4970,132727,19620617,    7,    0
  4970,132727,19620618,    6,    0
  4970,132727,19620619,    7,    0
  4970,132727,19620620,    6,    0
  4970,132727,19620621,    6,    0
  4970,132727,19620622,    2,    0
  4970,132727,19620623,    5,    0
  4970,132727,19620624,    1,    0
  4970,132727,19620625,    2,    0
  4970,132727,19620626,    2,    0
  4970,132727,19620627,    5,    0
  4970,132727,19620628,    5,    0
  4970,132727,19620629,    5,    0
  4970,132727,19620630,    7,    0
  4970,132727,19620701,    8,    0
  4970,132727,19620702,    8,    0
  4970,132727,19620703,    8,    0
  4970,132727,19620704,    8,    0
  4970,132727,19620705,    6,    0
  4970,132727,19620706,    7,    0
  4970,132727,19620707,    6,    0
  4970,132727,19620708,    1,    0
  4970,132727,19620709,    4,    0
  4970,132727,19620710,    6,    0
  4970,132727,19620711,    6,    0
  4970,132727,19620712,    7,    0
  4970,132727,19620713,    6,    0
  4970,132727,19620714,    6,    0
  4970,132727,19620715,    7,    0
  4970,132727,19620716,    8,    0
  4970,132727,19620717,    4,    0
  4970,132727,19620718,    4,    0
  4970,132727,19620719,    8,    0
  4970,132727,19620720,    7,    0
  4970,132727,19620721,    6,    0
  4970,132727,19620722,    5,    0
  4970,132727,19620723,    3,    0
  4970,132727,19620724,    2,    0
  4970,132727,19620725,    2,    0
  4970,132727,19620726,    4,    0
  4970,132727,19620727,    5,    0
  4970,132727,19620728,    5,    0
  4970,132727,19620729,    2,    0
  4970,132727,19620730,    5,    0
  4970,132727,19620731,    4,    0
  4970,132727,19620801,    4,    0
  4970,132727,19620802,    5,    0
  4970,132727,19620803,    6,    0
  4970,132727,19620804,    5,    0
  4970,132727,19620805,    7,    0
  4970,132727,19620806,    7,    0
  4970,132727,19620807,    5,    0
  4970,132727,19620808,    5,    0
  4970,132727,19620809,    3,    0
  4970,132727,19620810,    7,    0
  4970,132727,19620811,    4,    0
  4970,132727,19620812,    1,    0
  4970,132727,19620813,    2,    0
  4970,132727,19620814,    7,    0
  4970,132727,19620815,    5,    0
  4970,132727,19620816,    7,    0
  4970,132727,19620817,    8,    0
  4970,132727,19620818,    6,    0
  4970,132727,19620819,    1,    0
  4970,132727,19620820,    3,    0
  4970,132727,19620821,    5,    0
  4970,132727,19620822,    6,    0
  4970,132727,19620823,    5,    0
  4970,132727,19620824,    8,    0
  4970,132727,19620825,    4,    0
  4970,132727,19620826,    1,    0
  4970,132727,19620827,    3,    0
  4970,132727,19620828,    5,    0
  4970,132727,19620829,    6,    0
  4970,132727,19620830,    0,    0
  4970,132727,19620831,    1,    0
  4970,132727,19620901,    0,    0
  4970,132727,19620902,    2,    0
  4970,132727,19620903,    3,    0
  4970,132727,19620904,    5,    0
  4970,132727,19620905,    7,    0
  4970,132727,19620906,    8,    0
  4970,132727,19620907,    7,    0
  4970,132727,19620908,    6,    0
  4970,132727,19620909,    2,    0
  4970,132727,19620910,    3,    0
  4970,132727,19620911,    7,    0
  4970,132727,19620912,    4,    0
  4970,132727,19620913,    5,    0
  4970,132727,19620914,    0,    0
  4970,132727,19620915,    3,    0
  4970,132727,19620916,    6,    0
  4970,132727,19620917,    5,    0
  4970,132727,19620918,    7,    0
  4970,132727,19620919,    8,    0
  4970,132727,19620920,    4,    0
  4970,132727,19620921,    5,    0
  4970,132727,19620922,    6,    0
  4970,132727,19620923,    8,    0
  4970,132727,19620924,    3,    0
  4970,132727,19620925,    2,    0
  4970,132727,19620926,    5,    0
  4970,132727,19620927,    8,    0
  4970,132727,19620928,    7,    0
  4970,132727,19620929,    5,    0
  4970,132727,19620930,    6,    0
  4970,132727,19621001,    2,    0
  4970,132727,19621002,    1,    0
  4970,132727,19621003,    2,    0
  4970,132727,19621004,    8,    0
  4970,132727,19621005,    2,    0
  4970,132727,19621006,    1,    0
  4970,132727,19621007,    1,    0
  4970,132727,19621008,    3,    0
  4970,132727,19621009,    0,    0
  4970,132727,19621010,    0,    0
  4970,132727,19621011,    0,    0
  4970,132727,19621012,    2,    0
  4970,132727,19621013,    3,    0
  4970,132727,19621014,    7,    0
  4970,132727,19621015,    5,    0
  4970,132727,19621016,    1,    0
  4970,132727,19621017,    4,    0
  4970,132727,19621018,    1,    0
  4970,132727,19621019,    7,    0
  4970,132727,19621020,    8,    0
  4970,132727,19621021,    1,    0
  4970,132727,19621022,    0,    0
  4970,132727,19621023,    5,    0
  4970,132727,19621024,    7,    0
  4970,132727,19621025,    8,    0
  4970,132727,19621026,    7,    0
  4970,132727,19621027,    6,    0
  4970,132727,19621028,    7,    0
  4970,132727,19621029,    8,    0
  4970,132727,19621030,    7,    0
  4970,132727,19621031,    6,    0
  4970,132727,19621101,    6,    0
  4970,132727,19621102,    5,    0
  4970,132727,19621103,    7,    0
  4970,132727,19621104,    3,    0
  4970,132727,19621105,    6,    0
  4970,132727,19621106,    7,    0
  4970,132727,19621107,    5,    0
  4970,132727,19621108,    8,    0
  4970,132727,19621109,    8,    0
  4970,132727,19621110,    8,    0
  4970,132727,19621111,    8,    0
  4970,132727,19621112,    8,    0
  4970,132727,19621113,    7,    0
  4970,132727,19621114,    4,    0
  4970,132727,19621115,    8,    0
  4970,132727,19621116,    7,    0
  4970,132727,19621117,    7,    0
  4970,132727,19621118,    6,    0
  4970,132727,19621119,    6,    0
  4970,132727,19621120,    5,    0
  4970,132727,19621121,    8,    0
  4970,132727,19621122,    6,    0
  4970,132727,19621123,    5,    0
  4970,132727,19621124,    8,    0
  4970,132727,19621125,    6,    0
  4970,132727,19621126,    8,    0
  4970,132727,19621127,    8,    0
  4970,132727,19621128,    8,    0
  4970,132727,19621129,    8,    0
  4970,132727,19621130,    8,    0
  4970,132727,19621201,    2,    0
  4970,132727,19621202,    0,    0
  4970,132727,19621203,    0,    0
  4970,132727,19621204,    0,    0
  4970,132727,19621205,    1,    0
  4970,132727,19621206,    1,    0
  4970,132727,19621207,    0,    0
  4970,132727,19621208,    4,    0
  4970,132727,19621209,    8,    0
  4970,132727,19621210,    8,    0
  4970,132727,19621211,    8,    0
  4970,132727,19621212,    7,    0
  4970,132727,19621213,    6,    0
  4970,132727,19621214,    7,    0
  4970,132727,19621215,    8,    0
  4970,132727,19621216,    8,    0
  4970,132727,19621217,    7,    0
  4970,132727,19621218,    8,    0
  4970,132727,19621219,    8,    0
  4970,132727,19621220,    7,    0
  4970,132727,19621221,    8,    0
  4970,132727,19621222,    7,    0
  4970,132727,19621223,    0,    0
  4970,132727,19621224,    3,    0
  4970,132727,19621225,    8,    0
  4970,132727,19621226,    8,    0
  4970,132727,19621227,    5,    0
  4970,132727,19621228,    1,    0
  4970,132727,19621229,    8,    0
  4970,132727,19621230,    8,    0
  4970,132727,19621231,    8,    0
  4970,132727,19630101,    8,    0
  4970,132727,19630102,    8,    0
  4970,132727,19630103,    8,    0
  4970,132727,19630104,    8,    0
  4970,132727,19630105,    8,    0
  4970,132727,19630106,    7,    0
  4970,132727,19630107,    8,    0
  4970,132727,19630108,    8,    0
  4970,132727,19630109,    7,    0
  4970,132727,19630110,    3,    0
  4970,132727,19630111,    3,    0
  4970,132727,19630112,    3,    0
  4970,132727,19630113,    0,    0
  4970,132727,19630114,    5,    0
  4970,132727,19630115,    6,    0
  4970,132727,19630116,    8,    0
  4970,132727,19630117,    1,    0
  4970,132727,19630118,    0,    0
  4970,132727,19630119,    5,    0
  4970,132727,19630120,    4,    0
  4970,132727,19630121,    0,    0
  4970,132727,19630122,    3,    0
  4970,132727,19630123,    8,    0
  4970,132727,19630124,    3,    0
  4970,132727,19630125,    1,    0
  4970,132727,19630126,    7,    0
  4970,132727,19630127,    8,    0
  4970,132727,19630128,    8,    0
  4970,132727,19630129,    7,    0
  4970,132727,19630130,    8,    0
  4970,132727,19630131,    4,    0
  4970,132727,19630201,    5,    0
  4970,132727,19630202,    7,    0
  4970,132727,19630203,    6,    0
  4970,132727,19630204,    6,    0
  4970,132727,19630205,    1,    0
  4970,132727,19630206,    1,    0
  4970,132727,19630207,    7,    0
  4970,132727,19630208,    8,    0
  4970,132727,19630209,    8,    0
  4970,132727,19630210,    5,    0
  4970,132727,19630211,    8,    0
  4970,132727,19630212,    8,    0
  4970,132727,19630213,    8,    0
  4970,132727,19630214,    6,    0
  4970,132727,19630215,    7,    0
  4970,132727,19630216,    8,    0
  4970,132727,19630217,    8,    0
  4970,132727,19630218,    8,    0
  4970,132727,19630219,    8,    0
  4970,132727,19630220,    8,    0
  4970,132727,19630221,    8,    0
  4970,132727,19630222,    3,    0
  4970,132727,19630223,    3,    0
  4970,132727,19630224,    0,    0
  4970,132727,19630225,    0,    0
  4970,132727,19630226,    0,    0
  4970,132727,19630227,    2,    0
  4970,132727,19630228,    0,    0
  4970,132727,19630301,    0,    0
  4970,132727,19630302,    0,    0
  4970,132727,19630303,    0,    0
  4970,132727,19630304,    1,    0
  4970,132727,19630305,    4,    0
  4970,132727,19630306,    8,    0
  4970,132727,19630307,    5,    0
  4970,132727,19630308,    6,    0
  4970,132727,19630309,    7,    0
  4970,132727,19630310,    8,    0
  4970,132727,19630311,    7,    0
  4970,132727,19630312,    8,    0
  4970,132727,19630313,    5,    0
  4970,132727,19630314,    7,    0
  4970,132727,19630315,    7,    0
  4970,132727,19630316,    8,    0
  4970,132727,19630317,    4,    0
  4970,132727,19630318,    7,    0
  4970,132727,19630319,    8,    0
  4970,132727,19630320,    8,    0
  4970,132727,19630321,    8,    0
  4970,132727,19630322,    5,    0
  4970,132727,19630323,    3,    0
  4970,132727,19630324,    3,    0
  4970,132727,19630325,    6,    0
  4970,132727,19630326,    8,    0
  4970,132727,19630327,    8,    0
  4970,132727,19630328,    8,    0
  4970,132727,19630329,    8,    0
  4970,132727,19630330,    8,    0
  4970,132727,19630331,    8,    0
  4970,132727,19630401,    8,    0
  4970,132727,19630402,    5,    0
  4970,132727,19630403,    0,    0
  4970,132727,19630404,    7,    0
  4970,132727,19630405,    5,    0
  4970,132727,19630406,    5,    0
  4970,132727,19630407,    7,    0
  4970,132727,19630408,    1,    0
  4970,132727,19630409,    8,    0
  4970,132727,19630410,    8,    0
  4970,132727,19630411,    4,    0
  4970,132727,19630412,    8,    0
  4970,132727,19630413,    4,    0
  4970,132727,19630414,    2,    0
  4970,132727,19630415,    8,    0
  4970,132727,19630416,    8,    0
  4970,132727,19630417,    6,    0
  4970,132727,19630418,    4,    0
  4970,132727,19630419,    3,    0
  4970,132727,19630420,    2,    0
  4970,132727,19630421,    7,    0
  4970,132727,19630422,    3,    0
  4970,132727,19630423,    6,    0
  4970,132727,19630424,    6,    0
  4970,132727,19630425,    8,    0
  4970,132727,19630426,    8,    0
  4970,132727,19630427,    1,    0
  4970,132727,19630428,    8,    0
  4970,132727,19630429,    8,    0
  4970,132727,19630430,    7,    0
  4970,132727,19630501,    7,    0
  4970,132727,19630502,    8,    0
  4970,132727,19630503,    6,    0
  4970,132727,19630504,    4,    0
  4970,132727,19630505,    7,    0
  4970,132727,19630506,    5,    0
  4970,132727,19630507,    1,    0
  4970,132727,19630508,    2,    0
  4970,132727,19630509,    8,    0
  4970,132727,19630510,    6,    0
  4970,132727,19630511,    6,    0
  4970,132727,19630512,    4,    0
  4970,132727,19630513,    7,    0
  4970,132727,19630514,    7,    0
  4970,132727,19630515,    7,    0
  4970,132727,19630516,    8,    0
  4970,132727,19630517,    7,    0
  4970,132727,19630518,    7,    0
  4970,132727,19630519,    7,    0
  4970,132727,19630520,    4,    0
  4970,132727,19630521,    6,    0
  4970,132727,19630522,    6,    0
  4970,132727,19630523,    8,    0
  4970,132727,19630524,    6,    0
  4970,132727,19630525,    5,    0
  4970,132727,19630526,    5,    0
  4970,132727,19630527,    2,    0
  4970,132727,19630528,    6,    0
  4970,132727,19630529,    7,    0
  4970,132727,19630530,    1,    0
  4970,132727,19630531,    1,    0
  4970,132727,19630601,    2,    0
  4970,132727,19630602,    1,    0
  4970,132727,19630603,    4,    0
  4970,132727,19630604,    6,    0
  4970,132727,19630605,    7,    0
  4970,132727,19630606,    4,    0
  4970,132727,19630607,    8,    0
  4970,132727,19630608,    6,    0
  4970,132727,19630609,    5,    0
  4970,132727,19630610,    4,    0
  4970,132727,19630611,    6,    0
  4970,132727,19630612,    2,    0
  4970,132727,19630613,    6,    0
  4970,132727,19630614,    7,    0
  4970,132727,19630615,    8,    0
  4970,132727,19630616,    7,    0
  4970,132727,19630617,    8,    0
  4970,132727,19630618,    6,    0
  4970,132727,19630619,    8,    0
  4970,132727,19630620,    8,    0
  4970,132727,19630621,    7,    0
  4970,132727,19630622,    6,    0
  4970,132727,19630623,    5,    0
  4970,132727,19630624,    6,    0
  4970,132727,19630625,    7,    0
  4970,132727,19630626,    7,    0
  4970,132727,19630627,    6,    0
  4970,132727,19630628,    7,    0
  4970,132727,19630629,    4,    0
  4970,132727,19630630,    6,    0
  4970,132727,19630701,    5,    0
  4970,132727,19630702,    2,    0
  4970,132727,19630703,    4,    0
  4970,132727,19630704,    6,    0
  4970,132727,19630705,    6,    0
  4970,132727,19630706,    5,    0
  4970,132727,19630707,    5,    0
  4970,132727,19630708,    4,    0
  4970,132727,19630709,    3,    0
  4970,132727,19630710,    6,    0
  4970,132727,19630711,    7,    0
  4970,132727,19630712,    7,    0
  4970,132727,19630713,    7,    0
  4970,132727,19630714,    3,    0
  4970,132727,19630715,    3,    0
  4970,132727,19630716,    3,    0
  4970,132727,19630717,    4,    0
  4970,132727,19630718,    3,    0
  4970,132727,19630719,    3,    0
  4970,132727,19630720,    4,    0
  4970,132727,19630721,    1,    0
  4970,132727,19630722,    5,    0
  4970,132727,19630723,    1,    0
  4970,132727,19630724,    5,    0
  4970,132727,19630725,    8,    0
  4970,132727,19630726,    2,    0
  4970,132727,19630727,    3,    0
  4970,132727,19630728,    3,    0
  4970,132727,19630729,    0,    0
  4970,132727,19630730,    1,    0
  4970,132727,19630731,    2,    0
  4970,132727,19630801,    2,    0
  4970,132727,19630802,    4,    0
  4970,132727,19630803,    5,    0
  4970,132727,19630804,    7,    0
  4970,132727,19630805,    4,    0
  4970,132727,19630806,    6,    0
  4970,132727,19630807,    8,    0
  4970,132727,19630808,    8,    0
  4970,132727,19630809,    7,    0
  4970,132727,19630810,    7,    0
  4970,132727,19630811,    7,    0
  4970,132727,19630812,    4,    0
  4970,132727,19630813,    7,    0
  4970,132727,19630814,    7,    0
  4970,132727,19630815,    7,    0
  4970,132727,19630816,    6,    0
  4970,132727,19630817,    8,    0
  4970,132727,19630818,    8,    0
  4970,132727,19630819,    8,    0
  4970,132727,19630820,    7,    0
  4970,132727,19630821,    8,    0
  4970,132727,19630822,    7,    0
  4970,132727,19630823,    8,    0
  4970,132727,19630824,    7,    0
  4970,132727,19630825,    6,    0
  4970,132727,19630826,    3,    0
  4970,132727,19630827,    8,    0
  4970,132727,19630828,    5,    0
  4970,132727,19630829,    2,    0
  4970,132727,19630830,    4,    0
  4970,132727,19630831,    8,    0
  4970,132727,19630901,    5,    0
  4970,132727,19630902,    4,    0
  4970,132727,19630903,    4,    0
  4970,132727,19630904,    6,    0
  4970,132727,19630905,    7,    0
  4970,132727,19630906,    7,    0
  4970,132727,19630907,    8,    0
  4970,132727,19630908,    4,    0
  4970,132727,19630909,    7,    0
  4970,132727,19630910,    5,    0
  4970,132727,19630911,    5,    0
  4970,132727,19630912,    8,    0
  4970,132727,19630913,    3,    0
  4970,132727,19630914,    0,    0
  4970,132727,19630915,    0,    0
  4970,132727,19630916,    1,    0
  4970,132727,19630917,    3,    0
  4970,132727,19630918,    1,    0
  4970,132727,19630919,    5,    0
  4970,132727,19630920,    8,    0
  4970,132727,19630921,    8,    0
  4970,132727,19630922,    3,    0
  4970,132727,19630923,    1,    0
  4970,132727,19630924,    7,    0
  4970,132727,19630925,    5,    0
  4970,132727,19630926,    8,    0
  4970,132727,19630927,    4,    0
  4970,132727,19630928,    7,    0
  4970,132727,19630929,    7,    0
  4970,132727,19630930,    8,    0
  4970,132727,19631001,    8,    0
  4970,132727,19631002,    7,    0
  4970,132727,19631003,    5,    0
  4970,132727,19631004,    8,    0
  4970,132727,19631005,    7,    0
  4970,132727,19631006,    7,    0
  4970,132727,19631007,    6,    0
  4970,132727,19631008,    1,    0
  4970,132727,19631009,    5,    0
  4970,132727,19631010,    7,    0
  4970,132727,19631011,    7,    0
  4970,132727,19631012,    3,    0
  4970,132727,19631013,    5,    0
  4970,132727,19631014,    4,    0
  4970,132727,19631015,    2,    0
  4970,132727,19631016,    4,    0
  4970,132727,19631017,    7,    0
  4970,132727,19631018,    7,    0
  4970,132727,19631019,    4,    0
  4970,132727,19631020,    4,    0
  4970,132727,19631021,    3,    0
  4970,132727,19631022,    6,    0
  4970,132727,19631023,    5,    0
  4970,132727,19631024,    5,    0
  4970,132727,19631025,    0,    0
  4970,132727,19631026,    3,    0
  4970,132727,19631027,    1,    0
  4970,132727,19631028,    2,    0
  4970,132727,19631029,    3,    0
  4970,132727,19631030,    3,    0
  4970,132727,19631031,    7,    0
  4970,132727,19631101,    4,    0
  4970,132727,19631102,    6,    0
  4970,132727,19631103,    7,    0
  4970,132727,19631104,    6,    0
  4970,132727,19631105,    3,    0
  4970,132727,19631106,    7,    0
  4970,132727,19631107,    6,    0
  4970,132727,19631108,    8,    0
  4970,132727,19631109,    5,    0
  4970,132727,19631110,    8,    0
  4970,132727,19631111,    5,    0
  4970,132727,19631112,    5,    0
  4970,132727,19631113,    8,    0
  4970,132727,19631114,    3,    0
  4970,132727,19631115,    8,    0
  4970,132727,19631116,    8,    0
  4970,132727,19631117,    8,    0
  4970,132727,19631118,    7,    0
  4970,132727,19631119,    8,    0
  4970,132727,19631120,    6,    0
  4970,132727,19631121,    5,    0
  4970,132727,19631122,    6,    0
  4970,132727,19631123,    5,    0
  4970,132727,19631124,    6,    0
  4970,132727,19631125,    7,    0
  4970,132727,19631126,    6,    0
  4970,132727,19631127,    5,    0
  4970,132727,19631128,    8,    0
  4970,132727,19631129,    8,    0
  4970,132727,19631130,    1,    0
  4970,132727,19631201,    6,    0
  4970,132727,19631202,    7,    0
  4970,132727,19631203,    5,    0
  4970,132727,19631204,    7,    0
  4970,132727,19631205,    8,    0
  4970,132727,19631206,    2,    0
  4970,132727,19631207,    0,    0
  4970,132727,19631208,    0,    0
  4970,132727,19631209,    1,    0
  4970,132727,19631210,    8,    0
  4970,132727,19631211,    3,    0
  4970,132727,19631212,    5,    0
  4970,132727,19631213,    6,    0
  4970,132727,19631214,    4,    0
  4970,132727,19631215,    6,    0
  4970,132727,19631216,    8,    0
  4970,132727,19631217,    8,    0
  4970,132727,19631218,    2,    0
  4970,132727,19631219,    8,    0
  4970,132727,19631220,    4,    0
  4970,132727,19631221,    1,    0
  4970,132727,19631222,    2,    0
  4970,132727,19631223,    2,    0
  4970,132727,19631224,    3,    0
  4970,132727,19631225,    3,    0
  4970,132727,19631226,    8,    0
  4970,132727,19631227,    7,    0
  4970,132727,19631228,    5,    0
  4970,132727,19631229,    5,    0
  4970,132727,19631230,    8,    0
  4970,132727,19631231,    8,    0
  4970,132727,19640101,    8,    0
  4970,132727,19640102,    2,    0
  4970,132727,19640103,    3,    0
  4970,132727,19640104,    0,    0
  4970,132727,19640105,    5,    0
  4970,132727,19640106,    7,    0
  4970,132727,19640107,    6,    0
  4970,132727,19640108,    6,    0
  4970,132727,19640109,    8,    0
  4970,132727,19640110,    8,    0
  4970,132727,19640111,    8,    0
  4970,132727,19640112,    7,    0
  4970,132727,19640113,    8,    0
  4970,132727,19640114,    8,    0
  4970,132727,19640115,    3,    0
  4970,132727,19640116,    0,    0
  4970,132727,19640117,    0,    0
  4970,132727,19640118,    0,    0
  4970,132727,19640119,    6,    0
  4970,132727,19640120,    3,    0
  4970,132727,19640121,    0,    0
  4970,132727,19640122,    8,    0
  4970,132727,19640123,    8,    0
  4970,132727,19640124,    8,    0
  4970,132727,19640125,    8,    0
  4970,132727,19640126,    8,    0
  4970,132727,19640127,    8,    0
  4970,132727,19640128,    8,    0
  4970,132727,19640129,    8,    0
  4970,132727,19640130,    8,    0
  4970,132727,19640131,    8,    0
  4970,132727,19640201,    8,    0
  4970,132727,19640202,    8,    0
  4970,132727,19640203,    8,    0
  4970,132727,19640204,    4,    0
  4970,132727,19640205,    5,    0
  4970,132727,19640206,    4,    0
  4970,132727,19640207,    8,    0
  4970,132727,19640208,    8,    0
  4970,132727,19640209,    8,    0
  4970,132727,19640210,    8,    0
  4970,132727,19640211,    8,    0
  4970,132727,19640212,    8,    0
  4970,132727,19640213,    5,    0
  4970,132727,19640214,    5,    0
  4970,132727,19640215,    7,    0
  4970,132727,19640216,    7,    0
  4970,132727,19640217,    8,    0
  4970,132727,19640218,    5,    0
  4970,132727,19640219,    8,    0
  4970,132727,19640220,    3,    0
  4970,132727,19640221,    0,    0
  4970,132727,19640222,    4,    0
  4970,132727,19640223,    7,    0
  4970,132727,19640224,    7,    0
  4970,132727,19640225,    4,    0
  4970,132727,19640226,    5,    0
  4970,132727,19640227,    8,    0
  4970,132727,19640228,    5,    0
  4970,132727,19640229,    8,    0
  4970,132727,19640301,    8,    0
  4970,132727,19640302,    5,    0
  4970,132727,19640303,    1,    0
  4970,132727,19640304,    8,    0
  4970,132727,19640305,    8,    0
  4970,132727,19640306,    8,    0
  4970,132727,19640307,    5,    0
  4970,132727,19640308,    1,    0
  4970,132727,19640309,    0,    0
  4970,132727,19640310,    2,    0
  4970,132727,19640311,    0,    0
  4970,132727,19640312,    6,    0
  4970,132727,19640313,    8,    0
  4970,132727,19640314,    8,    0
  4970,132727,19640315,    8,    0
  4970,132727,19640316,    5,    0
  4970,132727,19640317,    0,    0
  4970,132727,19640318,    5,    0
  4970,132727,19640319,    8,    0
  4970,132727,19640320,    7,    0
  4970,132727,19640321,    7,    0
  4970,132727,19640322,    8,    0
  4970,132727,19640323,    6,    0
  4970,132727,19640324,    7,    0
  4970,132727,19640325,    8,    0
  4970,132727,19640326,    8,    0
  4970,132727,19640327,    8,    0
  4970,132727,19640328,    8,    0
  4970,132727,19640329,    8,    0
  4970,132727,19640330,    8,    0
  4970,132727,19640331,    8,    0
  4970,132727,19640401,    7,    0
  4970,132727,19640402,    8,    0
  4970,132727,19640403,    5,    0
  4970,132727,19640404,    8,    0
  4970,132727,19640405,    8,    0
  4970,132727,19640406,    4,    0
  4970,132727,19640407,    5,    0
  4970,132727,19640408,    6,    0
  4970,132727,19640409,    3,    0
  4970,132727,19640410,    3,    0
  4970,132727,19640411,    2,    0
  4970,132727,19640412,    7,    0
  4970,132727,19640413,    7,    0
  4970,132727,19640414,    6,    0
  4970,132727,19640415,    5,    0
  4970,132727,19640416,    4,    0
  4970,132727,19640417,    6,    0
  4970,132727,19640418,    6,    0
  4970,132727,19640419,    7,    0
  4970,132727,19640420,    5,    0
  4970,132727,19640421,    3,    0
  4970,132727,19640422,    7,    0
  4970,132727,19640423,    7,    0
  4970,132727,19640424,    8,    0
  4970,132727,19640425,    6,    0
  4970,132727,19640426,    2,    0
  4970,132727,19640427,    1,    0
  4970,132727,19640428,    8,    0
  4970,132727,19640429,    7,    0
  4970,132727,19640430,    7,    0
  4970,132727,19640501,    7,    0
  4970,132727,19640502,    8,    0
  4970,132727,19640503,    8,    0
  4970,132727,19640504,    7,    0
  4970,132727,19640505,    4,    0
  4970,132727,19640506,    6,    0
  4970,132727,19640507,    7,    0
  4970,132727,19640508,    7,    0
  4970,132727,19640509,    1,    0
  4970,132727,19640510,    5,    0
  4970,132727,19640511,    4,    0
  4970,132727,19640512,    1,    0
  4970,132727,19640513,    7,    0
  4970,132727,19640514,    6,    0
  4970,132727,19640515,    2,    0
  4970,132727,19640516,    1,    0
  4970,132727,19640517,    3,    0
  4970,132727,19640518,    7,    0
  4970,132727,19640519,    7,    0
  4970,132727,19640520,    6,    0
  4970,132727,19640521,    3,    0
  4970,132727,19640522,    3,    0
  4970,132727,19640523,    4,    0
  4970,132727,19640524,    5,    0
  4970,132727,19640525,    7,    0
  4970,132727,19640526,    5,    0
  4970,132727,19640527,    5,    0
  4970,132727,19640528,    6,    0
  4970,132727,19640529,    4,    0
  4970,132727,19640530,    3,    0
  4970,132727,19640531,    4,    0
  4970,132727,19640601,    5,    0
  4970,132727,19640602,    6,    0
  4970,132727,19640603,    5,    0
  4970,132727,19640604,    4,    0
  4970,132727,19640605,    6,    0
  4970,132727,19640606,    4,    0
  4970,132727,19640607,    6,    0
  4970,132727,19640608,    4,    0
  4970,132727,19640609,    2,    0
  4970,132727,19640610,    1,    0
  4970,132727,19640611,    5,    0
  4970,132727,19640612,    4,    0
  4970,132727,19640613,    2,    0
  4970,132727,19640614,    5,    0
  4970,132727,19640615,    8,    0
  4970,132727,19640616,    5,    0
  4970,132727,19640617,    2,    0
  4970,132727,19640618,    3,    0
  4970,132727,19640619,    8,    0
  4970,132727,19640620,    4,    0
  4970,132727,19640621,    3,    0
  4970,132727,19640622,    4,    0
  4970,132727,19640623,    7,    0
  4970,132727,19640624,    2,    0
  4970,132727,19640625,    2,    0
  4970,132727,19640626,    5,    0
  4970,132727,19640627,    1,    0
  4970,132727,19640628,    3,    0
  4970,132727,19640629,    6,    0
  4970,132727,19640630,    4,    0
  4970,132727,19640701,    7,    0
  4970,132727,19640702,    4,    0
  4970,132727,19640703,    3,    0
  4970,132727,19640704,    5,    0
  4970,132727,19640705,    2,    0
  4970,132727,19640706,    3,    0
  4970,132727,19640707,    3,    0
  4970,132727,19640708,    6,    0
  4970,132727,19640709,    7,    0
  4970,132727,19640710,    4,    0
  4970,132727,19640711,    8,    0
  4970,132727,19640712,    7,    0
  4970,132727,19640713,    5,    0
  4970,132727,19640714,    2,    0
  4970,132727,19640715,    4,    0
  4970,132727,19640716,    5,    0
  4970,132727,19640717,    1,    0
  4970,132727,19640718,    3,    0
  4970,132727,19640719,    5,    0
  4970,132727,19640720,    1,    0
  4970,132727,19640721,    7,    0
  4970,132727,19640722,    4,    0
  4970,132727,19640723,    3,    0
  4970,132727,19640724,    2,    0
  4970,132727,19640725,    1,    0
  4970,132727,19640726,    1,    0
  4970,132727,19640727,    5,    0
  4970,132727,19640728,    4,    0
  4970,132727,19640729,    4,    0
  4970,132727,19640730,    1,    0
  4970,132727,19640731,    3,    0
  4970,132727,19640801,    8,    0
  4970,132727,19640802,    6,    0
  4970,132727,19640803,    6,    0
  4970,132727,19640804,    6,    0
  4970,132727,19640805,    4,    0
  4970,132727,19640806,    1,    0
  4970,132727,19640807,    5,    0
  4970,132727,19640808,    6,    0
  4970,132727,19640809,    6,    0
  4970,132727,19640810,    7,    0
  4970,132727,19640811,    8,    0
  4970,132727,19640812,    8,    0
  4970,132727,19640813,    7,    0
  4970,132727,19640814,    5,    0
  4970,132727,19640815,    6,    0
  4970,132727,19640816,    2,    0
  4970,132727,19640817,    5,    0
  4970,132727,19640818,    7,    0
  4970,132727,19640819,    8,    0
  4970,132727,19640820,    3,    0
  4970,132727,19640821,    6,    0
  4970,132727,19640822,    3,    0
  4970,132727,19640823,    4,    0
  4970,132727,19640824,    5,    0
  4970,132727,19640825,    2,    0
  4970,132727,19640826,    0,    0
  4970,132727,19640827,    0,    0
  4970,132727,19640828,    1,    0
  4970,132727,19640829,    7,    0
  4970,132727,19640830,    3,    0
  4970,132727,19640831,    2,    0
  4970,132727,19640901,    0,    0
  4970,132727,19640902,    0,    0
  4970,132727,19640903,    1,    0
  4970,132727,19640904,    3,    0
  4970,132727,19640905,    5,    0
  4970,132727,19640906,    8,    0
  4970,132727,19640907,    6,    0
  4970,132727,19640908,    8,    0
  4970,132727,19640909,    7,    0
  4970,132727,19640910,    5,    0
  4970,132727,19640911,    3,    0
  4970,132727,19640912,    4,    0
  4970,132727,19640913,    0,    0
  4970,132727,19640914,    1,    0
  4970,132727,19640915,    6,    0
  4970,132727,19640916,    8,    0
  4970,132727,19640917,    7,    0
  4970,132727,19640918,    7,    0
  4970,132727,19640919,    7,    0
  4970,132727,19640920,    6,    0
  4970,132727,19640921,    4,    0
  4970,132727,19640922,    1,    0
  4970,132727,19640923,    0,    0
  4970,132727,19640924,    0,    0
  4970,132727,19640925,    1,    0
  4970,132727,19640926,    6,    0
  4970,132727,19640927,    5,    0
  4970,132727,19640928,    2,    0
  4970,132727,19640929,    1,    0
  4970,132727,19640930,    7,    0
  4970,132727,19641001,    2,    0
  4970,132727,19641002,    0,    0
  4970,132727,19641003,    1,    0
  4970,132727,19641004,    0,    0
  4970,132727,19641005,    2,    0
  4970,132727,19641006,    4,    0
  4970,132727,19641007,    7,    0
  4970,132727,19641008,    5,    0
  4970,132727,19641009,    7,    0
  4970,132727,19641010,    6,    0
  4970,132727,19641011,    7,    0
  4970,132727,19641012,    5,    0
  4970,132727,19641013,    4,    0
  4970,132727,19641014,    4,    0
  4970,132727,19641015,    6,    0
  4970,132727,19641016,    8,    0
  4970,132727,19641017,    8,    0
  4970,132727,19641018,    8,    0
  4970,132727,19641019,    6,    0
  4970,132727,19641020,    5,    0
  4970,132727,19641021,    4,    0
  4970,132727,19641022,    7,    0
  4970,132727,19641023,    8,    0
  4970,132727,19641024,    6,    0
  4970,132727,19641025,    3,    0
  4970,132727,19641026,    1,    0
  4970,132727,19641027,    8,    0
  4970,132727,19641028,    8,    0
  4970,132727,19641029,    8,    0
  4970,132727,19641030,    8,    0
  4970,132727,19641031,    8,    0
  4970,132727,19641101,    8,    0
  4970,132727,19641102,    8,    0
  4970,132727,19641103,    8,    0
  4970,132727,19641104,    7,    0
  4970,132727,19641105,    2,    0
  4970,132727,19641106,    5,    0
  4970,132727,19641107,    3,    0
  4970,132727,19641108,    0,    0
  4970,132727,19641109,    1,    0
  4970,132727,19641110,    5,    0
  4970,132727,19641111,    8,    0
  4970,132727,19641112,    8,    0
  4970,132727,19641113,    8,    0
  4970,132727,19641114,    8,    0
  4970,132727,19641115,    7,    0
  4970,132727,19641116,    8,    0
  4970,132727,19641117,    8,    0
  4970,132727,19641118,    7,    0
  4970,132727,19641119,    8,    0
  4970,132727,19641120,    8,    0
  4970,132727,19641121,    8,    0
  4970,132727,19641122,    6,    0
  4970,132727,19641123,    7,    0
  4970,132727,19641124,    8,    0
  4970,132727,19641125,    8,    0
  4970,132727,19641126,    8,    0
  4970,132727,19641127,    8,    0
  4970,132727,19641128,    8,    0
  4970,132727,19641129,    7,    0
  4970,132727,19641130,    8,    0
  4970,132727,19641201,    4,    0
  4970,132727,19641202,    5,    0
  4970,132727,19641203,    8,    0
  4970,132727,19641204,    8,    0
  4970,132727,19641205,    8,    0
  4970,132727,19641206,    8,    0
  4970,132727,19641207,    7,    0
  4970,132727,19641208,    6,    0
  4970,132727,19641209,    1,    0
  4970,132727,19641210,    2,    0
  4970,132727,19641211,    4,    0
  4970,132727,19641212,    8,    0
  4970,132727,19641213,    8,    0
  4970,132727,19641214,    8,    0
  4970,132727,19641215,    7,    0
  4970,132727,19641216,    8,    0
  4970,132727,19641217,    7,    0
  4970,132727,19641218,    7,    0
  4970,132727,19641219,    8,    0
  4970,132727,19641220,    8,    0
  4970,132727,19641221,    8,    0
  4970,132727,19641222,    5,    0
  4970,132727,19641223,    0,    0
  4970,132727,19641224,    3,    0
  4970,132727,19641225,    8,    0
  4970,132727,19641226,    8,    0
  4970,132727,19641227,    5,    0
  4970,132727,19641228,    8,    0
  4970,132727,19641229,    3,    0
  4970,132727,19641230,    8,    0
  4970,132727,19641231,    8,    0
  4970,132727,19650101,    7,    0
  4970,132727,19650102,    8,    0
  4970,132727,19650103,    7,    0
  4970,132727,19650104,    5,    0
  4970,132727,19650105,    7,    0
  4970,132727,19650106,    8,    0
  4970,132727,19650107,    8,    0
  4970,132727,19650108,    8,    0
  4970,132727,19650109,    7,    0
  4970,132727,19650110,    8,    0
  4970,132727,19650111,    3,    0
  4970,132727,19650112,    7,    0
  4970,132727,19650113,    6,    0
  4970,132727,19650114,    5,    0
  4970,132727,19650115,    5,    0
  4970,132727,19650116,    8,    0
  4970,132727,19650117,    8,    0
  4970,132727,19650118,    7,    0
  4970,132727,19650119,    6,    0
  4970,132727,19650120,    7,    0
  4970,132727,19650121,    6,    0
  4970,132727,19650122,    8,    0
  4970,132727,19650123,    7,    0
  4970,132727,19650124,    8,    0
  4970,132727,19650125,    8,    0
  4970,132727,19650126,    8,    0
  4970,132727,19650127,    7,    0
  4970,132727,19650128,    7,    0
  4970,132727,19650129,    8,    0
  4970,132727,19650130,    8,    0
  4970,132727,19650131,    8,    0
  4970,132727,19650201,    5,    0
  4970,132727,19650202,    1,    0
  4970,132727,19650203,    8,    0
  4970,132727,19650204,    7,    0
  4970,132727,19650205,    8,    0
  4970,132727,19650206,    8,    0
  4970,132727,19650207,    8,    0
  4970,132727,19650208,    6,    0
  4970,132727,19650209,    4,    0
  4970,132727,19650210,    8,    0
  4970,132727,19650211,    8,    0
  4970,132727,19650212,    8,    0
  4970,132727,19650213,    8,    0
  4970,132727,19650214,    7,    0
  4970,132727,19650215,    8,    0
  4970,132727,19650216,    7,    0
  4970,132727,19650217,    5,    0
  4970,132727,19650218,    6,    0
  4970,132727,19650219,    5,    0
  4970,132727,19650220,    8,    0
  4970,132727,19650221,    3,    0
  4970,132727,19650222,    5,    0
  4970,132727,19650223,    0,    0
  4970,132727,19650224,    4,    0
  4970,132727,19650225,    7,    0
  4970,132727,19650226,    7,    0
  4970,132727,19650227,    8,    0
  4970,132727,19650228,    7,    0
  4970,132727,19650301,    8,    0
  4970,132727,19650302,    8,    0
  4970,132727,19650303,    5,    0
  4970,132727,19650304,    7,    0
  4970,132727,19650305,    8,    0
  4970,132727,19650306,    8,    0
  4970,132727,19650307,    5,    0
  4970,132727,19650308,    7,    0
  4970,132727,19650309,    3,    0
  4970,132727,19650310,    0,    0
  4970,132727,19650311,    0,    0
  4970,132727,19650312,    0,    0
  4970,132727,19650313,    3,    0
  4970,132727,19650314,    8,    0
  4970,132727,19650315,    7,    0
  4970,132727,19650316,    6,    0
  4970,132727,19650317,    5,    0
  4970,132727,19650318,    8,    0
  4970,132727,19650319,    8,    0
  4970,132727,19650320,    8,    0
  4970,132727,19650321,    8,    0
  4970,132727,19650322,    8,    0
  4970,132727,19650323,    7,    0
  4970,132727,19650324,    7,    0
  4970,132727,19650325,    8,    0
  4970,132727,19650326,    8,    0
  4970,132727,19650327,    7,    0
  4970,132727,19650328,    4,    0
  4970,132727,19650329,    0,    0
  4970,132727,19650330,    3,    0
  4970,132727,19650331,    0,    0
  4970,132727,19650401,    0,    0
  4970,132727,19650402,    0,    0
  4970,132727,19650403,    0,    0
  4970,132727,19650404,    3,    0
  4970,132727,19650405,    5,    0
  4970,132727,19650406,    7,    0
  4970,132727,19650407,    8,    0
  4970,132727,19650408,    5,    0
  4970,132727,19650409,    4,    0
  4970,132727,19650410,    6,    0
  4970,132727,19650411,    7,    0
  4970,132727,19650412,    7,    0
  4970,132727,19650413,    5,    0
  4970,132727,19650414,    4,    0
  4970,132727,19650415,    8,    0
  4970,132727,19650416,    8,    0
  4970,132727,19650417,    8,    0
  4970,132727,19650418,    8,    0
  4970,132727,19650419,    5,    0
  4970,132727,19650420,    8,    0
  4970,132727,19650421,    8,    0
  4970,132727,19650422,    8,    0
  4970,132727,19650423,    8,    0
  4970,132727,19650424,    8,    0
  4970,132727,19650425,    7,    0
  4970,132727,19650426,    8,    0
  4970,132727,19650427,    5,    0
  4970,132727,19650428,    7,    0
  4970,132727,19650429,    8,    0
  4970,132727,19650430,    4,    0
  4970,132727,19650501,    2,    0
  4970,132727,19650502,    6,    0
  4970,132727,19650503,    7,    0
  4970,132727,19650504,    7,    0
  4970,132727,19650505,    8,    0
  4970,132727,19650506,    7,    0
  4970,132727,19650507,    8,    0
  4970,132727,19650508,    8,    0
  4970,132727,19650509,    6,    0
  4970,132727,19650510,    7,    0
  4970,132727,19650511,    3,    0
  4970,132727,19650512,    1,    0
  4970,132727,19650513,    2,    0
  4970,132727,19650514,    1,    0
  4970,132727,19650515,    6,    0
  4970,132727,19650516,    6,    0
  4970,132727,19650517,    7,    0
  4970,132727,19650518,    7,    0
  4970,132727,19650519,    7,    0
  4970,132727,19650520,    2,    0
  4970,132727,19650521,    3,    0
  4970,132727,19650522,    3,    0
  4970,132727,19650523,    7,    0
  4970,132727,19650524,    5,    0
  4970,132727,19650525,    7,    0
  4970,132727,19650526,    7,    0
  4970,132727,19650527,    8,    0
  4970,132727,19650528,    8,    0
  4970,132727,19650529,    6,    0
  4970,132727,19650530,    7,    0
  4970,132727,19650531,    8,    0
  4970,132727,19650601,    8,    0
  4970,132727,19650602,    5,    0
  4970,132727,19650603,    8,    0
  4970,132727,19650604,    7,    0
  4970,132727,19650605,    8,    0
  4970,132727,19650606,    7,    0
  4970,132727,19650607,    6,    0
  4970,132727,19650608,    8,    0
  4970,132727,19650609,    8,    0
  4970,132727,19650610,    7,    0
  4970,132727,19650611,    6,    0
  4970,132727,19650612,    7,    0
  4970,132727,19650613,    7,    0
  4970,132727,19650614,    7,    0
  4970,132727,19650615,    5,    0
  4970,132727,19650616,    8,    0
  4970,132727,19650617,    6,    0
  4970,132727,19650618,    6,    0
  4970,132727,19650619,    5,    0
  4970,132727,19650620,    5,    0
  4970,132727,19650621,    6,    0
  4970,132727,19650622,    7,    0
  4970,132727,19650623,    2,    0
  4970,132727,19650624,    4,    0
  4970,132727,19650625,    1,    0
  4970,132727,19650626,    3,    0
  4970,132727,19650627,    3,    0
  4970,132727,19650628,    0,    0
  4970,132727,19650629,    0,    0
  4970,132727,19650630,    5,    0
  4970,132727,19650701,    8,    0
  4970,132727,19650702,    3,    0
  4970,132727,19650703,    6,    0
  4970,132727,19650704,    7,    0
  4970,132727,19650705,    6,    0
  4970,132727,19650706,    7,    0
  4970,132727,19650707,    7,    0
  4970,132727,19650708,    6,    0
  4970,132727,19650709,    7,    0
  4970,132727,19650710,    6,    0
  4970,132727,19650711,    7,    0
  4970,132727,19650712,    5,    0
  4970,132727,19650713,    4,    0
  4970,132727,19650714,    5,    0
  4970,132727,19650715,    6,    0
  4970,132727,19650716,    8,    0
  4970,132727,19650717,    8,    0
  4970,132727,19650718,    8,    0
  4970,132727,19650719,    8,    0
  4970,132727,19650720,    6,    0
  4970,132727,19650721,    5,    0
  4970,132727,19650722,    7,    0
  4970,132727,19650723,    6,    0
  4970,132727,19650724,    6,    0
  4970,132727,19650725,    5,    0
  4970,132727,19650726,    6,    0
  4970,132727,19650727,    8,    0
  4970,132727,19650728,    7,    0
  4970,132727,19650729,    8,    0
  4970,132727,19650730,    6,    0
  4970,132727,19650731,    6,    0
  4970,132727,19650801,    4,    0
  4970,132727,19650802,    5,    0
  4970,132727,19650803,    7,    0
  4970,132727,19650804,    2,    0
  4970,132727,19650805,    5,    0
  4970,132727,19650806,    6,    0
  4970,132727,19650807,    7,    0
  4970,132727,19650808,    5,    0
  4970,132727,19650809,    5,    0
  4970,132727,19650810,    6,    0
  4970,132727,19650811,    4,    0
  4970,132727,19650812,    0,    0
  4970,132727,19650813,    2,    0
  4970,132727,19650814,    3,    0
  4970,132727,19650815,    8,    0
  4970,132727,19650816,    5,    0
  4970,132727,19650817,    3,    0
  4970,132727,19650818,    3,    0
  4970,132727,19650819,    1,    0
  4970,132727,19650820,    6,    0
  4970,132727,19650821,    5,    0
  4970,132727,19650822,    8,    0
  4970,132727,19650823,    5,    0
  4970,132727,19650824,    4,    0
  4970,132727,19650825,    7,    0
  4970,132727,19650826,    7,    0
  4970,132727,19650827,    5,    0
  4970,132727,19650828,    4,    0
  4970,132727,19650829,    4,    0
  4970,132727,19650830,    3,    0
  4970,132727,19650831,    8,    0
  4970,132727,19650901,    8,    0
  4970,132727,19650902,    8,    0
  4970,132727,19650903,    7,    0
  4970,132727,19650904,    6,    0
  4970,132727,19650905,    6,    0
  4970,132727,19650906,    8,    0
  4970,132727,19650907,    7,    0
  4970,132727,19650908,    7,    0
  4970,132727,19650909,    7,    0
  4970,132727,19650910,    4,    0
  4970,132727,19650911,    5,    0
  4970,132727,19650912,    7,    0
  4970,132727,19650913,    8,    0
  4970,132727,19650914,    5,    0
  4970,132727,19650915,    4,    0
  4970,132727,19650916,    1,    0
  4970,132727,19650917,    3,    0
  4970,132727,19650918,    6,    0
  4970,132727,19650919,    4,    0
  4970,132727,19650920,    2,    0
  4970,132727,19650921,    2,    0
  4970,132727,19650922,    2,    0
  4970,132727,19650923,    0,    0
  4970,132727,19650924,    1,    0
  4970,132727,19650925,    5,    0
  4970,132727,19650926,    7,    0
  4970,132727,19650927,    5,    0
  4970,132727,19650928,    7,    0
  4970,132727,19650929,    7,    0
  4970,132727,19650930,    8,    0
  4970,132727,19651001,    7,    0
  4970,132727,19651002,    5,    0
  4970,132727,19651003,    3,    0
  4970,132727,19651004,    2,    0
  4970,132727,19651005,    2,    0
  4970,132727,19651006,    1,    0
  4970,132727,19651007,    1,    0
  4970,132727,19651008,    8,    0
  4970,132727,19651009,    5,    0
  4970,132727,19651010,    1,    0
  4970,132727,19651011,    0,    0
  4970,132727,19651012,    0,    0
  4970,132727,19651013,    0,    0
  4970,132727,19651014,    3,    0
  4970,132727,19651015,    6,    0
  4970,132727,19651016,    4,    0
  4970,132727,19651017,    1,    0
  4970,132727,19651018,    1,    0
  4970,132727,19651019,    3,    0
  4970,132727,19651020,    1,    0
  4970,132727,19651021,    1,    0
  4970,132727,19651022,    2,    0
  4970,132727,19651023,    0,    0
  4970,132727,19651024,    2,    0
  4970,132727,19651025,    0,    0
  4970,132727,19651026,    0,    0
  4970,132727,19651027,    6,    0
  4970,132727,19651028,    3,    0
  4970,132727,19651029,    3,    0
  4970,132727,19651030,    3,    0
  4970,132727,19651031,    8,    0
  4970,132727,19651101,    6,    0
  4970,132727,19651102,    6,    0
  4970,132727,19651103,    7,    0
  4970,132727,19651104,    1,    0
  4970,132727,19651105,    1,    0
  4970,132727,19651106,    3,    0
  4970,132727,19651107,    6,    0
  4970,132727,19651108,    1,    0
  4970,132727,19651109,    5,    0
  4970,132727,19651110,    8,    0
  4970,132727,19651111,    8,    0
  4970,132727,19651112,    8,    0
  4970,132727,19651113,    8,    0
  4970,132727,19651114,    8,    0
  4970,132727,19651115,    8,    0
  4970,132727,19651116,    6,    0
  4970,132727,19651117,    8,    0
  4970,132727,19651118,    7,    0
  4970,132727,19651119,    8,    0
  4970,132727,19651120,    8,    0
  4970,132727,19651121,    8,    0
  4970,132727,19651122,    8,    0
  4970,132727,19651123,    4,    0
  4970,132727,19651124,    5,    0
  4970,132727,19651125,    8,    0
  4970,132727,19651126,    8,    0
  4970,132727,19651127,    8,    0
  4970,132727,19651128,    6,    0
  4970,132727,19651129,    8,    0
  4970,132727,19651130,    6,    0
  4970,132727,19651201,    8,    0
  4970,132727,19651202,    6,    0
  4970,132727,19651203,    8,    0
  4970,132727,19651204,    7,    0
  4970,132727,19651205,    8,    0
  4970,132727,19651206,    7,    0
  4970,132727,19651207,    7,    0
  4970,132727,19651208,    7,    0
  4970,132727,19651209,    8,    0
  4970,132727,19651210,    8,    0
  4970,132727,19651211,    7,    0
  4970,132727,19651212,    8,    0
  4970,132727,19651213,    8,    0
  4970,132727,19651214,    5,    0
  4970,132727,19651215,    1,    0
  4970,132727,19651216,    6,    0
  4970,132727,19651217,    8,    0
  4970,132727,19651218,    8,    0
  4970,132727,19651219,    8,    0
  4970,132727,19651220,    8,    0
  4970,132727,19651221,    8,    0
  4970,132727,19651222,    7,    0
  4970,132727,19651223,    8,    0
  4970,132727,19651224,    8,    0
  4970,132727,19651225,    8,    0
  4970,132727,19651226,    5,    0
  4970,132727,19651227,    8,    0
  4970,132727,19651228,    7,    0
  4970,132727,19651229,    4,    0
  4970,132727,19651230,    8,    0
  4970,132727,19651231,    8,    0
  4970,132727,19660101,    8,    0
  4970,132727,19660102,    8,    0
  4970,132727,19660103,    6,    0
  4970,132727,19660104,    4,    0
  4970,132727,19660105,    1,    0
  4970,132727,19660106,    2,    0
  4970,132727,19660107,    3,    0
  4970,132727,19660108,    0,    0
  4970,132727,19660109,    4,    0
  4970,132727,19660110,    5,    0
  4970,132727,19660111,    7,    0
  4970,132727,19660112,    8,    0
  4970,132727,19660113,    8,    0
  4970,132727,19660114,    8,    0
  4970,132727,19660115,    3,    0
  4970,132727,19660116,    5,    0
  4970,132727,19660117,    8,    0
  4970,132727,19660118,    3,    0
  4970,132727,19660119,    0,    0
  4970,132727,19660120,    8,    0
  4970,132727,19660121,    8,    0
  4970,132727,19660122,    8,    0
  4970,132727,19660123,    8,    0
  4970,132727,19660124,    8,    0
  4970,132727,19660125,    7,    0
  4970,132727,19660126,    8,    0
  4970,132727,19660127,    8,    0
  4970,132727,19660128,    7,    0
  4970,132727,19660129,    7,    0
  4970,132727,19660130,    7,    0
  4970,132727,19660131,    7,    0
  4970,132727,19660201,    7,    0
  4970,132727,19660202,    5,    0
  4970,132727,19660203,    7,    0
  4970,132727,19660204,    7,    0
  4970,132727,19660205,    8,    0
  4970,132727,19660206,    7,    0
  4970,132727,19660207,    8,    0
  4970,132727,19660208,    8,    0
  4970,132727,19660209,    8,    0
  4970,132727,19660210,    5,    0
  4970,132727,19660211,    7,    0
  4970,132727,19660212,    8,    0
  4970,132727,19660213,    8,    0
  4970,132727,19660214,    8,    0
  4970,132727,19660215,    5,    0
  4970,132727,19660216,    7,    0
  4970,132727,19660217,    8,    0
  4970,132727,19660218,    5,    0
  4970,132727,19660219,    8,    0
  4970,132727,19660220,    7,    0
  4970,132727,19660221,    8,    0
  4970,132727,19660222,    1,    0
  4970,132727,19660223,    4,    0
  4970,132727,19660224,    8,    0
  4970,132727,19660225,    8,    0
  4970,132727,19660226,    6,    0
  4970,132727,19660227,    6,    0
  4970,132727,19660228,    8,    0
  4970,132727,19660301,    8,    0
  4970,132727,19660302,    5,    0
  4970,132727,19660303,    8,    0
  4970,132727,19660304,    8,    0
  4970,132727,19660305,    8,    0
  4970,132727,19660306,    4,    0
  4970,132727,19660307,    4,    0
  4970,132727,19660308,    0,    0
  4970,132727,19660309,    6,    0
  4970,132727,19660310,    7,    0
  4970,132727,19660311,    8,    0
  4970,132727,19660312,    8,    0
  4970,132727,19660313,    8,    0
  4970,132727,19660314,    2,    0
  4970,132727,19660315,    8,    0
  4970,132727,19660316,    5,    0
  4970,132727,19660317,    8,    0
  4970,132727,19660318,    8,    0
  4970,132727,19660319,    4,    0
  4970,132727,19660320,    1,    0
  4970,132727,19660321,    3,    0
  4970,132727,19660322,    7,    0
  4970,132727,19660323,    5,    0
  4970,132727,19660324,    7,    0
  4970,132727,19660325,    6,    0
  4970,132727,19660326,    8,    0
  4970,132727,19660327,    7,    0
  4970,132727,19660328,    7,    0
  4970,132727,19660329,    7,    0
  4970,132727,19660330,    7,    0
  4970,132727,19660331,    7,    0
  4970,132727,19660401,    2,    0
  4970,132727,19660402,    7,    0
  4970,132727,19660403,    5,    0
  4970,132727,19660404,    6,    0
  4970,132727,19660405,    3,    0
  4970,132727,19660406,    7,    0
  4970,132727,19660407,    8,    0
  4970,132727,19660408,    7,    0
  4970,132727,19660409,    7,    0
  4970,132727,19660410,    5,    0
  4970,132727,19660411,    6,    0
  4970,132727,19660412,    4,    0
  4970,132727,19660413,    8,    0
  4970,132727,19660414,    8,    0
  4970,132727,19660415,    6,    0
  4970,132727,19660416,    8,    0
  4970,132727,19660417,    6,    0
  4970,132727,19660418,    7,    0
  4970,132727,19660419,    7,    0
  4970,132727,19660420,    7,    0
  4970,132727,19660421,    7,    0
  4970,132727,19660422,    5,    0
  4970,132727,19660423,    7,    0
  4970,132727,19660424,    8,    0
  4970,132727,19660425,    7,    0
  4970,132727,19660426,    4,    0
  4970,132727,19660427,    2,    0
  4970,132727,19660428,    6,    0
  4970,132727,19660429,    1,    0
  4970,132727,19660430,    1,    0
  4970,132727,19660501,    0,    0
  4970,132727,19660502,    1,    0
  4970,132727,19660503,    2,    0
  4970,132727,19660504,    7,    0
  4970,132727,19660505,    8,    0
  4970,132727,19660506,    7,    0
  4970,132727,19660507,    7,    0
  4970,132727,19660508,    7,    0
  4970,132727,19660509,    5,    0
  4970,132727,19660510,    6,    0
  4970,132727,19660511,    7,    0
  4970,132727,19660512,    5,    0
  4970,132727,19660513,    2,    0
  4970,132727,19660514,    1,    0
  4970,132727,19660515,    3,    0
  4970,132727,19660516,    2,    0
  4970,132727,19660517,    2,    0
  4970,132727,19660518,    6,    0
  4970,132727,19660519,    4,    0
  4970,132727,19660520,    5,    0
  4970,132727,19660521,    8,    0
  4970,132727,19660522,    4,    0
  4970,132727,19660523,    2,    0
  4970,132727,19660524,    5,    0
  4970,132727,19660525,    8,    0
  4970,132727,19660526,    8,    0
  4970,132727,19660527,    5,    0
  4970,132727,19660528,    6,    0
  4970,132727,19660529,    5,    0
  4970,132727,19660530,    2,    0
  4970,132727,19660531,    6,    0
  4970,132727,19660601,    2,    0
  4970,132727,19660602,    4,    0
  4970,132727,19660603,    1,    0
  4970,132727,19660604,    0,    0
  4970,132727,19660605,    5,    0
  4970,132727,19660606,    7,    0
  4970,132727,19660607,    3,    0
  4970,132727,19660608,    5,    0
  4970,132727,19660609,    1,    0
  4970,132727,19660610,    3,    0
  4970,132727,19660611,    3,    0
  4970,132727,19660612,    6,    0
  4970,132727,19660613,    3,    0
  4970,132727,19660614,    7,    0
  4970,132727,19660615,    4,    0
  4970,132727,19660616,    4,    0
  4970,132727,19660617,    6,    0
  4970,132727,19660618,    8,    0
  4970,132727,19660619,    4,    0
  4970,132727,19660620,    7,    0
  4970,132727,19660621,    6,    0
  4970,132727,19660622,    4,    0
  4970,132727,19660623,    5,    0
  4970,132727,19660624,    5,    0
  4970,132727,19660625,    8,    0
  4970,132727,19660626,    8,    0
  4970,132727,19660627,    8,    0
  4970,132727,19660628,    7,    0
  4970,132727,19660629,    8,    0
  4970,132727,19660630,    4,    0
  4970,132727,19660701,    2,    0
  4970,132727,19660702,    1,    0
  4970,132727,19660703,    3,    0
  4970,132727,19660704,    5,    0
  4970,132727,19660705,    5,    0
  4970,132727,19660706,    8,    0
  4970,132727,19660707,    8,    0
  4970,132727,19660708,    8,    0
  4970,132727,19660709,    7,    0
  4970,132727,19660710,    7,    0
  4970,132727,19660711,    8,    0
  4970,132727,19660712,    4,    0
  4970,132727,19660713,    6,    0
  4970,132727,19660714,    5,    0
  4970,132727,19660715,    4,    0
  4970,132727,19660716,    8,    0
  4970,132727,19660717,    5,    0
  4970,132727,19660718,    8,    0
  4970,132727,19660719,    7,    0
  4970,132727,19660720,    6,    0
  4970,132727,19660721,    5,    0
  4970,132727,19660722,    8,    0
  4970,132727,19660723,    3,    0
  4970,132727,19660724,    3,    0
  4970,132727,19660725,    7,    0
  4970,132727,19660726,    6,    0
  4970,132727,19660727,    7,    0
  4970,132727,19660728,    7,    0
  4970,132727,19660729,    5,    0
  4970,132727,19660730,    7,    0
  4970,132727,19660731,    6,    0
  4970,132727,19660801,    8,    0
  4970,132727,19660802,    7,    0
  4970,132727,19660803,    7,    0
  4970,132727,19660804,    5,    0
  4970,132727,19660805,    5,    0
  4970,132727,19660806,    7,    0
  4970,132727,19660807,    8,    0
  4970,132727,19660808,    4,    0
  4970,132727,19660809,    3,    0
  4970,132727,19660810,    4,    0
  4970,132727,19660811,    1,    0
  4970,132727,19660812,    1,    0
  4970,132727,19660813,    1,    0
  4970,132727,19660814,    2,    0
  4970,132727,19660815,    7,    0
  4970,132727,19660816,    3,    0
  4970,132727,19660817,    7,    0
  4970,132727,19660818,    7,    0
  4970,132727,19660819,    7,    0
  4970,132727,19660820,    6,    0
  4970,132727,19660821,    6,    0
  4970,132727,19660822,    8,    0
  4970,132727,19660823,    6,    0
  4970,132727,19660824,    5,    0
  4970,132727,19660825,    5,    0
  4970,132727,19660826,    5,    0
  4970,132727,19660827,    4,    0
  4970,132727,19660828,    5,    0
  4970,132727,19660829,    5,    0
  4970,132727,19660830,    2,    0
  4970,132727,19660831,    6,    0
  4970,132727,19660901,    8,    0
  4970,132727,19660902,    4,    0
  4970,132727,19660903,    2,    0
  4970,132727,19660904,    7,    0
  4970,132727,19660905,    5,    0
  4970,132727,19660906,    4,    0
  4970,132727,19660907,    2,    0
  4970,132727,19660908,    4,    0
  4970,132727,19660909,    0,    0
  4970,132727,19660910,    4,    0
  4970,132727,19660911,    2,    0
  4970,132727,19660912,    0,    0
  4970,132727,19660913,    6,    0
  4970,132727,19660914,    5,    0
  4970,132727,19660915,    7,    0
  4970,132727,19660916,    3,    0
  4970,132727,19660917,    0,    0
  4970,132727,19660918,    3,    0
  4970,132727,19660919,    2,    0
  4970,132727,19660920,    1,    0
  4970,132727,19660921,    1,    0
  4970,132727,19660922,    0,    0
  4970,132727,19660923,    1,    0
  4970,132727,19660924,    6,    0
  4970,132727,19660925,    3,    0
  4970,132727,19660926,    2,    0
  4970,132727,19660927,    3,    0
  4970,132727,19660928,    3,    0
  4970,132727,19660929,    5,    0
  4970,132727,19660930,    6,    0
  4970,132727,19661001,    6,    0
  4970,132727,19661002,    7,    0
  4970,132727,19661003,    5,    0
  4970,132727,19661004,    6,    0
  4970,132727,19661005,    4,    0
  4970,132727,19661006,    5,    0
  4970,132727,19661007,    3,    0
  4970,132727,19661008,    3,    0
  4970,132727,19661009,    5,    0
  4970,132727,19661010,    8,    0
  4970,132727,19661011,    4,    0
  4970,132727,19661012,    8,    0
  4970,132727,19661013,    7,    0
  4970,132727,19661014,    5,    0
  4970,132727,19661015,    5,    0
  4970,132727,19661016,    6,    0
  4970,132727,19661017,    3,    0
  4970,132727,19661018,    7,    0
  4970,132727,19661019,    6,    0
  4970,132727,19661020,    8,    0
  4970,132727,19661021,    7,    0
  4970,132727,19661022,    8,    0
  4970,132727,19661023,    7,    0
  4970,132727,19661024,    8,    0
  4970,132727,19661025,    8,    0
  4970,132727,19661026,    8,    0
  4970,132727,19661027,    8,    0
  4970,132727,19661028,    8,    0
  4970,132727,19661029,    8,    0
  4970,132727,19661030,    6,    0
  4970,132727,19661031,    0,    0
  4970,132727,19661101,    1,    0
  4970,132727,19661102,    0,    0
  4970,132727,19661103,    8,    0
  4970,132727,19661104,    8,    0
  4970,132727,19661105,    4,    0
  4970,132727,19661106,    5,    0
  4970,132727,19661107,    4,    0
  4970,132727,19661108,    4,    0
  4970,132727,19661109,    7,    0
  4970,132727,19661110,    6,    0
  4970,132727,19661111,    8,    0
  4970,132727,19661112,    8,    0
  4970,132727,19661113,    4,    0
  4970,132727,19661114,    8,    0
  4970,132727,19661115,    8,    0
  4970,132727,19661116,    8,    0
  4970,132727,19661117,    8,    0
  4970,132727,19661118,    8,    0
  4970,132727,19661119,    8,    0
  4970,132727,19661120,    8,    0
  4970,132727,19661121,    8,    0
  4970,132727,19661122,    8,    0
  4970,132727,19661123,    8,    0
  4970,132727,19661124,    7,    0
  4970,132727,19661125,    6,    0
  4970,132727,19661126,    8,    0
  4970,132727,19661127,    8,    0
  4970,132727,19661128,    8,    0
  4970,132727,19661129,    7,    0
  4970,132727,19661130,    7,    0
  4970,132727,19661201,    8,    0
  4970,132727,19661202,    7,    0
  4970,132727,19661203,    8,    0
  4970,132727,19661204,    8,    0
  4970,132727,19661205,    8,    0
  4970,132727,19661206,    4,    0
  4970,132727,19661207,    4,    0
  4970,132727,19661208,    8,    0
  4970,132727,19661209,    6,    0
  4970,132727,19661210,    8,    0
  4970,132727,19661211,    7,    0
  4970,132727,19661212,    8,    0
  4970,132727,19661213,    8,    0
  4970,132727,19661214,    7,    0
  4970,132727,19661215,    4,    0
  4970,132727,19661216,    6,    0
  4970,132727,19661217,    8,    0
  4970,132727,19661218,    8,    0
  4970,132727,19661219,    8,    0
  4970,132727,19661220,    7,    0
  4970,132727,19661221,    8,    0
  4970,132727,19661222,    8,    0
  4970,132727,19661223,    8,    0
  4970,132727,19661224,    8,    0
  4970,132727,19661225,    7,    0
  4970,132727,19661226,    3,    0
  4970,132727,19661227,    7,    0
  4970,132727,19661228,    7,    0
  4970,132727,19661229,    8,    0
  4970,132727,19661230,    5,    0
  4970,132727,19661231,    8,    0
