EUROPEAN CLIMATE ASSESSMENT & DATASET (ECA&D), file created on: 21-12-2020
THESE DATA CAN BE USED FOR NON-COMMERCIAL RESEARCH AND EDUCATION PROVIDED THAT THE FOLLOWING SOURCE IS ACKNOWLEDGED: 

Klein Tank, A.M.G. and Coauthors, 2002. Daily dataset of 20th-century surface
air temperature and precipitation series for the European Climate Assessment.
Int. J. of Climatol., 22, 1441-1453.
Data and metadata available at http://www.ecad.eu

FILE FORMAT (MISSING VALUE CODE = -9999):

01-06 STAID: Station identifier
08-13 SOUID: Source identifier
15-22 DATE : Date YYYYMMDD
24-28 FG   : Wind speed in 0.1 m/s
30-34 Q_FG : quality code for FG (0='valid'; 1='suspect'; 9='missing')

This is the non-blended series (SOUID: 132736) of station Deuselbach, GERMANY (STAID:   4970)

 STAID,    SOUID,    DATE,   FG, Q_FG
  4970,132736,19680101,-9999,    9
  4970,132736,19680102,-9999,    9
  4970,132736,19680103,-9999,    9
  4970,132736,19680104,-9999,    9
  4970,132736,19680105,-9999,    9
  4970,132736,19680106,-9999,    9
  4970,132736,19680107,-9999,    9
  4970,132736,19680108,-9999,    9
  4970,132736,19680109,-9999,    9
  4970,132736,19680110,-9999,    9
  4970,132736,19680111,-9999,    9
  4970,132736,19680112,-9999,    9
  4970,132736,19680113,-9999,    9
  4970,132736,19680114,-9999,    9
  4970,132736,19680115,-9999,    9
  4970,132736,19680116,-9999,    9
  4970,132736,19680117,-9999,    9
  4970,132736,19680118,-9999,    9
  4970,132736,19680119,-9999,    9
  4970,132736,19680120,-9999,    9
  4970,132736,19680121,-9999,    9
  4970,132736,19680122,-9999,    9
  4970,132736,19680123,-9999,    9
  4970,132736,19680124,-9999,    9
  4970,132736,19680125,-9999,    9
  4970,132736,19680126,-9999,    9
  4970,132736,19680127,-9999,    9
  4970,132736,19680128,-9999,    9
  4970,132736,19680129,-9999,    9
  4970,132736,19680130,-9999,    9
  4970,132736,19680131,-9999,    9
  4970,132736,19680201,-9999,    9
  4970,132736,19680202,-9999,    9
  4970,132736,19680203,-9999,    9
  4970,132736,19680204,-9999,    9
  4970,132736,19680205,-9999,    9
  4970,132736,19680206,-9999,    9
  4970,132736,19680207,-9999,    9
  4970,132736,19680208,-9999,    9
  4970,132736,19680209,-9999,    9
  4970,132736,19680210,-9999,    9
  4970,132736,19680211,-9999,    9
  4970,132736,19680212,-9999,    9
  4970,132736,19680213,-9999,    9
  4970,132736,19680214,-9999,    9
  4970,132736,19680215,-9999,    9
  4970,132736,19680216,-9999,    9
  4970,132736,19680217,-9999,    9
  4970,132736,19680218,-9999,    9
  4970,132736,19680219,-9999,    9
  4970,132736,19680220,-9999,    9
  4970,132736,19680221,-9999,    9
  4970,132736,19680222,-9999,    9
  4970,132736,19680223,-9999,    9
  4970,132736,19680224,-9999,    9
  4970,132736,19680225,-9999,    9
  4970,132736,19680226,-9999,    9
  4970,132736,19680227,-9999,    9
  4970,132736,19680228,-9999,    9
  4970,132736,19680229,-9999,    9
  4970,132736,19680301,-9999,    9
  4970,132736,19680302,-9999,    9
  4970,132736,19680303,-9999,    9
  4970,132736,19680304,-9999,    9
  4970,132736,19680305,-9999,    9
  4970,132736,19680306,-9999,    9
  4970,132736,19680307,-9999,    9
  4970,132736,19680308,-9999,    9
  4970,132736,19680309,-9999,    9
  4970,132736,19680310,-9999,    9
  4970,132736,19680311,-9999,    9
  4970,132736,19680312,-9999,    9
  4970,132736,19680313,-9999,    9
  4970,132736,19680314,-9999,    9
  4970,132736,19680315,-9999,    9
  4970,132736,19680316,-9999,    9
  4970,132736,19680317,-9999,    9
  4970,132736,19680318,-9999,    9
  4970,132736,19680319,-9999,    9
  4970,132736,19680320,-9999,    9
  4970,132736,19680321,-9999,    9
  4970,132736,19680322,-9999,    9
  4970,132736,19680323,-9999,    9
  4970,132736,19680324,-9999,    9
  4970,132736,19680325,-9999,    9
  4970,132736,19680326,-9999,    9
  4970,132736,19680327,-9999,    9
  4970,132736,19680328,-9999,    9
  4970,132736,19680329,-9999,    9
  4970,132736,19680330,-9999,    9
  4970,132736,19680331,-9999,    9
  4970,132736,19680401,-9999,    9
  4970,132736,19680402,-9999,    9
  4970,132736,19680403,-9999,    9
  4970,132736,19680404,-9999,    9
  4970,132736,19680405,-9999,    9
  4970,132736,19680406,-9999,    9
  4970,132736,19680407,-9999,    9
  4970,132736,19680408,-9999,    9
  4970,132736,19680409,-9999,    9
  4970,132736,19680410,-9999,    9
  4970,132736,19680411,-9999,    9
  4970,132736,19680412,-9999,    9
  4970,132736,19680413,-9999,    9
  4970,132736,19680414,-9999,    9
  4970,132736,19680415,-9999,    9
  4970,132736,19680416,-9999,    9
  4970,132736,19680417,-9999,    9
  4970,132736,19680418,-9999,    9
  4970,132736,19680419,-9999,    9
  4970,132736,19680420,-9999,    9
  4970,132736,19680421,-9999,    9
  4970,132736,19680422,-9999,    9
  4970,132736,19680423,-9999,    9
  4970,132736,19680424,-9999,    9
  4970,132736,19680425,-9999,    9
  4970,132736,19680426,-9999,    9
  4970,132736,19680427,-9999,    9
  4970,132736,19680428,-9999,    9
  4970,132736,19680429,-9999,    9
  4970,132736,19680430,-9999,    9
  4970,132736,19680501,-9999,    9
  4970,132736,19680502,-9999,    9
  4970,132736,19680503,-9999,    9
  4970,132736,19680504,-9999,    9
  4970,132736,19680505,-9999,    9
  4970,132736,19680506,-9999,    9
  4970,132736,19680507,-9999,    9
  4970,132736,19680508,-9999,    9
  4970,132736,19680509,-9999,    9
  4970,132736,19680510,-9999,    9
  4970,132736,19680511,-9999,    9
  4970,132736,19680512,-9999,    9
  4970,132736,19680513,-9999,    9
  4970,132736,19680514,-9999,    9
  4970,132736,19680515,-9999,    9
  4970,132736,19680516,-9999,    9
  4970,132736,19680517,-9999,    9
  4970,132736,19680518,-9999,    9
  4970,132736,19680519,-9999,    9
  4970,132736,19680520,-9999,    9
  4970,132736,19680521,-9999,    9
  4970,132736,19680522,-9999,    9
  4970,132736,19680523,-9999,    9
  4970,132736,19680524,-9999,    9
  4970,132736,19680525,-9999,    9
  4970,132736,19680526,-9999,    9
  4970,132736,19680527,-9999,    9
  4970,132736,19680528,-9999,    9
  4970,132736,19680529,-9999,    9
  4970,132736,19680530,-9999,    9
  4970,132736,19680531,-9999,    9
  4970,132736,19680601,-9999,    9
  4970,132736,19680602,-9999,    9
  4970,132736,19680603,-9999,    9
  4970,132736,19680604,-9999,    9
  4970,132736,19680605,-9999,    9
  4970,132736,19680606,-9999,    9
  4970,132736,19680607,-9999,    9
  4970,132736,19680608,-9999,    9
  4970,132736,19680609,-9999,    9
  4970,132736,19680610,-9999,    9
  4970,132736,19680611,-9999,    9
  4970,132736,19680612,-9999,    9
  4970,132736,19680613,-9999,    9
  4970,132736,19680614,-9999,    9
  4970,132736,19680615,-9999,    9
  4970,132736,19680616,-9999,    9
  4970,132736,19680617,-9999,    9
  4970,132736,19680618,-9999,    9
  4970,132736,19680619,-9999,    9
  4970,132736,19680620,-9999,    9
  4970,132736,19680621,-9999,    9
  4970,132736,19680622,-9999,    9
  4970,132736,19680623,-9999,    9
  4970,132736,19680624,-9999,    9
  4970,132736,19680625,-9999,    9
  4970,132736,19680626,-9999,    9
  4970,132736,19680627,-9999,    9
  4970,132736,19680628,-9999,    9
  4970,132736,19680629,-9999,    9
  4970,132736,19680630,-9999,    9
  4970,132736,19680701,-9999,    9
  4970,132736,19680702,-9999,    9
  4970,132736,19680703,-9999,    9
  4970,132736,19680704,-9999,    9
  4970,132736,19680705,-9999,    9
  4970,132736,19680706,-9999,    9
  4970,132736,19680707,-9999,    9
  4970,132736,19680708,-9999,    9
  4970,132736,19680709,-9999,    9
  4970,132736,19680710,-9999,    9
  4970,132736,19680711,-9999,    9
  4970,132736,19680712,-9999,    9
  4970,132736,19680713,-9999,    9
  4970,132736,19680714,-9999,    9
  4970,132736,19680715,-9999,    9
  4970,132736,19680716,-9999,    9
  4970,132736,19680717,-9999,    9
  4970,132736,19680718,-9999,    9
  4970,132736,19680719,-9999,    9
  4970,132736,19680720,-9999,    9
  4970,132736,19680721,-9999,    9
  4970,132736,19680722,-9999,    9
  4970,132736,19680723,-9999,    9
  4970,132736,19680724,-9999,    9
  4970,132736,19680725,-9999,    9
  4970,132736,19680726,-9999,    9
  4970,132736,19680727,-9999,    9
  4970,132736,19680728,-9999,    9
  4970,132736,19680729,-9999,    9
  4970,132736,19680730,-9999,    9
  4970,132736,19680731,-9999,    9
  4970,132736,19680801,-9999,    9
  4970,132736,19680802,-9999,    9
  4970,132736,19680803,-9999,    9
  4970,132736,19680804,-9999,    9
  4970,132736,19680805,-9999,    9
  4970,132736,19680806,-9999,    9
  4970,132736,19680807,-9999,    9
  4970,132736,19680808,-9999,    9
  4970,132736,19680809,-9999,    9
  4970,132736,19680810,-9999,    9
  4970,132736,19680811,-9999,    9
  4970,132736,19680812,-9999,    9
  4970,132736,19680813,-9999,    9
  4970,132736,19680814,-9999,    9
  4970,132736,19680815,-9999,    9
  4970,132736,19680816,-9999,    9
  4970,132736,19680817,-9999,    9
  4970,132736,19680818,-9999,    9
  4970,132736,19680819,-9999,    9
  4970,132736,19680820,-9999,    9
  4970,132736,19680821,-9999,    9
  4970,132736,19680822,-9999,    9
  4970,132736,19680823,-9999,    9
  4970,132736,19680824,-9999,    9
  4970,132736,19680825,-9999,    9
  4970,132736,19680826,-9999,    9
  4970,132736,19680827,-9999,    9
  4970,132736,19680828,-9999,    9
  4970,132736,19680829,-9999,    9
  4970,132736,19680830,-9999,    9
  4970,132736,19680831,-9999,    9
  4970,132736,19680901,-9999,    9
  4970,132736,19680902,-9999,    9
  4970,132736,19680903,-9999,    9
  4970,132736,19680904,-9999,    9
  4970,132736,19680905,-9999,    9
  4970,132736,19680906,-9999,    9
  4970,132736,19680907,-9999,    9
  4970,132736,19680908,-9999,    9
  4970,132736,19680909,-9999,    9
  4970,132736,19680910,-9999,    9
  4970,132736,19680911,-9999,    9
  4970,132736,19680912,-9999,    9
  4970,132736,19680913,-9999,    9
  4970,132736,19680914,-9999,    9
  4970,132736,19680915,-9999,    9
  4970,132736,19680916,-9999,    9
  4970,132736,19680917,-9999,    9
  4970,132736,19680918,-9999,    9
  4970,132736,19680919,-9999,    9
  4970,132736,19680920,-9999,    9
  4970,132736,19680921,-9999,    9
  4970,132736,19680922,-9999,    9
  4970,132736,19680923,-9999,    9
  4970,132736,19680924,-9999,    9
  4970,132736,19680925,-9999,    9
  4970,132736,19680926,-9999,    9
  4970,132736,19680927,-9999,    9
  4970,132736,19680928,-9999,    9
  4970,132736,19680929,-9999,    9
  4970,132736,19680930,-9999,    9
  4970,132736,19681001,-9999,    9
  4970,132736,19681002,-9999,    9
  4970,132736,19681003,-9999,    9
  4970,132736,19681004,-9999,    9
  4970,132736,19681005,-9999,    9
  4970,132736,19681006,-9999,    9
  4970,132736,19681007,-9999,    9
  4970,132736,19681008,-9999,    9
  4970,132736,19681009,-9999,    9
  4970,132736,19681010,-9999,    9
  4970,132736,19681011,-9999,    9
  4970,132736,19681012,-9999,    9
  4970,132736,19681013,-9999,    9
  4970,132736,19681014,-9999,    9
  4970,132736,19681015,-9999,    9
  4970,132736,19681016,-9999,    9
  4970,132736,19681017,-9999,    9
  4970,132736,19681018,-9999,    9
  4970,132736,19681019,-9999,    9
  4970,132736,19681020,-9999,    9
  4970,132736,19681021,-9999,    9
  4970,132736,19681022,-9999,    9
  4970,132736,19681023,-9999,    9
  4970,132736,19681024,-9999,    9
  4970,132736,19681025,-9999,    9
  4970,132736,19681026,-9999,    9
  4970,132736,19681027,-9999,    9
  4970,132736,19681028,-9999,    9
  4970,132736,19681029,-9999,    9
  4970,132736,19681030,-9999,    9
  4970,132736,19681031,-9999,    9
  4970,132736,19681101,-9999,    9
  4970,132736,19681102,-9999,    9
  4970,132736,19681103,-9999,    9
  4970,132736,19681104,-9999,    9
  4970,132736,19681105,-9999,    9
  4970,132736,19681106,-9999,    9
  4970,132736,19681107,-9999,    9
  4970,132736,19681108,-9999,    9
  4970,132736,19681109,-9999,    9
  4970,132736,19681110,-9999,    9
  4970,132736,19681111,-9999,    9
  4970,132736,19681112,-9999,    9
  4970,132736,19681113,-9999,    9
  4970,132736,19681114,-9999,    9
  4970,132736,19681115,-9999,    9
  4970,132736,19681116,-9999,    9
  4970,132736,19681117,-9999,    9
  4970,132736,19681118,-9999,    9
  4970,132736,19681119,-9999,    9
  4970,132736,19681120,-9999,    9
  4970,132736,19681121,-9999,    9
  4970,132736,19681122,-9999,    9
  4970,132736,19681123,-9999,    9
  4970,132736,19681124,-9999,    9
  4970,132736,19681125,-9999,    9
  4970,132736,19681126,-9999,    9
  4970,132736,19681127,-9999,    9
  4970,132736,19681128,-9999,    9
  4970,132736,19681129,-9999,    9
  4970,132736,19681130,-9999,    9
  4970,132736,19681201,-9999,    9
  4970,132736,19681202,-9999,    9
  4970,132736,19681203,-9999,    9
  4970,132736,19681204,-9999,    9
  4970,132736,19681205,-9999,    9
  4970,132736,19681206,-9999,    9
  4970,132736,19681207,-9999,    9
  4970,132736,19681208,-9999,    9
  4970,132736,19681209,-9999,    9
  4970,132736,19681210,-9999,    9
  4970,132736,19681211,-9999,    9
  4970,132736,19681212,-9999,    9
  4970,132736,19681213,-9999,    9
  4970,132736,19681214,-9999,    9
  4970,132736,19681215,-9999,    9
  4970,132736,19681216,-9999,    9
  4970,132736,19681217,-9999,    9
  4970,132736,19681218,-9999,    9
  4970,132736,19681219,-9999,    9
  4970,132736,19681220,-9999,    9
  4970,132736,19681221,-9999,    9
  4970,132736,19681222,-9999,    9
  4970,132736,19681223,-9999,    9
  4970,132736,19681224,-9999,    9
  4970,132736,19681225,-9999,    9
  4970,132736,19681226,-9999,    9
  4970,132736,19681227,-9999,    9
  4970,132736,19681228,-9999,    9
  4970,132736,19681229,-9999,    9
  4970,132736,19681230,-9999,    9
  4970,132736,19681231,-9999,    9
  4970,132736,19690101,   41,    0
  4970,132736,19690102,   54,    0
  4970,132736,19690103,   36,    0
  4970,132736,19690104,   11,    0
  4970,132736,19690105,   34,    0
  4970,132736,19690106,   37,    0
  4970,132736,19690107,   76,    0
  4970,132736,19690108,   14,    0
  4970,132736,19690109,   15,    0
  4970,132736,19690110,   45,    0
  4970,132736,19690111,   18,    0
  4970,132736,19690112,   50,    0
  4970,132736,19690113,   82,    0
  4970,132736,19690114,   52,    0
  4970,132736,19690115,   70,    0
  4970,132736,19690116,   61,    0
  4970,132736,19690117,   62,    0
  4970,132736,19690118,   69,    0
  4970,132736,19690119,   58,    0
  4970,132736,19690120,   24,    0
  4970,132736,19690121,   20,    0
  4970,132736,19690122,   23,    0
  4970,132736,19690123,   36,    0
  4970,132736,19690124,    5,    0
  4970,132736,19690125,   16,    0
  4970,132736,19690126,   44,    0
  4970,132736,19690127,   38,    0
  4970,132736,19690128,   51,    0
  4970,132736,19690129,   59,    0
  4970,132736,19690130,   60,    0
  4970,132736,19690131,   84,    0
  4970,132736,19690201,   47,    0
  4970,132736,19690202,   77,    0
  4970,132736,19690203,   39,    0
  4970,132736,19690204,   27,    0
  4970,132736,19690205,   23,    0
  4970,132736,19690206,   22,    0
  4970,132736,19690207,   60,    0
  4970,132736,19690208,   28,    0
  4970,132736,19690209,   61,    0
  4970,132736,19690210,   59,    0
  4970,132736,19690211,   42,    0
  4970,132736,19690212,   66,    0
  4970,132736,19690213,   27,    0
  4970,132736,19690214,   36,    0
  4970,132736,19690215,   53,    0
  4970,132736,19690216,   34,    0
  4970,132736,19690217,   27,    0
  4970,132736,19690218,   49,    0
  4970,132736,19690219,   45,    0
  4970,132736,19690220,   65,    0
  4970,132736,19690221,   54,    0
  4970,132736,19690222,   65,    0
  4970,132736,19690223,   48,    0
  4970,132736,19690224,   19,    0
  4970,132736,19690225,   29,    0
  4970,132736,19690226,   21,    0
  4970,132736,19690227,   20,    0
  4970,132736,19690228,   64,    0
  4970,132736,19690301,   53,    0
  4970,132736,19690302,   38,    0
  4970,132736,19690303,   63,    0
  4970,132736,19690304,   52,    0
  4970,132736,19690305,   83,    0
  4970,132736,19690306,   50,    0
  4970,132736,19690307,   25,    0
  4970,132736,19690308,   22,    0
  4970,132736,19690309,   33,    0
  4970,132736,19690310,   34,    0
  4970,132736,19690311,   50,    0
  4970,132736,19690312,   51,    0
  4970,132736,19690313,   63,    0
  4970,132736,19690314,   23,    0
  4970,132736,19690315,   38,    0
  4970,132736,19690316,   60,    0
  4970,132736,19690317,   53,    0
  4970,132736,19690318,   56,    0
  4970,132736,19690319,   47,    0
  4970,132736,19690320,   26,    0
  4970,132736,19690321,   54,    0
  4970,132736,19690322,   66,    0
  4970,132736,19690323,   41,    0
  4970,132736,19690324,   24,    0
  4970,132736,19690325,   41,    0
  4970,132736,19690326,   54,    0
  4970,132736,19690327,   47,    0
  4970,132736,19690328,   29,    0
  4970,132736,19690329,   18,    0
  4970,132736,19690330,   63,    0
  4970,132736,19690331,   85,    0
  4970,132736,19690401,   77,    0
  4970,132736,19690402,   27,    0
  4970,132736,19690403,   42,    0
  4970,132736,19690404,   53,    0
  4970,132736,19690405,   81,    0
  4970,132736,19690406,   73,    0
  4970,132736,19690407,   52,    0
  4970,132736,19690408,   44,    0
  4970,132736,19690409,   37,    0
  4970,132736,19690410,   25,    0
  4970,132736,19690411,   74,    0
  4970,132736,19690412,  100,    0
  4970,132736,19690413,   55,    0
  4970,132736,19690414,   36,    0
  4970,132736,19690415,   78,    0
  4970,132736,19690416,   80,    0
  4970,132736,19690417,   60,    0
  4970,132736,19690418,   58,    0
  4970,132736,19690419,   26,    0
  4970,132736,19690420,   33,    0
  4970,132736,19690421,   80,    0
  4970,132736,19690422,   60,    0
  4970,132736,19690423,   75,    0
  4970,132736,19690424,   56,    0
  4970,132736,19690425,   53,    0
  4970,132736,19690426,   63,    0
  4970,132736,19690427,   19,    0
  4970,132736,19690428,   20,    0
  4970,132736,19690429,   31,    0
  4970,132736,19690430,   47,    0
  4970,132736,19690501,   23,    0
  4970,132736,19690502,   53,    0
  4970,132736,19690503,   52,    0
  4970,132736,19690504,   21,    0
  4970,132736,19690505,   27,    0
  4970,132736,19690506,   44,    0
  4970,132736,19690507,   34,    0
  4970,132736,19690508,   32,    0
  4970,132736,19690509,   26,    0
  4970,132736,19690510,   43,    0
  4970,132736,19690511,   31,    0
  4970,132736,19690512,   21,    0
  4970,132736,19690513,   47,    0
  4970,132736,19690514,   48,    0
  4970,132736,19690515,   44,    0
  4970,132736,19690516,   73,    0
  4970,132736,19690517,   48,    0
  4970,132736,19690518,   54,    0
  4970,132736,19690519,   65,    0
  4970,132736,19690520,   37,    0
  4970,132736,19690521,   23,    0
  4970,132736,19690522,   21,    0
  4970,132736,19690523,   44,    0
  4970,132736,19690524,   55,    0
  4970,132736,19690525,   34,    0
  4970,132736,19690526,   46,    0
  4970,132736,19690527,   41,    0
  4970,132736,19690528,   41,    0
  4970,132736,19690529,   35,    0
  4970,132736,19690530,   49,    0
  4970,132736,19690531,   54,    0
  4970,132736,19690601,   42,    0
  4970,132736,19690602,   26,    0
  4970,132736,19690603,   59,    0
  4970,132736,19690604,   36,    0
  4970,132736,19690605,   51,    0
  4970,132736,19690606,   56,    0
  4970,132736,19690607,   40,    0
  4970,132736,19690608,   53,    0
  4970,132736,19690609,   49,    0
  4970,132736,19690610,   45,    0
  4970,132736,19690611,   56,    0
  4970,132736,19690612,   43,    0
  4970,132736,19690613,   23,    0
  4970,132736,19690614,   11,    0
  4970,132736,19690615,   17,    0
  4970,132736,19690616,   27,    0
  4970,132736,19690617,   45,    0
  4970,132736,19690618,   48,    0
  4970,132736,19690619,   36,    0
  4970,132736,19690620,   34,    0
  4970,132736,19690621,   32,    0
  4970,132736,19690622,   35,    0
  4970,132736,19690623,   48,    0
  4970,132736,19690624,   45,    0
  4970,132736,19690625,   61,    0
  4970,132736,19690626,   33,    0
  4970,132736,19690627,   23,    0
  4970,132736,19690628,   33,    0
  4970,132736,19690629,   15,    0
  4970,132736,19690630,   19,    0
  4970,132736,19690701,   14,    0
  4970,132736,19690702,   15,    0
  4970,132736,19690703,   19,    0
  4970,132736,19690704,   19,    0
  4970,132736,19690705,   33,    0
  4970,132736,19690706,   23,    0
  4970,132736,19690707,   87,    0
  4970,132736,19690708,   34,    0
  4970,132736,19690709,   34,    0
  4970,132736,19690710,   28,    0
  4970,132736,19690711,   38,    0
  4970,132736,19690712,   30,    0
  4970,132736,19690713,   24,    0
  4970,132736,19690714,   27,    0
  4970,132736,19690715,   50,    0
  4970,132736,19690716,   48,    0
  4970,132736,19690717,   42,    0
  4970,132736,19690718,   18,    0
  4970,132736,19690719,   26,    0
  4970,132736,19690720,   39,    0
  4970,132736,19690721,   17,    0
  4970,132736,19690722,   25,    0
  4970,132736,19690723,   32,    0
  4970,132736,19690724,   24,    0
  4970,132736,19690725,   18,    0
  4970,132736,19690726,   17,    0
  4970,132736,19690727,   26,    0
  4970,132736,19690728,   21,    0
  4970,132736,19690729,   51,    0
  4970,132736,19690730,   19,    0
  4970,132736,19690731,   31,    0
  4970,132736,19690801,   33,    0
  4970,132736,19690802,   48,    0
  4970,132736,19690803,   16,    0
  4970,132736,19690804,   17,    0
  4970,132736,19690805,   15,    0
  4970,132736,19690806,   20,    0
  4970,132736,19690807,   28,    0
  4970,132736,19690808,   39,    0
  4970,132736,19690809,   44,    0
  4970,132736,19690810,   43,    0
  4970,132736,19690811,   54,    0
  4970,132736,19690812,   59,    0
  4970,132736,19690813,   29,    0
  4970,132736,19690814,   24,    0
  4970,132736,19690815,   42,    0
  4970,132736,19690816,   42,    0
  4970,132736,19690817,   38,    0
  4970,132736,19690818,   28,    0
  4970,132736,19690819,   16,    0
  4970,132736,19690820,   28,    0
  4970,132736,19690821,   58,    0
  4970,132736,19690822,   47,    0
  4970,132736,19690823,   34,    0
  4970,132736,19690824,   45,    0
  4970,132736,19690825,   43,    0
  4970,132736,19690826,   49,    0
  4970,132736,19690827,   52,    0
  4970,132736,19690828,   61,    0
  4970,132736,19690829,   54,    0
  4970,132736,19690830,   16,    0
  4970,132736,19690831,   19,    0
  4970,132736,19690901,   24,    0
  4970,132736,19690902,   40,    0
  4970,132736,19690903,   27,    0
  4970,132736,19690904,   32,    0
  4970,132736,19690905,   36,    0
  4970,132736,19690906,   34,    0
  4970,132736,19690907,   35,    0
  4970,132736,19690908,   33,    0
  4970,132736,19690909,   25,    0
  4970,132736,19690910,   26,    0
  4970,132736,19690911,   30,    0
  4970,132736,19690912,   40,    0
  4970,132736,19690913,   31,    0
  4970,132736,19690914,   27,    0
  4970,132736,19690915,   12,    0
  4970,132736,19690916,   25,    0
  4970,132736,19690917,    9,    0
  4970,132736,19690918,   47,    0
  4970,132736,19690919,   42,    0
  4970,132736,19690920,   16,    0
  4970,132736,19690921,   55,    0
  4970,132736,19690922,   62,    0
  4970,132736,19690923,   20,    0
  4970,132736,19690924,   53,    0
  4970,132736,19690925,   36,    0
  4970,132736,19690926,   29,    0
  4970,132736,19690927,   50,    0
  4970,132736,19690928,   24,    0
  4970,132736,19690929,   28,    0
  4970,132736,19690930,   20,    0
  4970,132736,19691001,   39,    0
  4970,132736,19691002,   48,    0
  4970,132736,19691003,   36,    0
  4970,132736,19691004,   22,    0
  4970,132736,19691005,   30,    0
  4970,132736,19691006,   18,    0
  4970,132736,19691007,    8,    0
  4970,132736,19691008,   11,    0
  4970,132736,19691009,   25,    0
  4970,132736,19691010,   15,    0
  4970,132736,19691011,   26,    0
  4970,132736,19691012,   31,    0
  4970,132736,19691013,   21,    0
  4970,132736,19691014,   40,    0
  4970,132736,19691015,   16,    0
  4970,132736,19691016,   25,    0
  4970,132736,19691017,   41,    0
  4970,132736,19691018,   26,    0
  4970,132736,19691019,   17,    0
  4970,132736,19691020,   14,    0
  4970,132736,19691021,   18,    0
  4970,132736,19691022,   13,    0
  4970,132736,19691023,   17,    0
  4970,132736,19691024,   54,    0
  4970,132736,19691025,   31,    0
  4970,132736,19691026,   26,    0
  4970,132736,19691027,   15,    0
  4970,132736,19691028,   13,    0
  4970,132736,19691029,   28,    0
  4970,132736,19691030,   50,    0
  4970,132736,19691031,   33,    0
  4970,132736,19691101,   38,    0
  4970,132736,19691102,   45,    0
  4970,132736,19691103,   71,    0
  4970,132736,19691104,   91,    0
  4970,132736,19691105,   35,    0
  4970,132736,19691106,   38,    0
  4970,132736,19691107,   89,    0
  4970,132736,19691108,   92,    0
  4970,132736,19691109,  101,    0
  4970,132736,19691110,   95,    0
  4970,132736,19691111,   74,    0
  4970,132736,19691112,   82,    0
  4970,132736,19691113,   50,    0
  4970,132736,19691114,   50,    0
  4970,132736,19691115,   74,    0
  4970,132736,19691116,   79,    0
  4970,132736,19691117,   73,    0
  4970,132736,19691118,   53,    0
  4970,132736,19691119,   94,    0
  4970,132736,19691120,   76,    0
  4970,132736,19691121,   45,    0
  4970,132736,19691122,   38,    0
  4970,132736,19691123,   25,    0
  4970,132736,19691124,   26,    0
  4970,132736,19691125,   21,    0
  4970,132736,19691126,   47,    0
  4970,132736,19691127,   55,    0
  4970,132736,19691128,   75,    0
  4970,132736,19691129,   67,    0
  4970,132736,19691130,   27,    0
  4970,132736,19691201,    2,    0
  4970,132736,19691202,   14,    0
  4970,132736,19691203,   29,    0
  4970,132736,19691204,   19,    0
  4970,132736,19691205,    4,    0
  4970,132736,19691206,    9,    0
  4970,132736,19691207,    6,    0
  4970,132736,19691208,    4,    0
  4970,132736,19691209,   17,    0
  4970,132736,19691210,   19,    0
  4970,132736,19691211,    6,    0
  4970,132736,19691212,   10,    0
  4970,132736,19691213,   14,    0
  4970,132736,19691214,   29,    0
  4970,132736,19691215,   38,    0
  4970,132736,19691216,   26,    0
  4970,132736,19691217,   10,    0
  4970,132736,19691218,   14,    0
  4970,132736,19691219,   13,    0
  4970,132736,19691220,    9,    0
  4970,132736,19691221,    1,    0
  4970,132736,19691222,   12,    0
  4970,132736,19691223,   22,    0
  4970,132736,19691224,   13,    0
  4970,132736,19691225,    5,    0
  4970,132736,19691226,   26,    0
  4970,132736,19691227,   30,    0
  4970,132736,19691228,   25,    0
  4970,132736,19691229,   26,    0
  4970,132736,19691230,   30,    0
  4970,132736,19691231,   29,    0
  4970,132736,19700101,   19,    0
  4970,132736,19700102,   67,    0
  4970,132736,19700103,   77,    0
  4970,132736,19700104,   29,    0
  4970,132736,19700105,   46,    0
  4970,132736,19700106,   46,    0
  4970,132736,19700107,   46,    0
  4970,132736,19700108,  156,    0
  4970,132736,19700109,   92,    0
  4970,132736,19700110,   84,    0
  4970,132736,19700111,   49,    0
  4970,132736,19700112,   43,    0
  4970,132736,19700113,   30,    0
  4970,132736,19700114,   51,    0
  4970,132736,19700115,   42,    0
  4970,132736,19700116,   39,    0
  4970,132736,19700117,   23,    0
  4970,132736,19700118,   31,    0
  4970,132736,19700119,   13,    0
  4970,132736,19700120,   12,    0
  4970,132736,19700121,   17,    0
  4970,132736,19700122,   12,    0
  4970,132736,19700123,   39,    0
  4970,132736,19700124,   57,    0
  4970,132736,19700125,   47,    0
  4970,132736,19700126,   38,    0
  4970,132736,19700127,   47,    0
  4970,132736,19700128,   16,    0
  4970,132736,19700129,   30,    0
  4970,132736,19700130,   56,    0
  4970,132736,19700131,   37,    0
  4970,132736,19700201,   24,    0
  4970,132736,19700202,   65,    0
  4970,132736,19700203,  115,    0
  4970,132736,19700204,   59,    0
  4970,132736,19700205,   54,    0
  4970,132736,19700206,   46,    0
  4970,132736,19700207,   60,    0
  4970,132736,19700208,   83,    0
  4970,132736,19700209,   82,    0
  4970,132736,19700210,   78,    0
  4970,132736,19700211,   41,    0
  4970,132736,19700212,   74,    0
  4970,132736,19700213,   69,    0
  4970,132736,19700214,   51,    0
  4970,132736,19700215,   24,    0
  4970,132736,19700216,   43,    0
  4970,132736,19700217,   75,    0
  4970,132736,19700218,   87,    0
  4970,132736,19700219,   44,    0
  4970,132736,19700220,   86,    0
  4970,132736,19700221,   93,    0
  4970,132736,19700222,  100,    0
  4970,132736,19700223,   77,    0
  4970,132736,19700224,   30,    0
  4970,132736,19700225,   29,    0
  4970,132736,19700226,   27,    0
  4970,132736,19700227,   46,    0
  4970,132736,19700228,   41,    0
  4970,132736,19700301,   39,    0
  4970,132736,19700302,   70,    0
  4970,132736,19700303,   14,    0
  4970,132736,19700304,   27,    0
  4970,132736,19700305,   50,    0
  4970,132736,19700306,   65,    0
  4970,132736,19700307,   49,    0
  4970,132736,19700308,   69,    0
  4970,132736,19700309,   33,    0
  4970,132736,19700310,   45,    0
  4970,132736,19700311,   15,    0
  4970,132736,19700312,   56,    0
  4970,132736,19700313,   33,    0
  4970,132736,19700314,   67,    0
  4970,132736,19700315,   49,    0
  4970,132736,19700316,   20,    0
  4970,132736,19700317,   60,    0
  4970,132736,19700318,   86,    0
  4970,132736,19700319,   75,    0
  4970,132736,19700320,   70,    0
  4970,132736,19700321,   46,    0
  4970,132736,19700322,   25,    0
  4970,132736,19700323,   19,    0
  4970,132736,19700324,   33,    0
  4970,132736,19700325,   31,    0
  4970,132736,19700326,   30,    0
  4970,132736,19700327,   49,    0
  4970,132736,19700328,   76,    0
  4970,132736,19700329,   56,    0
  4970,132736,19700330,   76,    0
  4970,132736,19700331,   71,    0
  4970,132736,19700401,   64,    0
  4970,132736,19700402,   52,    0
  4970,132736,19700403,   50,    0
  4970,132736,19700404,   40,    0
  4970,132736,19700405,   46,    0
  4970,132736,19700406,   70,    0
  4970,132736,19700407,   48,    0
  4970,132736,19700408,   25,    0
  4970,132736,19700409,   16,    0
  4970,132736,19700410,   45,    0
  4970,132736,19700411,   45,    0
  4970,132736,19700412,   44,    0
  4970,132736,19700413,   56,    0
  4970,132736,19700414,   32,    0
  4970,132736,19700415,   27,    0
  4970,132736,19700416,   42,    0
  4970,132736,19700417,   51,    0
  4970,132736,19700418,   48,    0
  4970,132736,19700419,   22,    0
  4970,132736,19700420,   43,    0
  4970,132736,19700421,   78,    0
  4970,132736,19700422,   82,    0
  4970,132736,19700423,   84,    0
  4970,132736,19700424,   55,    0
  4970,132736,19700425,   69,    0
  4970,132736,19700426,   58,    0
  4970,132736,19700427,   46,    0
  4970,132736,19700428,   34,    0
  4970,132736,19700429,   84,    0
  4970,132736,19700430,   68,    0
  4970,132736,19700501,   29,    0
  4970,132736,19700502,   14,    0
  4970,132736,19700503,   22,    0
  4970,132736,19700504,   33,    0
  4970,132736,19700505,   63,    0
  4970,132736,19700506,   55,    0
  4970,132736,19700507,   45,    0
  4970,132736,19700508,   49,    0
  4970,132736,19700509,   37,    0
  4970,132736,19700510,   34,    0
  4970,132736,19700511,   59,    0
  4970,132736,19700512,   62,    0
  4970,132736,19700513,   51,    0
  4970,132736,19700514,   24,    0
  4970,132736,19700515,   44,    0
  4970,132736,19700516,   21,    0
  4970,132736,19700517,   20,    0
  4970,132736,19700518,   34,    0
  4970,132736,19700519,   23,    0
  4970,132736,19700520,   31,    0
  4970,132736,19700521,   65,    0
  4970,132736,19700522,   54,    0
  4970,132736,19700523,   29,    0
  4970,132736,19700524,   25,    0
  4970,132736,19700525,   30,    0
  4970,132736,19700526,   44,    0
  4970,132736,19700527,   51,    0
  4970,132736,19700528,   22,    0
  4970,132736,19700529,   25,    0
  4970,132736,19700530,   41,    0
  4970,132736,19700531,   49,    0
  4970,132736,19700601,   41,    0
  4970,132736,19700602,   33,    0
  4970,132736,19700603,   47,    0
  4970,132736,19700604,   69,    0
  4970,132736,19700605,   53,    0
  4970,132736,19700606,   53,    0
  4970,132736,19700607,   33,    0
  4970,132736,19700608,   26,    0
  4970,132736,19700609,   30,    0
  4970,132736,19700610,   22,    0
  4970,132736,19700611,   13,    0
  4970,132736,19700612,   22,    0
  4970,132736,19700613,   21,    0
  4970,132736,19700614,   23,    0
  4970,132736,19700615,   15,    0
  4970,132736,19700616,   17,    0
  4970,132736,19700617,   32,    0
  4970,132736,19700618,   70,    0
  4970,132736,19700619,   34,    0
  4970,132736,19700620,   11,    0
  4970,132736,19700621,   20,    0
  4970,132736,19700622,   27,    0
  4970,132736,19700623,   31,    0
  4970,132736,19700624,   41,    0
  4970,132736,19700625,   33,    0
  4970,132736,19700626,   22,    0
  4970,132736,19700627,   32,    0
  4970,132736,19700628,   30,    0
  4970,132736,19700629,   47,    0
  4970,132736,19700630,   54,    0
  4970,132736,19700701,   63,    0
  4970,132736,19700702,   74,    0
  4970,132736,19700703,   58,    0
  4970,132736,19700704,   36,    0
  4970,132736,19700705,   35,    0
  4970,132736,19700706,   15,    0
  4970,132736,19700707,   31,    0
  4970,132736,19700708,   46,    0
  4970,132736,19700709,   46,    0
  4970,132736,19700710,   41,    0
  4970,132736,19700711,   25,    0
  4970,132736,19700712,   28,    0
  4970,132736,19700713,   30,    0
  4970,132736,19700714,   63,    0
  4970,132736,19700715,   66,    0
  4970,132736,19700716,   49,    0
  4970,132736,19700717,   33,    0
  4970,132736,19700718,   29,    0
  4970,132736,19700719,   54,    0
  4970,132736,19700720,   64,    0
  4970,132736,19700721,   29,    0
  4970,132736,19700722,   18,    0
  4970,132736,19700723,   29,    0
  4970,132736,19700724,   47,    0
  4970,132736,19700725,   72,    0
  4970,132736,19700726,   65,    0
  4970,132736,19700727,   52,    0
  4970,132736,19700728,   38,    0
  4970,132736,19700729,   29,    0
  4970,132736,19700730,   23,    0
  4970,132736,19700731,   14,    0
  4970,132736,19700801,   22,    0
  4970,132736,19700802,   16,    0
  4970,132736,19700803,   22,    0
  4970,132736,19700804,   18,    0
  4970,132736,19700805,   27,    0
  4970,132736,19700806,   22,    0
  4970,132736,19700807,   18,    0
  4970,132736,19700808,   33,    0
  4970,132736,19700809,   16,    0
  4970,132736,19700810,   37,    0
  4970,132736,19700811,   43,    0
  4970,132736,19700812,   12,    0
  4970,132736,19700813,   29,    0
  4970,132736,19700814,   37,    0
  4970,132736,19700815,   15,    0
  4970,132736,19700816,   57,    0
  4970,132736,19700817,   50,    0
  4970,132736,19700818,   22,    0
  4970,132736,19700819,   39,    0
  4970,132736,19700820,   42,    0
  4970,132736,19700821,   32,    0
  4970,132736,19700822,   21,    0
  4970,132736,19700823,   17,    0
  4970,132736,19700824,   22,    0
  4970,132736,19700825,   17,    0
  4970,132736,19700826,   33,    0
  4970,132736,19700827,   45,    0
  4970,132736,19700828,   26,    0
  4970,132736,19700829,   33,    0
  4970,132736,19700830,    7,    0
  4970,132736,19700831,   23,    0
  4970,132736,19700901,   43,    0
  4970,132736,19700902,   28,    0
  4970,132736,19700903,   48,    0
  4970,132736,19700904,   57,    0
  4970,132736,19700905,   72,    0
  4970,132736,19700906,   53,    0
  4970,132736,19700907,   48,    0
  4970,132736,19700908,   75,    0
  4970,132736,19700909,   64,    0
  4970,132736,19700910,   38,    0
  4970,132736,19700911,   36,    0
  4970,132736,19700912,   60,    0
  4970,132736,19700913,   71,    0
  4970,132736,19700914,   67,    0
  4970,132736,19700915,   51,    0
  4970,132736,19700916,   73,    0
  4970,132736,19700917,   24,    0
  4970,132736,19700918,   26,    0
  4970,132736,19700919,   13,    0
  4970,132736,19700920,   14,    0
  4970,132736,19700921,   17,    0
  4970,132736,19700922,   32,    0
  4970,132736,19700923,   20,    0
  4970,132736,19700924,   21,    0
  4970,132736,19700925,   14,    0
  4970,132736,19700926,   28,    0
  4970,132736,19700927,   47,    0
  4970,132736,19700928,   51,    0
  4970,132736,19700929,   39,    0
  4970,132736,19700930,   50,    0
  4970,132736,19701001,   58,    0
  4970,132736,19701002,   91,    0
  4970,132736,19701003,  103,    0
  4970,132736,19701004,   61,    0
  4970,132736,19701005,   61,    0
  4970,132736,19701006,   52,    0
  4970,132736,19701007,   39,    0
  4970,132736,19701008,   13,    0
  4970,132736,19701009,   27,    0
  4970,132736,19701010,   15,    0
  4970,132736,19701011,   54,    0
  4970,132736,19701012,   23,    0
  4970,132736,19701013,    9,    0
  4970,132736,19701014,   23,    0
  4970,132736,19701015,   55,    0
  4970,132736,19701016,   68,    0
  4970,132736,19701017,   46,    0
  4970,132736,19701018,   19,    0
  4970,132736,19701019,   74,    0
  4970,132736,19701020,   65,    0
  4970,132736,19701021,   56,    0
  4970,132736,19701022,   44,    0
  4970,132736,19701023,   40,    0
  4970,132736,19701024,   32,    0
  4970,132736,19701025,   64,    0
  4970,132736,19701026,   67,    0
  4970,132736,19701027,   27,    0
  4970,132736,19701028,   69,    0
  4970,132736,19701029,   54,    0
  4970,132736,19701030,   59,    0
  4970,132736,19701031,   65,    0
  4970,132736,19701101,   81,    0
  4970,132736,19701102,   74,    0
  4970,132736,19701103,   99,    0
  4970,132736,19701104,   73,    0
  4970,132736,19701105,   80,    0
  4970,132736,19701106,   43,    0
  4970,132736,19701107,   21,    0
  4970,132736,19701108,   38,    0
  4970,132736,19701109,   91,    0
  4970,132736,19701110,   64,    0
  4970,132736,19701111,   72,    0
  4970,132736,19701112,   64,    0
  4970,132736,19701113,   43,    0
  4970,132736,19701114,   40,    0
  4970,132736,19701115,   62,    0
  4970,132736,19701116,   54,    0
  4970,132736,19701117,   54,    0
  4970,132736,19701118,   82,    0
  4970,132736,19701119,   83,    0
  4970,132736,19701120,   64,    0
  4970,132736,19701121,   45,    0
  4970,132736,19701122,   44,    0
  4970,132736,19701123,   19,    0
  4970,132736,19701124,   31,    0
  4970,132736,19701125,   32,    0
  4970,132736,19701126,   11,    0
  4970,132736,19701127,   16,    0
  4970,132736,19701128,   20,    0
  4970,132736,19701129,   68,    0
  4970,132736,19701130,   69,    0
  4970,132736,19701201,   65,    0
  4970,132736,19701202,   62,    0
  4970,132736,19701203,   80,    0
  4970,132736,19701204,   35,    0
  4970,132736,19701205,   55,    0
  4970,132736,19701206,   56,    0
  4970,132736,19701207,   27,    0
  4970,132736,19701208,   33,    0
  4970,132736,19701209,   42,    0
  4970,132736,19701210,   49,    0
  4970,132736,19701211,   28,    0
  4970,132736,19701212,   23,    0
  4970,132736,19701213,    7,    0
  4970,132736,19701214,   30,    0
  4970,132736,19701215,   12,    0
  4970,132736,19701216,   25,    0
  4970,132736,19701217,   21,    0
  4970,132736,19701218,   14,    0
  4970,132736,19701219,    4,    0
  4970,132736,19701220,   14,    0
  4970,132736,19701221,   37,    0
  4970,132736,19701222,   49,    0
  4970,132736,19701223,   22,    0
  4970,132736,19701224,   51,    0
  4970,132736,19701225,   55,    0
  4970,132736,19701226,   49,    0
  4970,132736,19701227,   71,    0
  4970,132736,19701228,   37,    0
  4970,132736,19701229,   43,    0
  4970,132736,19701230,   38,    0
  4970,132736,19701231,   16,    0
  4970,132736,19710101,   18,    0
  4970,132736,19710102,   26,    0
  4970,132736,19710103,    7,    0
  4970,132736,19710104,   10,    0
  4970,132736,19710105,   22,    0
  4970,132736,19710106,   10,    0
  4970,132736,19710107,   18,    0
  4970,132736,19710108,   13,    0
  4970,132736,19710109,   12,    0
  4970,132736,19710110,   37,    0
  4970,132736,19710111,   56,    0
  4970,132736,19710112,   13,    0
  4970,132736,19710113,   16,    0
  4970,132736,19710114,   17,    0
  4970,132736,19710115,   17,    0
  4970,132736,19710116,   36,    0
  4970,132736,19710117,   24,    0
  4970,132736,19710118,   63,    0
  4970,132736,19710119,   69,    0
  4970,132736,19710120,   52,    0
  4970,132736,19710121,   45,    0
  4970,132736,19710122,   76,    0
  4970,132736,19710123,   91,    0
  4970,132736,19710124,   86,    0
  4970,132736,19710125,   77,    0
  4970,132736,19710126,   89,    0
  4970,132736,19710127,   88,    0
  4970,132736,19710128,   73,    0
  4970,132736,19710129,   42,    0
  4970,132736,19710130,   75,    0
  4970,132736,19710131,   37,    0
  4970,132736,19710201,   77,    0
  4970,132736,19710202,   30,    0
  4970,132736,19710203,   44,    0
  4970,132736,19710204,   22,    0
  4970,132736,19710205,   40,    0
  4970,132736,19710206,   28,    0
  4970,132736,19710207,   19,    0
  4970,132736,19710208,   15,    0
  4970,132736,19710209,   18,    0
  4970,132736,19710210,   36,    0
  4970,132736,19710211,    9,    0
  4970,132736,19710212,   41,    0
  4970,132736,19710213,   88,    0
  4970,132736,19710214,   60,    0
  4970,132736,19710215,   86,    0
  4970,132736,19710216,   56,    0
  4970,132736,19710217,   52,    0
  4970,132736,19710218,   61,    0
  4970,132736,19710219,   36,    0
  4970,132736,19710220,   19,    0
  4970,132736,19710221,   46,    0
  4970,132736,19710222,   52,    0
  4970,132736,19710223,   38,    0
  4970,132736,19710224,   23,    0
  4970,132736,19710225,   54,    0
  4970,132736,19710226,   60,    0
  4970,132736,19710227,   36,    0
  4970,132736,19710228,   40,    0
  4970,132736,19710301,   35,    0
  4970,132736,19710302,   29,    0
  4970,132736,19710303,   53,    0
  4970,132736,19710304,   42,    0
  4970,132736,19710305,   26,    0
  4970,132736,19710306,   38,    0
  4970,132736,19710307,   46,    0
  4970,132736,19710308,   19,    0
  4970,132736,19710309,   20,    0
  4970,132736,19710310,   56,    0
  4970,132736,19710311,   51,    0
  4970,132736,19710312,   38,    0
  4970,132736,19710313,   33,    0
  4970,132736,19710314,   36,    0
  4970,132736,19710315,   47,    0
  4970,132736,19710316,   38,    0
  4970,132736,19710317,   69,    0
  4970,132736,19710318,   80,    0
  4970,132736,19710319,   59,    0
  4970,132736,19710320,   45,    0
  4970,132736,19710321,   29,    0
  4970,132736,19710322,   86,    0
  4970,132736,19710323,   36,    0
  4970,132736,19710324,   59,    0
  4970,132736,19710325,   67,    0
  4970,132736,19710326,   34,    0
  4970,132736,19710327,   25,    0
  4970,132736,19710328,   31,    0
  4970,132736,19710329,   39,    0
  4970,132736,19710330,   57,    0
  4970,132736,19710331,   41,    0
  4970,132736,19710401,   22,    0
  4970,132736,19710402,   24,    0
  4970,132736,19710403,   22,    0
  4970,132736,19710404,   20,    0
  4970,132736,19710405,   23,    0
  4970,132736,19710406,   25,    0
  4970,132736,19710407,   23,    0
  4970,132736,19710408,   48,    0
  4970,132736,19710409,   38,    0
  4970,132736,19710410,   58,    0
  4970,132736,19710411,   46,    0
  4970,132736,19710412,   35,    0
  4970,132736,19710413,   32,    0
  4970,132736,19710414,   42,    0
  4970,132736,19710415,   24,    0
  4970,132736,19710416,   54,    0
  4970,132736,19710417,   62,    0
  4970,132736,19710418,   30,    0
  4970,132736,19710419,   22,    0
  4970,132736,19710420,   24,    0
  4970,132736,19710421,   58,    0
  4970,132736,19710422,   52,    0
  4970,132736,19710423,   76,    0
  4970,132736,19710424,   77,    0
  4970,132736,19710425,   61,    0
  4970,132736,19710426,   32,    0
  4970,132736,19710427,   46,    0
  4970,132736,19710428,   21,    0
  4970,132736,19710429,   23,    0
  4970,132736,19710430,   58,    0
  4970,132736,19710501,   58,    0
  4970,132736,19710502,   45,    0
  4970,132736,19710503,   31,    0
  4970,132736,19710504,   12,    0
  4970,132736,19710505,   27,    0
  4970,132736,19710506,   32,    0
  4970,132736,19710507,   73,    0
  4970,132736,19710508,   28,    0
  4970,132736,19710509,   39,    0
  4970,132736,19710510,   23,    0
  4970,132736,19710511,   52,    0
  4970,132736,19710512,   33,    0
  4970,132736,19710513,   23,    0
  4970,132736,19710514,   25,    0
  4970,132736,19710515,   30,    0
  4970,132736,19710516,   55,    0
  4970,132736,19710517,   52,    0
  4970,132736,19710518,   40,    0
  4970,132736,19710519,   28,    0
  4970,132736,19710520,   42,    0
  4970,132736,19710521,   20,    0
  4970,132736,19710522,   24,    0
  4970,132736,19710523,   26,    0
  4970,132736,19710524,   26,    0
  4970,132736,19710525,   19,    0
  4970,132736,19710526,   17,    0
  4970,132736,19710527,   16,    0
  4970,132736,19710528,   33,    0
  4970,132736,19710529,   18,    0
  4970,132736,19710530,   17,    0
  4970,132736,19710531,   22,    0
  4970,132736,19710601,   29,    0
  4970,132736,19710602,   38,    0
  4970,132736,19710603,   38,    0
  4970,132736,19710604,   27,    0
  4970,132736,19710605,   13,    0
  4970,132736,19710606,   33,    0
  4970,132736,19710607,   28,    0
  4970,132736,19710608,   21,    0
  4970,132736,19710609,   19,    0
  4970,132736,19710610,   48,    0
  4970,132736,19710611,   31,    0
  4970,132736,19710612,   44,    0
  4970,132736,19710613,   34,    0
  4970,132736,19710614,   48,    0
  4970,132736,19710615,   49,    0
  4970,132736,19710616,   55,    0
  4970,132736,19710617,   39,    0
  4970,132736,19710618,   42,    0
  4970,132736,19710619,   81,    0
  4970,132736,19710620,   52,    0
  4970,132736,19710621,   52,    0
  4970,132736,19710622,   56,    0
  4970,132736,19710623,   25,    0
  4970,132736,19710624,   24,    0
  4970,132736,19710625,   14,    0
  4970,132736,19710626,   31,    0
  4970,132736,19710627,   61,    0
  4970,132736,19710628,   69,    0
  4970,132736,19710629,   46,    0
  4970,132736,19710630,   29,    0
  4970,132736,19710701,   18,    0
  4970,132736,19710702,   16,    0
  4970,132736,19710703,   25,    0
  4970,132736,19710704,   30,    0
  4970,132736,19710705,   21,    0
  4970,132736,19710706,   36,    0
  4970,132736,19710707,   31,    0
  4970,132736,19710708,   31,    0
  4970,132736,19710709,   16,    0
  4970,132736,19710710,   17,    0
  4970,132736,19710711,   21,    0
  4970,132736,19710712,   21,    0
  4970,132736,19710713,   41,    0
  4970,132736,19710714,   23,    0
  4970,132736,19710715,   24,    0
  4970,132736,19710716,   24,    0
  4970,132736,19710717,   30,    0
  4970,132736,19710718,   31,    0
  4970,132736,19710719,   24,    0
  4970,132736,19710720,   17,    0
  4970,132736,19710721,   17,    0
  4970,132736,19710722,   22,    0
  4970,132736,19710723,   53,    0
  4970,132736,19710724,   44,    0
  4970,132736,19710725,   45,    0
  4970,132736,19710726,   22,    0
  4970,132736,19710727,   37,    0
  4970,132736,19710728,   27,    0
  4970,132736,19710729,   16,    0
  4970,132736,19710730,   21,    0
  4970,132736,19710731,   46,    0
  4970,132736,19710801,   17,    0
  4970,132736,19710802,   23,    0
  4970,132736,19710803,   45,    0
  4970,132736,19710804,   51,    0
  4970,132736,19710805,   47,    0
  4970,132736,19710806,   27,    0
  4970,132736,19710807,   49,    0
  4970,132736,19710808,   38,    0
  4970,132736,19710809,   25,    0
  4970,132736,19710810,   23,    0
  4970,132736,19710811,   63,    0
  4970,132736,19710812,   35,    0
  4970,132736,19710813,   49,    0
  4970,132736,19710814,   42,    0
  4970,132736,19710815,   53,    0
  4970,132736,19710816,   19,    0
  4970,132736,19710817,   41,    0
  4970,132736,19710818,   65,    0
  4970,132736,19710819,   47,    0
  4970,132736,19710820,   42,    0
  4970,132736,19710821,   25,    0
  4970,132736,19710822,   13,    0
  4970,132736,19710823,   17,    0
  4970,132736,19710824,   51,    0
  4970,132736,19710825,   29,    0
  4970,132736,19710826,   29,    0
  4970,132736,19710827,   51,    0
  4970,132736,19710828,   44,    0
  4970,132736,19710829,   18,    0
  4970,132736,19710830,   32,    0
  4970,132736,19710831,   47,    0
  4970,132736,19710901,   43,    0
  4970,132736,19710902,   36,    0
  4970,132736,19710903,   17,    0
  4970,132736,19710904,   20,    0
  4970,132736,19710905,   31,    0
  4970,132736,19710906,   35,    0
  4970,132736,19710907,   56,    0
  4970,132736,19710908,   48,    0
  4970,132736,19710909,   32,    0
  4970,132736,19710910,   17,    0
  4970,132736,19710911,    9,    0
  4970,132736,19710912,   15,    0
  4970,132736,19710913,   27,    0
  4970,132736,19710914,   15,    0
  4970,132736,19710915,   31,    0
  4970,132736,19710916,   30,    0
  4970,132736,19710917,   12,    0
  4970,132736,19710918,   13,    0
  4970,132736,19710919,   17,    0
  4970,132736,19710920,   22,    0
  4970,132736,19710921,   24,    0
  4970,132736,19710922,   21,    0
  4970,132736,19710923,   47,    0
  4970,132736,19710924,   43,    0
  4970,132736,19710925,   33,    0
  4970,132736,19710926,   12,    0
  4970,132736,19710927,   36,    0
  4970,132736,19710928,   33,    0
  4970,132736,19710929,   17,    0
  4970,132736,19710930,   13,    0
  4970,132736,19711001,   30,    0
  4970,132736,19711002,    6,    0
  4970,132736,19711003,    6,    0
  4970,132736,19711004,   29,    0
  4970,132736,19711005,   45,    0
  4970,132736,19711006,   31,    0
  4970,132736,19711007,   17,    0
  4970,132736,19711008,   24,    0
  4970,132736,19711009,   28,    0
  4970,132736,19711010,   30,    0
  4970,132736,19711011,   28,    0
  4970,132736,19711012,   38,    0
  4970,132736,19711013,   29,    0
  4970,132736,19711014,   47,    0
  4970,132736,19711015,   31,    0
  4970,132736,19711016,   62,    0
  4970,132736,19711017,   37,    0
  4970,132736,19711018,   72,    0
  4970,132736,19711019,   79,    0
  4970,132736,19711020,   66,    0
  4970,132736,19711021,   60,    0
  4970,132736,19711022,   43,    0
  4970,132736,19711023,   12,    0
  4970,132736,19711024,   20,    0
  4970,132736,19711025,   20,    0
  4970,132736,19711026,   52,    0
  4970,132736,19711027,   57,    0
  4970,132736,19711028,   62,    0
  4970,132736,19711029,   44,    0
  4970,132736,19711030,   24,    0
  4970,132736,19711031,    8,    0
  4970,132736,19711101,   16,    0
  4970,132736,19711102,    7,    0
  4970,132736,19711103,   11,    0
  4970,132736,19711104,   32,    0
  4970,132736,19711105,   46,    0
  4970,132736,19711106,   48,    0
  4970,132736,19711107,   19,    0
  4970,132736,19711108,   61,    0
  4970,132736,19711109,   33,    0
  4970,132736,19711110,   74,    0
  4970,132736,19711111,   65,    0
  4970,132736,19711112,   35,    0
  4970,132736,19711113,   20,    0
  4970,132736,19711114,   23,    0
  4970,132736,19711115,   20,    0
  4970,132736,19711116,   65,    0
  4970,132736,19711117,   74,    0
  4970,132736,19711118,  100,    0
  4970,132736,19711119,   45,    0
  4970,132736,19711120,   26,    0
  4970,132736,19711121,  108,    0
  4970,132736,19711122,   88,    0
  4970,132736,19711123,   64,    0
  4970,132736,19711124,   28,    0
  4970,132736,19711125,   35,    0
  4970,132736,19711126,   18,    0
  4970,132736,19711127,   15,    0
  4970,132736,19711128,   14,    0
  4970,132736,19711129,   27,    0
  4970,132736,19711130,   43,    0
  4970,132736,19711201,   16,    0
  4970,132736,19711202,   21,    0
  4970,132736,19711203,   38,    0
  4970,132736,19711204,   11,    0
  4970,132736,19711205,   11,    0
  4970,132736,19711206,   21,    0
  4970,132736,19711207,   27,    0
  4970,132736,19711208,   41,    0
  4970,132736,19711209,   32,    0
  4970,132736,19711210,   55,    0
  4970,132736,19711211,   61,    0
  4970,132736,19711212,   65,    0
  4970,132736,19711213,   30,    0
  4970,132736,19711214,   12,    0
  4970,132736,19711215,   12,    0
  4970,132736,19711216,    5,    0
  4970,132736,19711217,    7,    0
  4970,132736,19711218,    7,    0
  4970,132736,19711219,   62,    0
  4970,132736,19711220,   98,    0
  4970,132736,19711221,   76,    0
  4970,132736,19711222,   39,    0
  4970,132736,19711223,   35,    0
  4970,132736,19711224,   14,    0
  4970,132736,19711225,    8,    0
  4970,132736,19711226,   12,    0
  4970,132736,19711227,   26,    0
  4970,132736,19711228,   22,    0
  4970,132736,19711229,   56,    0
  4970,132736,19711230,   55,    0
  4970,132736,19711231,   99,    0
  4970,132736,19720101,   46,    0
  4970,132736,19720102,   41,    0
  4970,132736,19720103,   28,    0
  4970,132736,19720104,   44,    0
  4970,132736,19720105,   28,    0
  4970,132736,19720106,   22,    0
  4970,132736,19720107,   25,    0
  4970,132736,19720108,   25,    0
  4970,132736,19720109,   12,    0
  4970,132736,19720110,   33,    0
  4970,132736,19720111,   48,    0
  4970,132736,19720112,   26,    0
  4970,132736,19720113,   48,    0
  4970,132736,19720114,   12,    0
  4970,132736,19720115,   62,    0
  4970,132736,19720116,   48,    0
  4970,132736,19720117,   77,    0
  4970,132736,19720118,   17,    0
  4970,132736,19720119,   41,    0
  4970,132736,19720120,   50,    0
  4970,132736,19720121,   23,    0
  4970,132736,19720122,   17,    0
  4970,132736,19720123,   15,    0
  4970,132736,19720124,   34,    0
  4970,132736,19720125,   44,    0
  4970,132736,19720126,   44,    0
  4970,132736,19720127,   74,    0
  4970,132736,19720128,   59,    0
  4970,132736,19720129,   81,    0
  4970,132736,19720130,   29,    0
  4970,132736,19720131,   21,    0
  4970,132736,19720201,   59,    0
  4970,132736,19720202,   80,    0
  4970,132736,19720203,  103,    0
  4970,132736,19720204,   56,    0
  4970,132736,19720205,   34,    0
  4970,132736,19720206,   81,    0
  4970,132736,19720207,   48,    0
  4970,132736,19720208,   25,    0
  4970,132736,19720209,   12,    0
  4970,132736,19720210,   22,    0
  4970,132736,19720211,   70,    0
  4970,132736,19720212,   70,    0
  4970,132736,19720213,   40,    0
  4970,132736,19720214,   30,    0
  4970,132736,19720215,   26,    0
  4970,132736,19720216,   39,    0
  4970,132736,19720217,   35,    0
  4970,132736,19720218,   30,    0
  4970,132736,19720219,   39,    0
  4970,132736,19720220,   27,    0
  4970,132736,19720221,   40,    0
  4970,132736,19720222,   32,    0
  4970,132736,19720223,   42,    0
  4970,132736,19720224,   63,    0
  4970,132736,19720225,   21,    0
  4970,132736,19720226,    9,    0
  4970,132736,19720227,   14,    0
  4970,132736,19720228,   15,    0
  4970,132736,19720229,    7,    0
  4970,132736,19720301,   22,    0
  4970,132736,19720302,   22,    0
  4970,132736,19720303,   43,    0
  4970,132736,19720304,   54,    0
  4970,132736,19720305,   50,    0
  4970,132736,19720306,   65,    0
  4970,132736,19720307,   51,    0
  4970,132736,19720308,   15,    0
  4970,132736,19720309,   22,    0
  4970,132736,19720310,   49,    0
  4970,132736,19720311,   57,    0
  4970,132736,19720312,   79,    0
  4970,132736,19720313,   42,    0
  4970,132736,19720314,   37,    0
  4970,132736,19720315,   38,    0
  4970,132736,19720316,   32,    0
  4970,132736,19720317,   27,    0
  4970,132736,19720318,   16,    0
  4970,132736,19720319,   17,    0
  4970,132736,19720320,   14,    0
  4970,132736,19720321,   18,    0
  4970,132736,19720322,   17,    0
  4970,132736,19720323,   23,    0
  4970,132736,19720324,   42,    0
  4970,132736,19720325,   49,    0
  4970,132736,19720326,   57,    0
  4970,132736,19720327,  106,    0
  4970,132736,19720328,  101,    0
  4970,132736,19720329,   65,    0
  4970,132736,19720330,   48,    0
  4970,132736,19720331,   65,    0
  4970,132736,19720401,   57,    0
  4970,132736,19720402,   58,    0
  4970,132736,19720403,   83,    0
  4970,132736,19720404,   46,    0
  4970,132736,19720405,   76,    0
  4970,132736,19720406,   75,    0
  4970,132736,19720407,   78,    0
  4970,132736,19720408,   79,    0
  4970,132736,19720409,   35,    0
  4970,132736,19720410,   53,    0
  4970,132736,19720411,   49,    0
  4970,132736,19720412,   15,    0
  4970,132736,19720413,   18,    0
  4970,132736,19720414,   19,    0
  4970,132736,19720415,   44,    0
  4970,132736,19720416,   38,    0
  4970,132736,19720417,   52,    0
  4970,132736,19720418,   19,    0
  4970,132736,19720419,   29,    0
  4970,132736,19720420,   54,    0
  4970,132736,19720421,   53,    0
  4970,132736,19720422,   56,    0
  4970,132736,19720423,   51,    0
  4970,132736,19720424,   57,    0
  4970,132736,19720425,   85,    0
  4970,132736,19720426,   30,    0
  4970,132736,19720427,   50,    0
  4970,132736,19720428,   46,    0
  4970,132736,19720429,   76,    0
  4970,132736,19720430,   59,    0
  4970,132736,19720501,   35,    0
  4970,132736,19720502,   14,    0
  4970,132736,19720503,   32,    0
  4970,132736,19720504,   31,    0
  4970,132736,19720505,   24,    0
  4970,132736,19720506,   20,    0
  4970,132736,19720507,   19,    0
  4970,132736,19720508,   17,    0
  4970,132736,19720509,   45,    0
  4970,132736,19720510,   54,    0
  4970,132736,19720511,   49,    0
  4970,132736,19720512,   43,    0
  4970,132736,19720513,   21,    0
  4970,132736,19720514,   40,    0
  4970,132736,19720515,   31,    0
  4970,132736,19720516,   42,    0
  4970,132736,19720517,   39,    0
  4970,132736,19720518,   30,    0
  4970,132736,19720519,   20,    0
  4970,132736,19720520,   20,    0
  4970,132736,19720521,   40,    0
  4970,132736,19720522,   26,    0
  4970,132736,19720523,   56,    0
  4970,132736,19720524,   52,    0
  4970,132736,19720525,   67,    0
  4970,132736,19720526,   88,    0
  4970,132736,19720527,   93,    0
  4970,132736,19720528,   83,    0
  4970,132736,19720529,   66,    0
  4970,132736,19720530,   68,    0
  4970,132736,19720531,   54,    0
  4970,132736,19720601,   40,    0
  4970,132736,19720602,   13,    0
  4970,132736,19720603,   35,    0
  4970,132736,19720604,   52,    0
  4970,132736,19720605,   50,    0
  4970,132736,19720606,   32,    0
  4970,132736,19720607,   31,    0
  4970,132736,19720608,   49,    0
  4970,132736,19720609,   26,    0
  4970,132736,19720610,   38,    0
  4970,132736,19720611,   26,    0
  4970,132736,19720612,   14,    0
  4970,132736,19720613,   25,    0
  4970,132736,19720614,   40,    0
  4970,132736,19720615,   24,    0
  4970,132736,19720616,   19,    0
  4970,132736,19720617,   13,    0
  4970,132736,19720618,   45,    0
  4970,132736,19720619,   49,    0
  4970,132736,19720620,   32,    0
  4970,132736,19720621,   42,    0
  4970,132736,19720622,   53,    0
  4970,132736,19720623,   68,    0
  4970,132736,19720624,   30,    0
  4970,132736,19720625,   22,    0
  4970,132736,19720626,   30,    0
  4970,132736,19720627,   27,    0
  4970,132736,19720628,   28,    0
  4970,132736,19720629,   22,    0
  4970,132736,19720630,   31,    0
  4970,132736,19720701,   34,    0
  4970,132736,19720702,   42,    0
  4970,132736,19720703,   46,    0
  4970,132736,19720704,   33,    0
  4970,132736,19720705,   51,    0
  4970,132736,19720706,   32,    0
  4970,132736,19720707,   27,    0
  4970,132736,19720708,   38,    0
  4970,132736,19720709,   45,    0
  4970,132736,19720710,   36,    0
  4970,132736,19720711,   15,    0
  4970,132736,19720712,   20,    0
  4970,132736,19720713,   28,    0
  4970,132736,19720714,   38,    0
  4970,132736,19720715,   38,    0
  4970,132736,19720716,   43,    0
  4970,132736,19720717,   40,    0
  4970,132736,19720718,   31,    0
  4970,132736,19720719,   25,    0
  4970,132736,19720720,   20,    0
  4970,132736,19720721,   17,    0
  4970,132736,19720722,   11,    0
  4970,132736,19720723,   10,    0
  4970,132736,19720724,   24,    0
  4970,132736,19720725,   20,    0
  4970,132736,19720726,   24,    0
  4970,132736,19720727,   22,    0
  4970,132736,19720728,   23,    0
  4970,132736,19720729,   19,    0
  4970,132736,19720730,   17,    0
  4970,132736,19720731,   31,    0
  4970,132736,19720801,   46,    0
  4970,132736,19720802,   48,    0
  4970,132736,19720803,   47,    0
  4970,132736,19720804,   41,    0
  4970,132736,19720805,   40,    0
  4970,132736,19720806,   28,    0
  4970,132736,19720807,   33,    0
  4970,132736,19720808,   50,    0
  4970,132736,19720809,   27,    0
  4970,132736,19720810,   10,    0
  4970,132736,19720811,   21,    0
  4970,132736,19720812,   60,    0
  4970,132736,19720813,   22,    0
  4970,132736,19720814,   27,    0
  4970,132736,19720815,   31,    0
  4970,132736,19720816,   33,    0
  4970,132736,19720817,   28,    0
  4970,132736,19720818,   51,    0
  4970,132736,19720819,   31,    0
  4970,132736,19720820,   18,    0
  4970,132736,19720821,   20,    0
  4970,132736,19720822,   23,    0
  4970,132736,19720823,   22,    0
  4970,132736,19720824,   16,    0
  4970,132736,19720825,   21,    0
  4970,132736,19720826,   22,    0
  4970,132736,19720827,   48,    0
  4970,132736,19720828,   44,    0
  4970,132736,19720829,   43,    0
  4970,132736,19720830,   62,    0
  4970,132736,19720831,   54,    0
  4970,132736,19720901,   42,    0
  4970,132736,19720902,   38,    0
  4970,132736,19720903,   43,    0
  4970,132736,19720904,   31,    0
  4970,132736,19720905,   32,    0
  4970,132736,19720906,   14,    0
  4970,132736,19720907,   33,    0
  4970,132736,19720908,   20,    0
  4970,132736,19720909,   36,    0
  4970,132736,19720910,   63,    0
  4970,132736,19720911,   40,    0
  4970,132736,19720912,   27,    0
  4970,132736,19720913,   15,    0
  4970,132736,19720914,   25,    0
  4970,132736,19720915,   40,    0
  4970,132736,19720916,   36,    0
  4970,132736,19720917,   56,    0
  4970,132736,19720918,   12,    0
  4970,132736,19720919,   20,    0
  4970,132736,19720920,   14,    0
  4970,132736,19720921,   19,    0
  4970,132736,19720922,   15,    0
  4970,132736,19720923,   28,    0
  4970,132736,19720924,   29,    0
  4970,132736,19720925,   28,    0
  4970,132736,19720926,   26,    0
  4970,132736,19720927,   13,    0
  4970,132736,19720928,   16,    0
  4970,132736,19720929,   22,    0
  4970,132736,19720930,   53,    0
  4970,132736,19721001,   80,    0
  4970,132736,19721002,   69,    0
  4970,132736,19721003,   48,    0
  4970,132736,19721004,   59,    0
  4970,132736,19721005,   47,    0
  4970,132736,19721006,   71,    0
  4970,132736,19721007,   22,    0
  4970,132736,19721008,   16,    0
  4970,132736,19721009,   14,    0
  4970,132736,19721010,   23,    0
  4970,132736,19721011,   34,    0
  4970,132736,19721012,   13,    0
  4970,132736,19721013,   39,    0
  4970,132736,19721014,   49,    0
  4970,132736,19721015,   45,    0
  4970,132736,19721016,   43,    0
  4970,132736,19721017,   33,    0
  4970,132736,19721018,   49,    0
  4970,132736,19721019,   35,    0
  4970,132736,19721020,   26,    0
  4970,132736,19721021,   60,    0
  4970,132736,19721022,   63,    0
  4970,132736,19721023,   65,    0
  4970,132736,19721024,   48,    0
  4970,132736,19721025,   29,    0
  4970,132736,19721026,   43,    0
  4970,132736,19721027,   67,    0
  4970,132736,19721028,   50,    0
  4970,132736,19721029,   10,    0
  4970,132736,19721030,   20,    0
  4970,132736,19721031,   40,    0
  4970,132736,19721101,   20,    0
  4970,132736,19721102,   10,    0
  4970,132736,19721103,   12,    0
  4970,132736,19721104,    9,    0
  4970,132736,19721105,   20,    0
  4970,132736,19721106,   20,    0
  4970,132736,19721107,   20,    0
  4970,132736,19721108,   12,    0
  4970,132736,19721109,   28,    0
  4970,132736,19721110,   70,    0
  4970,132736,19721111,   57,    0
  4970,132736,19721112,   72,    0
  4970,132736,19721113,  115,    0
  4970,132736,19721114,   22,    0
  4970,132736,19721115,   50,    0
  4970,132736,19721116,   34,    0
  4970,132736,19721117,   21,    0
  4970,132736,19721118,   58,    0
  4970,132736,19721119,   78,    0
  4970,132736,19721120,   92,    0
  4970,132736,19721121,   88,    0
  4970,132736,19721122,   66,    0
  4970,132736,19721123,   53,    0
  4970,132736,19721124,   47,    0
  4970,132736,19721125,   20,    0
  4970,132736,19721126,   11,    0
  4970,132736,19721127,   37,    0
  4970,132736,19721128,   48,    0
  4970,132736,19721129,   53,    0
  4970,132736,19721130,   40,    0
  4970,132736,19721201,   55,    0
  4970,132736,19721202,   64,    0
  4970,132736,19721203,   51,    0
  4970,132736,19721204,   59,    0
  4970,132736,19721205,   80,    0
  4970,132736,19721206,   83,    0
  4970,132736,19721207,   71,    0
  4970,132736,19721208,   39,    0
  4970,132736,19721209,   57,    0
  4970,132736,19721210,   49,    0
  4970,132736,19721211,   32,    0
  4970,132736,19721212,   18,    0
  4970,132736,19721213,   46,    0
  4970,132736,19721214,   25,    0
  4970,132736,19721215,   21,    0
  4970,132736,19721216,   21,    0
  4970,132736,19721217,   27,    0
  4970,132736,19721218,   46,    0
  4970,132736,19721219,   53,    0
  4970,132736,19721220,   52,    0
  4970,132736,19721221,   34,    0
  4970,132736,19721222,   16,    0
  4970,132736,19721223,   19,    0
  4970,132736,19721224,    5,    0
  4970,132736,19721225,   12,    0
  4970,132736,19721226,   34,    0
  4970,132736,19721227,   32,    0
  4970,132736,19721228,   30,    0
  4970,132736,19721229,   37,    0
  4970,132736,19721230,   39,    0
  4970,132736,19721231,   11,    0
  4970,132736,19730101,   18,    0
  4970,132736,19730102,   11,    0
  4970,132736,19730103,    9,    0
  4970,132736,19730104,   11,    0
  4970,132736,19730105,   32,    0
  4970,132736,19730106,   47,    0
  4970,132736,19730107,   19,    0
  4970,132736,19730108,   33,    0
  4970,132736,19730109,   11,    0
  4970,132736,19730110,   34,    0
  4970,132736,19730111,   39,    0
  4970,132736,19730112,   26,    0
  4970,132736,19730113,   33,    0
  4970,132736,19730114,   47,    0
  4970,132736,19730115,   68,    0
  4970,132736,19730116,   26,    0
  4970,132736,19730117,   56,    0
  4970,132736,19730118,   40,    0
  4970,132736,19730119,   16,    0
  4970,132736,19730120,   42,    0
  4970,132736,19730121,   60,    0
  4970,132736,19730122,   26,    0
  4970,132736,19730123,   26,    0
  4970,132736,19730124,   21,    0
  4970,132736,19730125,   38,    0
  4970,132736,19730126,   29,    0
  4970,132736,19730127,   77,    0
  4970,132736,19730128,   53,    0
  4970,132736,19730129,   58,    0
  4970,132736,19730130,   49,    0
  4970,132736,19730131,   34,    0
  4970,132736,19730201,    5,    0
  4970,132736,19730202,   17,    0
  4970,132736,19730203,   29,    0
  4970,132736,19730204,    8,    0
  4970,132736,19730205,   20,    0
  4970,132736,19730206,   52,    0
  4970,132736,19730207,   59,    0
  4970,132736,19730208,   63,    0
  4970,132736,19730209,   63,    0
  4970,132736,19730210,   55,    0
  4970,132736,19730211,   59,    0
  4970,132736,19730212,   93,    0
  4970,132736,19730213,   70,    0
  4970,132736,19730214,   58,    0
  4970,132736,19730215,   58,    0
  4970,132736,19730216,   50,    0
  4970,132736,19730217,   30,    0
  4970,132736,19730218,   48,    0
  4970,132736,19730219,   18,    0
  4970,132736,19730220,    5,    0
  4970,132736,19730221,   46,    0
  4970,132736,19730222,   55,    0
  4970,132736,19730223,   76,    0
  4970,132736,19730224,   63,    0
  4970,132736,19730225,   23,    0
  4970,132736,19730226,   16,    0
  4970,132736,19730227,   21,    0
  4970,132736,19730228,   17,    0
  4970,132736,19730301,   20,    0
  4970,132736,19730302,   38,    0
  4970,132736,19730303,   44,    0
  4970,132736,19730304,   41,    0
  4970,132736,19730305,   42,    0
  4970,132736,19730306,   50,    0
  4970,132736,19730307,   58,    0
  4970,132736,19730308,   12,    0
  4970,132736,19730309,   54,    0
  4970,132736,19730310,   29,    0
  4970,132736,19730311,   11,    0
  4970,132736,19730312,   35,    0
  4970,132736,19730313,   56,    0
  4970,132736,19730314,   54,    0
  4970,132736,19730315,   50,    0
  4970,132736,19730316,   30,    0
  4970,132736,19730317,   10,    0
  4970,132736,19730318,   42,    0
  4970,132736,19730319,   43,    0
  4970,132736,19730320,    6,    0
  4970,132736,19730321,   17,    0
  4970,132736,19730322,   28,    0
  4970,132736,19730323,   15,    0
  4970,132736,19730324,   34,    0
  4970,132736,19730325,   38,    0
  4970,132736,19730326,    6,    0
  4970,132736,19730327,   10,    0
  4970,132736,19730328,   24,    0
  4970,132736,19730329,   41,    0
  4970,132736,19730330,   25,    0
  4970,132736,19730331,   24,    0
  4970,132736,19730401,   60,    0
  4970,132736,19730402,   98,    0
  4970,132736,19730403,   84,    0
  4970,132736,19730404,   28,    0
  4970,132736,19730405,   65,    0
  4970,132736,19730406,   80,    0
  4970,132736,19730407,   69,    0
  4970,132736,19730408,   19,    0
  4970,132736,19730409,   54,    0
  4970,132736,19730410,   82,    0
  4970,132736,19730411,   65,    0
  4970,132736,19730412,   52,    0
  4970,132736,19730413,   23,    0
  4970,132736,19730414,   12,    0
  4970,132736,19730415,   21,    0
  4970,132736,19730416,   19,    0
  4970,132736,19730417,   52,    0
  4970,132736,19730418,   63,    0
  4970,132736,19730419,   51,    0
  4970,132736,19730420,   27,    0
  4970,132736,19730421,   20,    0
  4970,132736,19730422,   35,    0
  4970,132736,19730423,   30,    0
  4970,132736,19730424,   61,    0
  4970,132736,19730425,   30,    0
  4970,132736,19730426,   18,    0
  4970,132736,19730427,   24,    0
  4970,132736,19730428,   56,    0
  4970,132736,19730429,   42,    0
  4970,132736,19730430,   55,    0
  4970,132736,19730501,   55,    0
  4970,132736,19730502,   20,    0
  4970,132736,19730503,   28,    0
  4970,132736,19730504,   50,    0
  4970,132736,19730505,   68,    0
  4970,132736,19730506,   54,    0
  4970,132736,19730507,   52,    0
  4970,132736,19730508,   46,    0
  4970,132736,19730509,   49,    0
  4970,132736,19730510,   54,    0
  4970,132736,19730511,   38,    0
  4970,132736,19730512,   22,    0
  4970,132736,19730513,   32,    0
  4970,132736,19730514,   44,    0
  4970,132736,19730515,   41,    0
  4970,132736,19730516,   61,    0
  4970,132736,19730517,  107,    0
  4970,132736,19730518,   48,    0
  4970,132736,19730519,   51,    0
  4970,132736,19730520,   36,    0
  4970,132736,19730521,   55,    0
  4970,132736,19730522,   34,    0
  4970,132736,19730523,   60,    0
  4970,132736,19730524,   53,    0
  4970,132736,19730525,   14,    0
  4970,132736,19730526,   34,    0
  4970,132736,19730527,   55,    0
  4970,132736,19730528,   51,    0
  4970,132736,19730529,   30,    0
  4970,132736,19730530,   44,    0
  4970,132736,19730531,   43,    0
  4970,132736,19730601,   38,    0
  4970,132736,19730602,   60,    0
  4970,132736,19730603,   29,    0
  4970,132736,19730604,   20,    0
  4970,132736,19730605,   47,    0
  4970,132736,19730606,   50,    0
  4970,132736,19730607,   38,    0
  4970,132736,19730608,   29,    0
  4970,132736,19730609,   25,    0
  4970,132736,19730610,   50,    0
  4970,132736,19730611,   12,    0
  4970,132736,19730612,   19,    0
  4970,132736,19730613,   32,    0
  4970,132736,19730614,   42,    0
  4970,132736,19730615,   24,    0
  4970,132736,19730616,   41,    0
  4970,132736,19730617,   27,    0
  4970,132736,19730618,   39,    0
  4970,132736,19730619,   40,    0
  4970,132736,19730620,   63,    0
  4970,132736,19730621,   18,    0
  4970,132736,19730622,   49,    0
  4970,132736,19730623,   41,    0
  4970,132736,19730624,   36,    0
  4970,132736,19730625,   15,    0
  4970,132736,19730626,   32,    0
  4970,132736,19730627,   62,    0
  4970,132736,19730628,   55,    0
  4970,132736,19730629,   38,    0
  4970,132736,19730630,   16,    0
  4970,132736,19730701,   37,    0
  4970,132736,19730702,   34,    0
  4970,132736,19730703,   20,    0
  4970,132736,19730704,   21,    0
  4970,132736,19730705,   38,    0
  4970,132736,19730706,   37,    0
  4970,132736,19730707,   32,    0
  4970,132736,19730708,   28,    0
  4970,132736,19730709,   22,    0
  4970,132736,19730710,   29,    0
  4970,132736,19730711,   23,    0
  4970,132736,19730712,   21,    0
  4970,132736,19730713,   22,    0
  4970,132736,19730714,   54,    0
  4970,132736,19730715,   31,    0
  4970,132736,19730716,   48,    0
  4970,132736,19730717,   39,    0
  4970,132736,19730718,   43,    0
  4970,132736,19730719,   52,    0
  4970,132736,19730720,   51,    0
  4970,132736,19730721,   58,    0
  4970,132736,19730722,   48,    0
  4970,132736,19730723,   34,    0
  4970,132736,19730724,   21,    0
  4970,132736,19730725,   22,    0
  4970,132736,19730726,   58,    0
  4970,132736,19730727,   46,    0
  4970,132736,19730728,   20,    0
  4970,132736,19730729,   29,    0
  4970,132736,19730730,   32,    0
  4970,132736,19730731,   19,    0
  4970,132736,19730801,   45,    0
  4970,132736,19730802,   22,    0
  4970,132736,19730803,   26,    0
  4970,132736,19730804,   41,    0
  4970,132736,19730805,   54,    0
  4970,132736,19730806,   70,    0
  4970,132736,19730807,   49,    0
  4970,132736,19730808,   39,    0
  4970,132736,19730809,   21,    0
  4970,132736,19730810,   14,    0
  4970,132736,19730811,   17,    0
  4970,132736,19730812,   38,    0
  4970,132736,19730813,   42,    0
  4970,132736,19730814,   43,    0
  4970,132736,19730815,   50,    0
  4970,132736,19730816,   60,    0
  4970,132736,19730817,   14,    0
  4970,132736,19730818,   14,    0
  4970,132736,19730819,   24,    0
  4970,132736,19730820,   23,    0
  4970,132736,19730821,   31,    0
  4970,132736,19730822,   37,    0
  4970,132736,19730823,   34,    0
  4970,132736,19730824,   23,    0
  4970,132736,19730825,   19,    0
  4970,132736,19730826,   26,    0
  4970,132736,19730827,   23,    0
  4970,132736,19730828,   13,    0
  4970,132736,19730829,   16,    0
  4970,132736,19730830,   30,    0
  4970,132736,19730831,   45,    0
  4970,132736,19730901,   51,    0
  4970,132736,19730902,   45,    0
  4970,132736,19730903,   42,    0
  4970,132736,19730904,   30,    0
  4970,132736,19730905,   34,    0
  4970,132736,19730906,   15,    0
  4970,132736,19730907,   20,    0
  4970,132736,19730908,   40,    0
  4970,132736,19730909,   34,    0
  4970,132736,19730910,   29,    0
  4970,132736,19730911,   27,    0
  4970,132736,19730912,   30,    0
  4970,132736,19730913,   57,    0
  4970,132736,19730914,   49,    0
  4970,132736,19730915,   52,    0
  4970,132736,19730916,   31,    0
  4970,132736,19730917,   20,    0
  4970,132736,19730918,   31,    0
  4970,132736,19730919,   54,    0
  4970,132736,19730920,   47,    0
  4970,132736,19730921,   78,    0
  4970,132736,19730922,   47,    0
  4970,132736,19730923,   47,    0
  4970,132736,19730924,   38,    0
  4970,132736,19730925,   29,    0
  4970,132736,19730926,   12,    0
  4970,132736,19730927,   24,    0
  4970,132736,19730928,   69,    0
  4970,132736,19730929,   50,    0
  4970,132736,19730930,   62,    0
  4970,132736,19731001,   25,    0
  4970,132736,19731002,   46,    0
  4970,132736,19731003,   49,    0
  4970,132736,19731004,   29,    0
  4970,132736,19731005,   13,    0
  4970,132736,19731006,   21,    0
  4970,132736,19731007,   21,    0
  4970,132736,19731008,   11,    0
  4970,132736,19731009,   37,    0
  4970,132736,19731010,   36,    0
  4970,132736,19731011,   43,    0
  4970,132736,19731012,   45,    0
  4970,132736,19731013,   53,    0
  4970,132736,19731014,   38,    0
  4970,132736,19731015,   38,    0
  4970,132736,19731016,   58,    0
  4970,132736,19731017,   52,    0
  4970,132736,19731018,   56,    0
  4970,132736,19731019,   76,    0
  4970,132736,19731020,   65,    0
  4970,132736,19731021,   92,    0
  4970,132736,19731022,   37,    0
  4970,132736,19731023,   66,    0
  4970,132736,19731024,   16,    0
  4970,132736,19731025,   18,    0
  4970,132736,19731026,   37,    0
  4970,132736,19731027,   38,    0
  4970,132736,19731028,   15,    0
  4970,132736,19731029,   17,    0
  4970,132736,19731030,    8,    0
  4970,132736,19731031,   50,    0
  4970,132736,19731101,   47,    0
  4970,132736,19731102,    9,    0
  4970,132736,19731103,   15,    0
  4970,132736,19731104,   64,    0
  4970,132736,19731105,   76,    0
  4970,132736,19731106,   56,    0
  4970,132736,19731107,   41,    0
  4970,132736,19731108,   60,    0
  4970,132736,19731109,   53,    0
  4970,132736,19731110,   59,    0
  4970,132736,19731111,   51,    0
  4970,132736,19731112,   62,    0
  4970,132736,19731113,  109,    0
  4970,132736,19731114,   72,    0
  4970,132736,19731115,   82,    0
  4970,132736,19731116,   61,    0
  4970,132736,19731117,   34,    0
  4970,132736,19731118,   28,    0
  4970,132736,19731119,   70,    0
  4970,132736,19731120,   29,    0
  4970,132736,19731121,   29,    0
  4970,132736,19731122,    9,    0
  4970,132736,19731123,   31,    0
  4970,132736,19731124,   87,    0
  4970,132736,19731125,   61,    0
  4970,132736,19731126,   58,    0
  4970,132736,19731127,   78,    0
  4970,132736,19731128,   62,    0
  4970,132736,19731129,   41,    0
  4970,132736,19731130,   54,    0
  4970,132736,19731201,   21,    0
  4970,132736,19731202,   28,    0
  4970,132736,19731203,   36,    0
  4970,132736,19731204,   70,    0
  4970,132736,19731205,   48,    0
  4970,132736,19731206,   90,    0
  4970,132736,19731207,   70,    0
  4970,132736,19731208,   87,    0
  4970,132736,19731209,   36,    0
  4970,132736,19731210,   22,    0
  4970,132736,19731211,   48,    0
  4970,132736,19731212,   49,    0
  4970,132736,19731213,   97,    0
  4970,132736,19731214,  101,    0
  4970,132736,19731215,   68,    0
  4970,132736,19731216,   96,    0
  4970,132736,19731217,   80,    0
  4970,132736,19731218,   53,    0
  4970,132736,19731219,   98,    0
  4970,132736,19731220,   49,    0
  4970,132736,19731221,   36,    0
  4970,132736,19731222,   74,    0
  4970,132736,19731223,   49,    0
  4970,132736,19731224,   27,    0
  4970,132736,19731225,   61,    0
  4970,132736,19731226,   26,    0
  4970,132736,19731227,   12,    0
  4970,132736,19731228,   26,    0
  4970,132736,19731229,    3,    0
  4970,132736,19731230,    7,    0
  4970,132736,19731231,   33,    0
