EUROPEAN CLIMATE ASSESSMENT & DATASET (ECA&D), file created on: 21-12-2020
THESE DATA CAN BE USED FOR NON-COMMERCIAL RESEARCH AND EDUCATION PROVIDED THAT THE FOLLOWING SOURCE IS ACKNOWLEDGED: 

Klein Tank, A.M.G. and Coauthors, 2002. Daily dataset of 20th-century surface
air temperature and precipitation series for the European Climate Assessment.
Int. J. of Climatol., 22, 1441-1453.
Data and metadata available at http://www.ecad.eu

FILE FORMAT (MISSING VALUE CODE = -9999):

01-06 STAID: Station identifier
08-13 SOUID: Source identifier
15-22 DATE : Date YYYYMMDD
24-28 HU   : Humidity in 1 %
30-34 Q_HU : quality code for HU (0='valid'; 1='suspect'; 9='missing')

This is the non-blended series (SOUID: 132735) of station Deuselbach, GERMANY (STAID:   4970)

 STAID,    SOUID,    DATE,   HU, Q_HU
  4970,132735,19610101,   91,    0
  4970,132735,19610102,   95,    0
  4970,132735,19610103,   90,    0
  4970,132735,19610104,   95,    0
  4970,132735,19610105,   91,    0
  4970,132735,19610106,   93,    0
  4970,132735,19610107,   93,    0
  4970,132735,19610108,   91,    0
  4970,132735,19610109,   93,    0
  4970,132735,19610110,   96,    0
  4970,132735,19610111,   93,    0
  4970,132735,19610112,   91,    0
  4970,132735,19610113,   62,    0
  4970,132735,19610114,   94,    0
  4970,132735,19610115,   86,    0
  4970,132735,19610116,   70,    0
  4970,132735,19610117,   76,    0
  4970,132735,19610118,   78,    0
  4970,132735,19610119,   78,    0
  4970,132735,19610120,   95,    0
  4970,132735,19610121,   95,    0
  4970,132735,19610122,   94,    0
  4970,132735,19610123,   90,    0
  4970,132735,19610124,   91,    0
  4970,132735,19610125,   94,    0
  4970,132735,19610126,   93,    0
  4970,132735,19610127,   87,    0
  4970,132735,19610128,   86,    0
  4970,132735,19610129,   86,    0
  4970,132735,19610130,   95,    0
  4970,132735,19610131,   83,    0
  4970,132735,19610201,   91,    0
  4970,132735,19610202,   91,    0
  4970,132735,19610203,   94,    0
  4970,132735,19610204,   92,    0
  4970,132735,19610205,   86,    0
  4970,132735,19610206,   91,    0
  4970,132735,19610207,   87,    0
  4970,132735,19610208,   93,    0
  4970,132735,19610209,   89,    0
  4970,132735,19610210,   89,    0
  4970,132735,19610211,   92,    0
  4970,132735,19610212,   87,    0
  4970,132735,19610213,   93,    0
  4970,132735,19610214,   72,    0
  4970,132735,19610215,   76,    0
  4970,132735,19610216,   82,    0
  4970,132735,19610217,   66,    0
  4970,132735,19610218,   86,    0
  4970,132735,19610219,   87,    0
  4970,132735,19610220,   81,    0
  4970,132735,19610221,   81,    0
  4970,132735,19610222,   78,    0
  4970,132735,19610223,   84,    0
  4970,132735,19610224,   67,    0
  4970,132735,19610225,   55,    0
  4970,132735,19610226,   79,    0
  4970,132735,19610227,   88,    0
  4970,132735,19610228,   89,    0
  4970,132735,19610301,   94,    0
  4970,132735,19610302,   88,    0
  4970,132735,19610303,   90,    0
  4970,132735,19610304,   64,    0
  4970,132735,19610305,   57,    0
  4970,132735,19610306,   57,    0
  4970,132735,19610307,   59,    0
  4970,132735,19610308,   50,    0
  4970,132735,19610309,   52,    0
  4970,132735,19610310,   69,    0
  4970,132735,19610311,   81,    0
  4970,132735,19610312,   74,    0
  4970,132735,19610313,   96,    0
  4970,132735,19610314,   86,    0
  4970,132735,19610315,   79,    0
  4970,132735,19610316,   67,    0
  4970,132735,19610317,   46,    0
  4970,132735,19610318,   78,    0
  4970,132735,19610319,   87,    0
  4970,132735,19610320,   77,    0
  4970,132735,19610321,   87,    0
  4970,132735,19610322,   84,    0
  4970,132735,19610323,   82,    0
  4970,132735,19610324,   76,    0
  4970,132735,19610325,   72,    0
  4970,132735,19610326,   75,    0
  4970,132735,19610327,   78,    0
  4970,132735,19610328,   77,    0
  4970,132735,19610329,   78,    0
  4970,132735,19610330,   97,    0
  4970,132735,19610331,   82,    0
  4970,132735,19610401,   95,    0
  4970,132735,19610402,   95,    0
  4970,132735,19610403,   91,    0
  4970,132735,19610404,   78,    0
  4970,132735,19610405,   73,    0
  4970,132735,19610406,   59,    0
  4970,132735,19610407,   65,    0
  4970,132735,19610408,   90,    0
  4970,132735,19610409,   80,    0
  4970,132735,19610410,   80,    0
  4970,132735,19610411,   96,    0
  4970,132735,19610412,   86,    0
  4970,132735,19610413,   71,    0
  4970,132735,19610414,   84,    0
  4970,132735,19610415,   96,    0
  4970,132735,19610416,   83,    0
  4970,132735,19610417,   88,    0
  4970,132735,19610418,   93,    0
  4970,132735,19610419,   85,    0
  4970,132735,19610420,   81,    0
  4970,132735,19610421,   84,    0
  4970,132735,19610422,   89,    0
  4970,132735,19610423,   90,    0
  4970,132735,19610424,   92,    0
  4970,132735,19610425,   89,    0
  4970,132735,19610426,   83,    0
  4970,132735,19610427,   83,    0
  4970,132735,19610428,   63,    0
  4970,132735,19610429,   90,    0
  4970,132735,19610430,   96,    0
  4970,132735,19610501,   86,    0
  4970,132735,19610502,   87,    0
  4970,132735,19610503,   79,    0
  4970,132735,19610504,   81,    0
  4970,132735,19610505,   84,    0
  4970,132735,19610506,   80,    0
  4970,132735,19610507,   88,    0
  4970,132735,19610508,   76,    0
  4970,132735,19610509,   84,    0
  4970,132735,19610510,   78,    0
  4970,132735,19610511,   76,    0
  4970,132735,19610512,   76,    0
  4970,132735,19610513,   70,    0
  4970,132735,19610514,   73,    0
  4970,132735,19610515,   70,    0
  4970,132735,19610516,   72,    0
  4970,132735,19610517,   74,    0
  4970,132735,19610518,   65,    0
  4970,132735,19610519,   79,    0
  4970,132735,19610520,   90,    0
  4970,132735,19610521,   96,    0
  4970,132735,19610522,   88,    0
  4970,132735,19610523,   73,    0
  4970,132735,19610524,   73,    0
  4970,132735,19610525,   63,    0
  4970,132735,19610526,   97,    0
  4970,132735,19610527,   86,    0
  4970,132735,19610528,   81,    0
  4970,132735,19610529,   83,    0
  4970,132735,19610530,   80,    0
  4970,132735,19610531,   73,    0
  4970,132735,19610601,   83,    0
  4970,132735,19610602,   96,    0
  4970,132735,19610603,   93,    0
  4970,132735,19610604,   97,    0
  4970,132735,19610605,   89,    0
  4970,132735,19610606,   92,    0
  4970,132735,19610607,   96,    0
  4970,132735,19610608,   81,    0
  4970,132735,19610609,   95,    0
  4970,132735,19610610,   76,    0
  4970,132735,19610611,   74,    0
  4970,132735,19610612,   82,    0
  4970,132735,19610613,   93,    0
  4970,132735,19610614,   78,    0
  4970,132735,19610615,   62,    0
  4970,132735,19610616,   61,    0
  4970,132735,19610617,   66,    0
  4970,132735,19610618,   64,    0
  4970,132735,19610619,   80,    0
  4970,132735,19610620,   65,    0
  4970,132735,19610621,   64,    0
  4970,132735,19610622,   65,    0
  4970,132735,19610623,   66,    0
  4970,132735,19610624,   59,    0
  4970,132735,19610625,   58,    0
  4970,132735,19610626,   82,    0
  4970,132735,19610627,   88,    0
  4970,132735,19610628,   73,    0
  4970,132735,19610629,   60,    0
  4970,132735,19610630,   56,    0
  4970,132735,19610701,   58,    0
  4970,132735,19610702,   58,    0
  4970,132735,19610703,   79,    0
  4970,132735,19610704,   81,    0
  4970,132735,19610705,   78,    0
  4970,132735,19610706,   72,    0
  4970,132735,19610707,   62,    0
  4970,132735,19610708,   80,    0
  4970,132735,19610709,   82,    0
  4970,132735,19610710,   80,    0
  4970,132735,19610711,   73,    0
  4970,132735,19610712,   70,    0
  4970,132735,19610713,   88,    0
  4970,132735,19610714,   92,    0
  4970,132735,19610715,   73,    0
  4970,132735,19610716,   93,    0
  4970,132735,19610717,   91,    0
  4970,132735,19610718,   94,    0
  4970,132735,19610719,   84,    0
  4970,132735,19610720,   84,    0
  4970,132735,19610721,   78,    0
  4970,132735,19610722,   87,    0
  4970,132735,19610723,   83,    0
  4970,132735,19610724,   77,    0
  4970,132735,19610725,   67,    0
  4970,132735,19610726,   61,    0
  4970,132735,19610727,   98,    0
  4970,132735,19610728,   95,    0
  4970,132735,19610729,   84,    0
  4970,132735,19610730,   84,    0
  4970,132735,19610731,   73,    0
  4970,132735,19610801,   70,    0
  4970,132735,19610802,   77,    0
  4970,132735,19610803,   74,    0
  4970,132735,19610804,   67,    0
  4970,132735,19610805,   63,    0
  4970,132735,19610806,   80,    0
  4970,132735,19610807,   79,    0
  4970,132735,19610808,   72,    0
  4970,132735,19610809,   74,    0
  4970,132735,19610810,   91,    0
  4970,132735,19610811,   77,    0
  4970,132735,19610812,   82,    0
  4970,132735,19610813,   72,    0
  4970,132735,19610814,   80,    0
  4970,132735,19610815,   92,    0
  4970,132735,19610816,   78,    0
  4970,132735,19610817,   81,    0
  4970,132735,19610818,   77,    0
  4970,132735,19610819,   86,    0
  4970,132735,19610820,   83,    0
  4970,132735,19610821,   76,    0
  4970,132735,19610822,   87,    0
  4970,132735,19610823,   84,    0
  4970,132735,19610824,   79,    0
  4970,132735,19610825,   80,    0
  4970,132735,19610826,   68,    0
  4970,132735,19610827,   78,    0
  4970,132735,19610828,   74,    0
  4970,132735,19610829,   65,    0
  4970,132735,19610830,   59,    0
  4970,132735,19610831,   51,    0
  4970,132735,19610901,   59,    0
  4970,132735,19610902,   56,    0
  4970,132735,19610903,   68,    0
  4970,132735,19610904,   66,    0
  4970,132735,19610905,   81,    0
  4970,132735,19610906,   89,    0
  4970,132735,19610907,   85,    0
  4970,132735,19610908,   94,    0
  4970,132735,19610909,   86,    0
  4970,132735,19610910,   75,    0
  4970,132735,19610911,   75,    0
  4970,132735,19610912,   79,    0
  4970,132735,19610913,   68,    0
  4970,132735,19610914,   91,    0
  4970,132735,19610915,   82,    0
  4970,132735,19610916,   63,    0
  4970,132735,19610917,   60,    0
  4970,132735,19610918,   66,    0
  4970,132735,19610919,   68,    0
  4970,132735,19610920,   81,    0
  4970,132735,19610921,   95,    0
  4970,132735,19610922,   88,    0
  4970,132735,19610923,   61,    0
  4970,132735,19610924,   76,    0
  4970,132735,19610925,   87,    0
  4970,132735,19610926,   76,    0
  4970,132735,19610927,   77,    0
  4970,132735,19610928,   76,    0
  4970,132735,19610929,   63,    0
  4970,132735,19610930,   70,    0
  4970,132735,19611001,   91,    0
  4970,132735,19611002,   96,    0
  4970,132735,19611003,   87,    0
  4970,132735,19611004,   84,    0
  4970,132735,19611005,   77,    0
  4970,132735,19611006,   80,    0
  4970,132735,19611007,   88,    0
  4970,132735,19611008,   85,    0
  4970,132735,19611009,   80,    0
  4970,132735,19611010,   65,    0
  4970,132735,19611011,   80,    0
  4970,132735,19611012,   85,    0
  4970,132735,19611013,   82,    0
  4970,132735,19611014,   73,    0
  4970,132735,19611015,   77,    0
  4970,132735,19611016,   95,    0
  4970,132735,19611017,   92,    0
  4970,132735,19611018,   90,    0
  4970,132735,19611019,   94,    0
  4970,132735,19611020,   77,    0
  4970,132735,19611021,   74,    0
  4970,132735,19611022,   80,    0
  4970,132735,19611023,   91,    0
  4970,132735,19611024,   79,    0
  4970,132735,19611025,   93,    0
  4970,132735,19611026,   90,    0
  4970,132735,19611027,   87,    0
  4970,132735,19611028,   83,    0
  4970,132735,19611029,   91,    0
  4970,132735,19611030,   87,    0
  4970,132735,19611031,   90,    0
  4970,132735,19611101,   91,    0
  4970,132735,19611102,   86,    0
  4970,132735,19611103,   95,    0
  4970,132735,19611104,   88,    0
  4970,132735,19611105,   93,    0
  4970,132735,19611106,   96,    0
  4970,132735,19611107,   96,    0
  4970,132735,19611108,   91,    0
  4970,132735,19611109,   92,    0
  4970,132735,19611110,   89,    0
  4970,132735,19611111,   89,    0
  4970,132735,19611112,   87,    0
  4970,132735,19611113,   94,    0
  4970,132735,19611114,   95,    0
  4970,132735,19611115,   93,    0
  4970,132735,19611116,   91,    0
  4970,132735,19611117,   90,    0
  4970,132735,19611118,   80,    0
  4970,132735,19611119,   78,    0
  4970,132735,19611120,   69,    0
  4970,132735,19611121,   71,    0
  4970,132735,19611122,   69,    0
  4970,132735,19611123,   65,    0
  4970,132735,19611124,   97,    0
  4970,132735,19611125,   95,    0
  4970,132735,19611126,   91,    0
  4970,132735,19611127,   84,    0
  4970,132735,19611128,   95,    0
  4970,132735,19611129,   81,    0
  4970,132735,19611130,   96,    0
  4970,132735,19611201,   94,    0
  4970,132735,19611202,   81,    0
  4970,132735,19611203,   89,    0
  4970,132735,19611204,   91,    0
  4970,132735,19611205,   75,    0
  4970,132735,19611206,   81,    0
  4970,132735,19611207,   92,    0
  4970,132735,19611208,   78,    0
  4970,132735,19611209,   95,    0
  4970,132735,19611210,   95,    0
  4970,132735,19611211,   86,    0
  4970,132735,19611212,   95,    0
  4970,132735,19611213,   95,    0
  4970,132735,19611214,   94,    0
  4970,132735,19611215,   82,    0
  4970,132735,19611216,   62,    0
  4970,132735,19611217,   75,    0
  4970,132735,19611218,   69,    0
  4970,132735,19611219,   71,    0
  4970,132735,19611220,   88,    0
  4970,132735,19611221,   96,    0
  4970,132735,19611222,   92,    0
  4970,132735,19611223,   82,    0
  4970,132735,19611224,   73,    0
  4970,132735,19611225,   76,    0
  4970,132735,19611226,   86,    0
  4970,132735,19611227,   89,    0
  4970,132735,19611228,   96,    0
  4970,132735,19611229,   75,    0
  4970,132735,19611230,   86,    0
  4970,132735,19611231,   86,    0
  4970,132735,19620101,   81,    0
  4970,132735,19620102,   87,    0
  4970,132735,19620103,   72,    0
  4970,132735,19620104,   73,    0
  4970,132735,19620105,   93,    0
  4970,132735,19620106,   96,    0
  4970,132735,19620107,   96,    0
  4970,132735,19620108,   89,    0
  4970,132735,19620109,   93,    0
  4970,132735,19620110,   87,    0
  4970,132735,19620111,   82,    0
  4970,132735,19620112,   89,    0
  4970,132735,19620113,   90,    0
  4970,132735,19620114,   91,    0
  4970,132735,19620115,   89,    0
  4970,132735,19620116,   71,    0
  4970,132735,19620117,   88,    0
  4970,132735,19620118,   90,    0
  4970,132735,19620119,   88,    0
  4970,132735,19620120,   94,    0
  4970,132735,19620121,   86,    0
  4970,132735,19620122,   81,    0
  4970,132735,19620123,   92,    0
  4970,132735,19620124,   93,    0
  4970,132735,19620125,   94,    0
  4970,132735,19620126,   95,    0
  4970,132735,19620127,   81,    0
  4970,132735,19620128,   93,    0
  4970,132735,19620129,   78,    0
  4970,132735,19620130,   81,    0
  4970,132735,19620131,   78,    0
  4970,132735,19620201,   86,    0
  4970,132735,19620202,   93,    0
  4970,132735,19620203,   89,    0
  4970,132735,19620204,   97,    0
  4970,132735,19620205,   85,    0
  4970,132735,19620206,   99,    0
  4970,132735,19620207,   93,    0
  4970,132735,19620208,   92,    0
  4970,132735,19620209,   84,    0
  4970,132735,19620210,   76,    0
  4970,132735,19620211,   78,    0
  4970,132735,19620212,   96,    0
  4970,132735,19620213,   96,    0
  4970,132735,19620214,   94,    0
  4970,132735,19620215,   84,    0
  4970,132735,19620216,   92,    0
  4970,132735,19620217,   81,    0
  4970,132735,19620218,   88,    0
  4970,132735,19620219,   81,    0
  4970,132735,19620220,   82,    0
  4970,132735,19620221,   71,    0
  4970,132735,19620222,   71,    0
  4970,132735,19620223,   70,    0
  4970,132735,19620224,   75,    0
  4970,132735,19620225,   81,    0
  4970,132735,19620226,   80,    0
  4970,132735,19620227,   76,    0
  4970,132735,19620228,   81,    0
  4970,132735,19620301,   91,    0
  4970,132735,19620302,   84,    0
  4970,132735,19620303,   82,    0
  4970,132735,19620304,   92,    0
  4970,132735,19620305,   92,    0
  4970,132735,19620306,   82,    0
  4970,132735,19620307,   76,    0
  4970,132735,19620308,   59,    0
  4970,132735,19620309,   73,    0
  4970,132735,19620310,   88,    0
  4970,132735,19620311,   92,    0
  4970,132735,19620312,   82,    0
  4970,132735,19620313,   79,    0
  4970,132735,19620314,   86,    0
  4970,132735,19620315,   90,    0
  4970,132735,19620316,   74,    0
  4970,132735,19620317,   81,    0
  4970,132735,19620318,   75,    0
  4970,132735,19620319,   67,    0
  4970,132735,19620320,   68,    0
  4970,132735,19620321,   75,    0
  4970,132735,19620322,   68,    0
  4970,132735,19620323,   68,    0
  4970,132735,19620324,   70,    0
  4970,132735,19620325,   70,    0
  4970,132735,19620326,   77,    0
  4970,132735,19620327,   84,    0
  4970,132735,19620328,   74,    0
  4970,132735,19620329,   95,    0
  4970,132735,19620330,   93,    0
  4970,132735,19620331,   86,    0
  4970,132735,19620401,   77,    0
  4970,132735,19620402,   78,    0
  4970,132735,19620403,   82,    0
  4970,132735,19620404,   90,    0
  4970,132735,19620405,   94,    0
  4970,132735,19620406,   92,    0
  4970,132735,19620407,   88,    0
  4970,132735,19620408,   87,    0
  4970,132735,19620409,   92,    0
  4970,132735,19620410,   94,    0
  4970,132735,19620411,   78,    0
  4970,132735,19620412,   91,    0
  4970,132735,19620413,   76,    0
  4970,132735,19620414,   92,    0
  4970,132735,19620415,   92,    0
  4970,132735,19620416,   77,    0
  4970,132735,19620417,   64,    0
  4970,132735,19620418,   53,    0
  4970,132735,19620419,   77,    0
  4970,132735,19620420,   78,    0
  4970,132735,19620421,   68,    0
  4970,132735,19620422,   78,    0
  4970,132735,19620423,   68,    0
  4970,132735,19620424,   62,    0
  4970,132735,19620425,   71,    0
  4970,132735,19620426,   69,    0
  4970,132735,19620427,   79,    0
  4970,132735,19620428,   70,    0
  4970,132735,19620429,   73,    0
  4970,132735,19620430,   63,    0
  4970,132735,19620501,   56,    0
  4970,132735,19620502,   74,    0
  4970,132735,19620503,   59,    0
  4970,132735,19620504,   70,    0
  4970,132735,19620505,   69,    0
  4970,132735,19620506,   94,    0
  4970,132735,19620507,   58,    0
  4970,132735,19620508,   82,    0
  4970,132735,19620509,   89,    0
  4970,132735,19620510,   80,    0
  4970,132735,19620511,   80,    0
  4970,132735,19620512,   85,    0
  4970,132735,19620513,   82,    0
  4970,132735,19620514,   84,    0
  4970,132735,19620515,   92,    0
  4970,132735,19620516,   80,    0
  4970,132735,19620517,   81,    0
  4970,132735,19620518,   74,    0
  4970,132735,19620519,   76,    0
  4970,132735,19620520,   81,    0
  4970,132735,19620521,   82,    0
  4970,132735,19620522,   78,    0
  4970,132735,19620523,   72,    0
  4970,132735,19620524,   84,    0
  4970,132735,19620525,   81,    0
  4970,132735,19620526,   84,    0
  4970,132735,19620527,   79,    0
  4970,132735,19620528,   83,    0
  4970,132735,19620529,   83,    0
  4970,132735,19620530,   79,    0
  4970,132735,19620531,   66,    0
  4970,132735,19620601,   67,    0
  4970,132735,19620602,   65,    0
  4970,132735,19620603,   58,    0
  4970,132735,19620604,   52,    0
  4970,132735,19620605,   55,    0
  4970,132735,19620606,   54,    0
  4970,132735,19620607,   49,    0
  4970,132735,19620608,   58,    0
  4970,132735,19620609,   50,    0
  4970,132735,19620610,   59,    0
  4970,132735,19620611,   76,    0
  4970,132735,19620612,   69,    0
  4970,132735,19620613,   58,    0
  4970,132735,19620614,   67,    0
  4970,132735,19620615,   64,    0
  4970,132735,19620616,   67,    0
  4970,132735,19620617,   69,    0
  4970,132735,19620618,   61,    0
  4970,132735,19620619,   66,    0
  4970,132735,19620620,   66,    0
  4970,132735,19620621,   72,    0
  4970,132735,19620622,   62,    0
  4970,132735,19620623,   66,    0
  4970,132735,19620624,   57,    0
  4970,132735,19620625,   59,    0
  4970,132735,19620626,   57,    0
  4970,132735,19620627,   73,    0
  4970,132735,19620628,   67,    0
  4970,132735,19620629,   61,    0
  4970,132735,19620630,   76,    0
  4970,132735,19620701,   80,    0
  4970,132735,19620702,   76,    0
  4970,132735,19620703,   78,    0
  4970,132735,19620704,   82,    0
  4970,132735,19620705,   80,    0
  4970,132735,19620706,   87,    0
  4970,132735,19620707,   72,    0
  4970,132735,19620708,   60,    0
  4970,132735,19620709,   47,    0
  4970,132735,19620710,   60,    0
  4970,132735,19620711,   71,    0
  4970,132735,19620712,   80,    0
  4970,132735,19620713,   84,    0
  4970,132735,19620714,   81,    0
  4970,132735,19620715,   89,    0
  4970,132735,19620716,   94,    0
  4970,132735,19620717,   77,    0
  4970,132735,19620718,   74,    0
  4970,132735,19620719,   70,    0
  4970,132735,19620720,   74,    0
  4970,132735,19620721,   86,    0
  4970,132735,19620722,   71,    0
  4970,132735,19620723,   69,    0
  4970,132735,19620724,   58,    0
  4970,132735,19620725,   62,    0
  4970,132735,19620726,   77,    0
  4970,132735,19620727,   78,    0
  4970,132735,19620728,   76,    0
  4970,132735,19620729,   69,    0
  4970,132735,19620730,   71,    0
  4970,132735,19620731,   67,    0
  4970,132735,19620801,   68,    0
  4970,132735,19620802,   74,    0
  4970,132735,19620803,   81,    0
  4970,132735,19620804,   84,    0
  4970,132735,19620805,   88,    0
  4970,132735,19620806,   84,    0
  4970,132735,19620807,   78,    0
  4970,132735,19620808,   79,    0
  4970,132735,19620809,   67,    0
  4970,132735,19620810,   77,    0
  4970,132735,19620811,   74,    0
  4970,132735,19620812,   60,    0
  4970,132735,19620813,   68,    0
  4970,132735,19620814,   83,    0
  4970,132735,19620815,   71,    0
  4970,132735,19620816,   79,    0
  4970,132735,19620817,   76,    0
  4970,132735,19620818,   78,    0
  4970,132735,19620819,   72,    0
  4970,132735,19620820,   51,    0
  4970,132735,19620821,   75,    0
  4970,132735,19620822,   73,    0
  4970,132735,19620823,   70,    0
  4970,132735,19620824,   89,    0
  4970,132735,19620825,   77,    0
  4970,132735,19620826,   65,    0
  4970,132735,19620827,   69,    0
  4970,132735,19620828,   65,    0
  4970,132735,19620829,   73,    0
  4970,132735,19620830,   71,    0
  4970,132735,19620831,   74,    0
  4970,132735,19620901,   60,    0
  4970,132735,19620902,   57,    0
  4970,132735,19620903,   50,    0
  4970,132735,19620904,   88,    0
  4970,132735,19620905,   82,    0
  4970,132735,19620906,   92,    0
  4970,132735,19620907,   89,    0
  4970,132735,19620908,   86,    0
  4970,132735,19620909,   78,    0
  4970,132735,19620910,   69,    0
  4970,132735,19620911,   77,    0
  4970,132735,19620912,   72,    0
  4970,132735,19620913,   86,    0
  4970,132735,19620914,   72,    0
  4970,132735,19620915,   75,    0
  4970,132735,19620916,   84,    0
  4970,132735,19620917,   88,    0
  4970,132735,19620918,   90,    0
  4970,132735,19620919,   94,    0
  4970,132735,19620920,   91,    0
  4970,132735,19620921,   89,    0
  4970,132735,19620922,   92,    0
  4970,132735,19620923,   90,    0
  4970,132735,19620924,   80,    0
  4970,132735,19620925,   68,    0
  4970,132735,19620926,   82,    0
  4970,132735,19620927,   98,    0
  4970,132735,19620928,   95,    0
  4970,132735,19620929,   84,    0
  4970,132735,19620930,   75,    0
  4970,132735,19621001,   75,    0
  4970,132735,19621002,   74,    0
  4970,132735,19621003,   77,    0
  4970,132735,19621004,   88,    0
  4970,132735,19621005,   87,    0
  4970,132735,19621006,   82,    0
  4970,132735,19621007,   78,    0
  4970,132735,19621008,   76,    0
  4970,132735,19621009,   73,    0
  4970,132735,19621010,   71,    0
  4970,132735,19621011,   75,    0
  4970,132735,19621012,   85,    0
  4970,132735,19621013,   87,    0
  4970,132735,19621014,   93,    0
  4970,132735,19621015,   79,    0
  4970,132735,19621016,   75,    0
  4970,132735,19621017,   85,    0
  4970,132735,19621018,   75,    0
  4970,132735,19621019,   81,    0
  4970,132735,19621020,   77,    0
  4970,132735,19621021,   69,    0
  4970,132735,19621022,   66,    0
  4970,132735,19621023,   80,    0
  4970,132735,19621024,   76,    0
  4970,132735,19621025,   88,    0
  4970,132735,19621026,   70,    0
  4970,132735,19621027,   87,    0
  4970,132735,19621028,   92,    0
  4970,132735,19621029,   95,    0
  4970,132735,19621030,   94,    0
  4970,132735,19621031,   91,    0
  4970,132735,19621101,   96,    0
  4970,132735,19621102,   80,    0
  4970,132735,19621103,   69,    0
  4970,132735,19621104,   61,    0
  4970,132735,19621105,   86,    0
  4970,132735,19621106,   78,    0
  4970,132735,19621107,   70,    0
  4970,132735,19621108,   70,    0
  4970,132735,19621109,   85,    0
  4970,132735,19621110,   96,    0
  4970,132735,19621111,   97,    0
  4970,132735,19621112,   97,    0
  4970,132735,19621113,   94,    0
  4970,132735,19621114,   89,    0
  4970,132735,19621115,   90,    0
  4970,132735,19621116,   89,    0
  4970,132735,19621117,   87,    0
  4970,132735,19621118,   92,    0
  4970,132735,19621119,   90,    0
  4970,132735,19621120,   88,    0
  4970,132735,19621121,   92,    0
  4970,132735,19621122,   89,    0
  4970,132735,19621123,   94,    0
  4970,132735,19621124,   81,    0
  4970,132735,19621125,   73,    0
  4970,132735,19621126,   98,    0
  4970,132735,19621127,   95,    0
  4970,132735,19621128,   96,    0
  4970,132735,19621129,   88,    0
  4970,132735,19621130,   95,    0
  4970,132735,19621201,   84,    0
  4970,132735,19621202,   79,    0
  4970,132735,19621203,   61,    0
  4970,132735,19621204,   50,    0
  4970,132735,19621205,   20,    0
  4970,132735,19621206,   46,    0
  4970,132735,19621207,   64,    0
  4970,132735,19621208,   50,    0
  4970,132735,19621209,   92,    0
  4970,132735,19621210,   91,    0
  4970,132735,19621211,   93,    0
  4970,132735,19621212,   93,    0
  4970,132735,19621213,   94,    0
  4970,132735,19621214,   92,    0
  4970,132735,19621215,   97,    0
  4970,132735,19621216,   92,    0
  4970,132735,19621217,   89,    0
  4970,132735,19621218,   96,    0
  4970,132735,19621219,   96,    0
  4970,132735,19621220,   93,    0
  4970,132735,19621221,   95,    0
  4970,132735,19621222,   88,    0
  4970,132735,19621223,   73,    0
  4970,132735,19621224,   73,    0
  4970,132735,19621225,   89,    0
  4970,132735,19621226,   86,    0
  4970,132735,19621227,   89,    0
  4970,132735,19621228,   81,    0
  4970,132735,19621229,   88,    0
  4970,132735,19621230,   92,    0
  4970,132735,19621231,   91,    0
  4970,132735,19630101,   90,    0
  4970,132735,19630102,   92,    0
  4970,132735,19630103,   92,    0
  4970,132735,19630104,   93,    0
  4970,132735,19630105,   94,    0
  4970,132735,19630106,   89,    0
  4970,132735,19630107,   89,    0
  4970,132735,19630108,   91,    0
  4970,132735,19630109,   92,    0
  4970,132735,19630110,   88,    0
  4970,132735,19630111,   85,    0
  4970,132735,19630112,   86,    0
  4970,132735,19630113,   80,    0
  4970,132735,19630114,   90,    0
  4970,132735,19630115,   92,    0
  4970,132735,19630116,   91,    0
  4970,132735,19630117,   85,    0
  4970,132735,19630118,   77,    0
  4970,132735,19630119,   75,    0
  4970,132735,19630120,   68,    0
  4970,132735,19630121,   71,    0
  4970,132735,19630122,   79,    0
  4970,132735,19630123,   91,    0
  4970,132735,19630124,   90,    0
  4970,132735,19630125,   87,    0
  4970,132735,19630126,   92,    0
  4970,132735,19630127,   89,    0
  4970,132735,19630128,   93,    0
  4970,132735,19630129,   90,    0
  4970,132735,19630130,   86,    0
  4970,132735,19630131,   81,    0
  4970,132735,19630201,   81,    0
  4970,132735,19630202,   84,    0
  4970,132735,19630203,   86,    0
  4970,132735,19630204,   84,    0
  4970,132735,19630205,   81,    0
  4970,132735,19630206,   64,    0
  4970,132735,19630207,   60,    0
  4970,132735,19630208,   91,    0
  4970,132735,19630209,   91,    0
  4970,132735,19630210,   83,    0
  4970,132735,19630211,   86,    0
  4970,132735,19630212,   94,    0
  4970,132735,19630213,   94,    0
  4970,132735,19630214,   88,    0
  4970,132735,19630215,   90,    0
  4970,132735,19630216,   93,    0
  4970,132735,19630217,   92,    0
  4970,132735,19630218,   82,    0
  4970,132735,19630219,   81,    0
  4970,132735,19630220,   91,    0
  4970,132735,19630221,   94,    0
  4970,132735,19630222,   81,    0
  4970,132735,19630223,   79,    0
  4970,132735,19630224,   74,    0
  4970,132735,19630225,   61,    0
  4970,132735,19630226,   64,    0
  4970,132735,19630227,   64,    0
  4970,132735,19630228,   61,    0
  4970,132735,19630301,   65,    0
  4970,132735,19630302,   64,    0
  4970,132735,19630303,   58,    0
  4970,132735,19630304,   77,    0
  4970,132735,19630305,   71,    0
  4970,132735,19630306,   45,    0
  4970,132735,19630307,   78,    0
  4970,132735,19630308,   74,    0
  4970,132735,19630309,   81,    0
  4970,132735,19630310,   92,    0
  4970,132735,19630311,   86,    0
  4970,132735,19630312,   91,    0
  4970,132735,19630313,   90,    0
  4970,132735,19630314,   87,    0
  4970,132735,19630315,   74,    0
  4970,132735,19630316,   82,    0
  4970,132735,19630317,   78,    0
  4970,132735,19630318,   91,    0
  4970,132735,19630319,   79,    0
  4970,132735,19630320,   85,    0
  4970,132735,19630321,   93,    0
  4970,132735,19630322,   80,    0
  4970,132735,19630323,   71,    0
  4970,132735,19630324,   79,    0
  4970,132735,19630325,   68,    0
  4970,132735,19630326,   95,    0
  4970,132735,19630327,   84,    0
  4970,132735,19630328,   79,    0
  4970,132735,19630329,   92,    0
  4970,132735,19630330,   81,    0
  4970,132735,19630331,   95,    0
  4970,132735,19630401,   90,    0
  4970,132735,19630402,   78,    0
  4970,132735,19630403,   66,    0
  4970,132735,19630404,   93,    0
  4970,132735,19630405,   66,    0
  4970,132735,19630406,   67,    0
  4970,132735,19630407,   71,    0
  4970,132735,19630408,   68,    0
  4970,132735,19630409,   76,    0
  4970,132735,19630410,   84,    0
  4970,132735,19630411,   74,    0
  4970,132735,19630412,   87,    0
  4970,132735,19630413,   65,    0
  4970,132735,19630414,   62,    0
  4970,132735,19630415,   55,    0
  4970,132735,19630416,   76,    0
  4970,132735,19630417,   74,    0
  4970,132735,19630418,   66,    0
  4970,132735,19630419,   63,    0
  4970,132735,19630420,   51,    0
  4970,132735,19630421,   75,    0
  4970,132735,19630422,   66,    0
  4970,132735,19630423,   52,    0
  4970,132735,19630424,   76,    0
  4970,132735,19630425,   88,    0
  4970,132735,19630426,   77,    0
  4970,132735,19630427,   63,    0
  4970,132735,19630428,   84,    0
  4970,132735,19630429,   90,    0
  4970,132735,19630430,   80,    0
  4970,132735,19630501,   70,    0
  4970,132735,19630502,   82,    0
  4970,132735,19630503,   75,    0
  4970,132735,19630504,   76,    0
  4970,132735,19630505,   65,    0
  4970,132735,19630506,   63,    0
  4970,132735,19630507,   54,    0
  4970,132735,19630508,   47,    0
  4970,132735,19630509,   95,    0
  4970,132735,19630510,   80,    0
  4970,132735,19630511,   76,    0
  4970,132735,19630512,   59,    0
  4970,132735,19630513,   69,    0
  4970,132735,19630514,   73,    0
  4970,132735,19630515,   87,    0
  4970,132735,19630516,   90,    0
  4970,132735,19630517,   74,    0
  4970,132735,19630518,   72,    0
  4970,132735,19630519,   75,    0
  4970,132735,19630520,   69,    0
  4970,132735,19630521,   60,    0
  4970,132735,19630522,   81,    0
  4970,132735,19630523,   88,    0
  4970,132735,19630524,   79,    0
  4970,132735,19630525,   85,    0
  4970,132735,19630526,   82,    0
  4970,132735,19630527,   80,    0
  4970,132735,19630528,   83,    0
  4970,132735,19630529,   85,    0
  4970,132735,19630530,   49,    0
  4970,132735,19630531,   51,    0
  4970,132735,19630601,   54,    0
  4970,132735,19630602,   54,    0
  4970,132735,19630603,   54,    0
  4970,132735,19630604,   58,    0
  4970,132735,19630605,   91,    0
  4970,132735,19630606,   80,    0
  4970,132735,19630607,   93,    0
  4970,132735,19630608,   81,    0
  4970,132735,19630609,   78,    0
  4970,132735,19630610,   76,    0
  4970,132735,19630611,   77,    0
  4970,132735,19630612,   78,    0
  4970,132735,19630613,   83,    0
  4970,132735,19630614,   86,    0
  4970,132735,19630615,   96,    0
  4970,132735,19630616,   79,    0
  4970,132735,19630617,   70,    0
  4970,132735,19630618,   79,    0
  4970,132735,19630619,   82,    0
  4970,132735,19630620,   95,    0
  4970,132735,19630621,   89,    0
  4970,132735,19630622,   87,    0
  4970,132735,19630623,   77,    0
  4970,132735,19630624,   73,    0
  4970,132735,19630625,   69,    0
  4970,132735,19630626,   85,    0
  4970,132735,19630627,   80,    0
  4970,132735,19630628,   89,    0
  4970,132735,19630629,   69,    0
  4970,132735,19630630,   69,    0
  4970,132735,19630701,   83,    0
  4970,132735,19630702,   71,    0
  4970,132735,19630703,   73,    0
  4970,132735,19630704,   78,    0
  4970,132735,19630705,   82,    0
  4970,132735,19630706,   69,    0
  4970,132735,19630707,   70,    0
  4970,132735,19630708,   75,    0
  4970,132735,19630709,   70,    0
  4970,132735,19630710,   67,    0
  4970,132735,19630711,   74,    0
  4970,132735,19630712,   76,    0
  4970,132735,19630713,   75,    0
  4970,132735,19630714,   69,    0
  4970,132735,19630715,   59,    0
  4970,132735,19630716,   65,    0
  4970,132735,19630717,   69,    0
  4970,132735,19630718,   67,    0
  4970,132735,19630719,   68,    0
  4970,132735,19630720,   73,    0
  4970,132735,19630721,   68,    0
  4970,132735,19630722,   67,    0
  4970,132735,19630723,   67,    0
  4970,132735,19630724,   58,    0
  4970,132735,19630725,   82,    0
  4970,132735,19630726,   66,    0
  4970,132735,19630727,   53,    0
  4970,132735,19630728,   56,    0
  4970,132735,19630729,   49,    0
  4970,132735,19630730,   48,    0
  4970,132735,19630731,   59,    0
  4970,132735,19630801,   50,    0
  4970,132735,19630802,   56,    0
  4970,132735,19630803,   66,    0
  4970,132735,19630804,   80,    0
  4970,132735,19630805,   70,    0
  4970,132735,19630806,   60,    0
  4970,132735,19630807,   95,    0
  4970,132735,19630808,   94,    0
  4970,132735,19630809,   83,    0
  4970,132735,19630810,   73,    0
  4970,132735,19630811,   87,    0
  4970,132735,19630812,   74,    0
  4970,132735,19630813,   68,    0
  4970,132735,19630814,   77,    0
  4970,132735,19630815,   79,    0
  4970,132735,19630816,   72,    0
  4970,132735,19630817,   88,    0
  4970,132735,19630818,   92,    0
  4970,132735,19630819,   92,    0
  4970,132735,19630820,   87,    0
  4970,132735,19630821,   86,    0
  4970,132735,19630822,   94,    0
  4970,132735,19630823,   94,    0
  4970,132735,19630824,   80,    0
  4970,132735,19630825,   79,    0
  4970,132735,19630826,   77,    0
  4970,132735,19630827,   81,    0
  4970,132735,19630828,   83,    0
  4970,132735,19630829,   77,    0
  4970,132735,19630830,   71,    0
  4970,132735,19630831,   76,    0
  4970,132735,19630901,   79,    0
  4970,132735,19630902,   77,    0
  4970,132735,19630903,   81,    0
  4970,132735,19630904,   76,    0
  4970,132735,19630905,   84,    0
  4970,132735,19630906,   90,    0
  4970,132735,19630907,   86,    0
  4970,132735,19630908,   77,    0
  4970,132735,19630909,   83,    0
  4970,132735,19630910,   75,    0
  4970,132735,19630911,   77,    0
  4970,132735,19630912,   88,    0
  4970,132735,19630913,   87,    0
  4970,132735,19630914,   75,    0
  4970,132735,19630915,   72,    0
  4970,132735,19630916,   77,    0
  4970,132735,19630917,   81,    0
  4970,132735,19630918,   79,    0
  4970,132735,19630919,   87,    0
  4970,132735,19630920,   91,    0
  4970,132735,19630921,   91,    0
  4970,132735,19630922,   81,    0
  4970,132735,19630923,   80,    0
  4970,132735,19630924,   87,    0
  4970,132735,19630925,   86,    0
  4970,132735,19630926,   92,    0
  4970,132735,19630927,   72,    0
  4970,132735,19630928,   81,    0
  4970,132735,19630929,   83,    0
  4970,132735,19630930,   82,    0
  4970,132735,19631001,   84,    0
  4970,132735,19631002,   94,    0
  4970,132735,19631003,   84,    0
  4970,132735,19631004,   95,    0
  4970,132735,19631005,   91,    0
  4970,132735,19631006,   90,    0
  4970,132735,19631007,   91,    0
  4970,132735,19631008,   69,    0
  4970,132735,19631009,   90,    0
  4970,132735,19631010,   87,    0
  4970,132735,19631011,   90,    0
  4970,132735,19631012,   79,    0
  4970,132735,19631013,   79,    0
  4970,132735,19631014,   79,    0
  4970,132735,19631015,   73,    0
  4970,132735,19631016,   75,    0
  4970,132735,19631017,   85,    0
  4970,132735,19631018,   85,    0
  4970,132735,19631019,   73,    0
  4970,132735,19631020,   77,    0
  4970,132735,19631021,   87,    0
  4970,132735,19631022,   92,    0
  4970,132735,19631023,   87,    0
  4970,132735,19631024,   84,    0
  4970,132735,19631025,   82,    0
  4970,132735,19631026,   78,    0
  4970,132735,19631027,   82,    0
  4970,132735,19631028,   74,    0
  4970,132735,19631029,   92,    0
  4970,132735,19631030,   89,    0
  4970,132735,19631031,   80,    0
  4970,132735,19631101,   77,    0
  4970,132735,19631102,   76,    0
  4970,132735,19631103,   84,    0
  4970,132735,19631104,   80,    0
  4970,132735,19631105,   75,    0
  4970,132735,19631106,   86,    0
  4970,132735,19631107,   91,    0
  4970,132735,19631108,   94,    0
  4970,132735,19631109,   87,    0
  4970,132735,19631110,   83,    0
  4970,132735,19631111,   81,    0
  4970,132735,19631112,   86,    0
  4970,132735,19631113,   89,    0
  4970,132735,19631114,   80,    0
  4970,132735,19631115,   87,    0
  4970,132735,19631116,   88,    0
  4970,132735,19631117,   90,    0
  4970,132735,19631118,   79,    0
  4970,132735,19631119,   90,    0
  4970,132735,19631120,   93,    0
  4970,132735,19631121,   81,    0
  4970,132735,19631122,   92,    0
  4970,132735,19631123,   92,    0
  4970,132735,19631124,   81,    0
  4970,132735,19631125,   88,    0
  4970,132735,19631126,   87,    0
  4970,132735,19631127,   92,    0
  4970,132735,19631128,   88,    0
  4970,132735,19631129,   98,    0
  4970,132735,19631130,   86,    0
  4970,132735,19631201,   83,    0
  4970,132735,19631202,   92,    0
  4970,132735,19631203,   86,    0
  4970,132735,19631204,   86,    0
  4970,132735,19631205,   87,    0
  4970,132735,19631206,   80,    0
  4970,132735,19631207,   81,    0
  4970,132735,19631208,   80,    0
  4970,132735,19631209,   77,    0
  4970,132735,19631210,   98,    0
  4970,132735,19631211,   90,    0
  4970,132735,19631212,   88,    0
  4970,132735,19631213,   81,    0
  4970,132735,19631214,   89,    0
  4970,132735,19631215,   88,    0
  4970,132735,19631216,   90,    0
  4970,132735,19631217,   93,    0
  4970,132735,19631218,   88,    0
  4970,132735,19631219,   93,    0
  4970,132735,19631220,   88,    0
  4970,132735,19631221,   92,    0
  4970,132735,19631222,   88,    0
  4970,132735,19631223,   78,    0
  4970,132735,19631224,   69,    0
  4970,132735,19631225,   63,    0
  4970,132735,19631226,   87,    0
  4970,132735,19631227,   93,    0
  4970,132735,19631228,   94,    0
  4970,132735,19631229,   92,    0
  4970,132735,19631230,   96,    0
  4970,132735,19631231,   96,    0
  4970,132735,19640101,   95,    0
  4970,132735,19640102,   78,    0
  4970,132735,19640103,   70,    0
  4970,132735,19640104,   36,    0
  4970,132735,19640105,   92,    0
  4970,132735,19640106,   85,    0
  4970,132735,19640107,   88,    0
  4970,132735,19640108,   95,    0
  4970,132735,19640109,   95,    0
  4970,132735,19640110,   91,    0
  4970,132735,19640111,   94,    0
  4970,132735,19640112,   88,    0
  4970,132735,19640113,   93,    0
  4970,132735,19640114,   92,    0
  4970,132735,19640115,   86,    0
  4970,132735,19640116,   78,    0
  4970,132735,19640117,   79,    0
  4970,132735,19640118,   75,    0
  4970,132735,19640119,   95,    0
  4970,132735,19640120,   94,    0
  4970,132735,19640121,   94,    0
  4970,132735,19640122,   98,    0
  4970,132735,19640123,   95,    0
  4970,132735,19640124,   94,    0
  4970,132735,19640125,   86,    0
  4970,132735,19640126,   91,    0
  4970,132735,19640127,   84,    0
  4970,132735,19640128,   90,    0
  4970,132735,19640129,   95,    0
  4970,132735,19640130,   93,    0
  4970,132735,19640131,   95,    0
  4970,132735,19640201,   96,    0
  4970,132735,19640202,   93,    0
  4970,132735,19640203,   91,    0
  4970,132735,19640204,   84,    0
  4970,132735,19640205,   82,    0
  4970,132735,19640206,   92,    0
  4970,132735,19640207,   89,    0
  4970,132735,19640208,   95,    0
  4970,132735,19640209,   96,    0
  4970,132735,19640210,   96,    0
  4970,132735,19640211,   94,    0
  4970,132735,19640212,   97,    0
  4970,132735,19640213,   84,    0
  4970,132735,19640214,   81,    0
  4970,132735,19640215,   63,    0
  4970,132735,19640216,   72,    0
  4970,132735,19640217,   93,    0
  4970,132735,19640218,   95,    0
  4970,132735,19640219,   90,    0
  4970,132735,19640220,   81,    0
  4970,132735,19640221,   76,    0
  4970,132735,19640222,   68,    0
  4970,132735,19640223,   83,    0
  4970,132735,19640224,   89,    0
  4970,132735,19640225,   59,    0
  4970,132735,19640226,   62,    0
  4970,132735,19640227,   93,    0
  4970,132735,19640228,   92,    0
  4970,132735,19640229,   90,    0
  4970,132735,19640301,   85,    0
  4970,132735,19640302,   72,    0
  4970,132735,19640303,   86,    0
  4970,132735,19640304,   88,    0
  4970,132735,19640305,   76,    0
  4970,132735,19640306,   78,    0
  4970,132735,19640307,   76,    0
  4970,132735,19640308,   76,    0
  4970,132735,19640309,   69,    0
  4970,132735,19640310,   67,    0
  4970,132735,19640311,   60,    0
  4970,132735,19640312,   62,    0
  4970,132735,19640313,   91,    0
  4970,132735,19640314,   93,    0
  4970,132735,19640315,   92,    0
  4970,132735,19640316,   78,    0
  4970,132735,19640317,   72,    0
  4970,132735,19640318,   69,    0
  4970,132735,19640319,   95,    0
  4970,132735,19640320,   84,    0
  4970,132735,19640321,   88,    0
  4970,132735,19640322,   91,    0
  4970,132735,19640323,   93,    0
  4970,132735,19640324,   82,    0
  4970,132735,19640325,   90,    0
  4970,132735,19640326,   84,    0
  4970,132735,19640327,   90,    0
  4970,132735,19640328,   92,    0
  4970,132735,19640329,   95,    0
  4970,132735,19640330,   90,    0
  4970,132735,19640331,   88,    0
  4970,132735,19640401,   91,    0
  4970,132735,19640402,   89,    0
  4970,132735,19640403,   95,    0
  4970,132735,19640404,   93,    0
  4970,132735,19640405,   98,    0
  4970,132735,19640406,   75,    0
  4970,132735,19640407,   83,    0
  4970,132735,19640408,   82,    0
  4970,132735,19640409,   68,    0
  4970,132735,19640410,   57,    0
  4970,132735,19640411,   65,    0
  4970,132735,19640412,   68,    0
  4970,132735,19640413,   92,    0
  4970,132735,19640414,   76,    0
  4970,132735,19640415,   58,    0
  4970,132735,19640416,   49,    0
  4970,132735,19640417,   50,    0
  4970,132735,19640418,   53,    0
  4970,132735,19640419,   67,    0
  4970,132735,19640420,   66,    0
  4970,132735,19640421,   71,    0
  4970,132735,19640422,   85,    0
  4970,132735,19640423,   88,    0
  4970,132735,19640424,   95,    0
  4970,132735,19640425,   88,    0
  4970,132735,19640426,   66,    0
  4970,132735,19640427,   47,    0
  4970,132735,19640428,   67,    0
  4970,132735,19640429,   81,    0
  4970,132735,19640430,   90,    0
  4970,132735,19640501,   79,    0
  4970,132735,19640502,   72,    0
  4970,132735,19640503,   85,    0
  4970,132735,19640504,   67,    0
  4970,132735,19640505,   74,    0
  4970,132735,19640506,   60,    0
  4970,132735,19640507,   56,    0
  4970,132735,19640508,   61,    0
  4970,132735,19640509,   55,    0
  4970,132735,19640510,   56,    0
  4970,132735,19640511,   58,    0
  4970,132735,19640512,   50,    0
  4970,132735,19640513,   69,    0
  4970,132735,19640514,   82,    0
  4970,132735,19640515,   65,    0
  4970,132735,19640516,   57,    0
  4970,132735,19640517,   43,    0
  4970,132735,19640518,   56,    0
  4970,132735,19640519,   73,    0
  4970,132735,19640520,   77,    0
  4970,132735,19640521,   63,    0
  4970,132735,19640522,   63,    0
  4970,132735,19640523,   54,    0
  4970,132735,19640524,   57,    0
  4970,132735,19640525,   68,    0
  4970,132735,19640526,   82,    0
  4970,132735,19640527,   80,    0
  4970,132735,19640528,   86,    0
  4970,132735,19640529,   85,    0
  4970,132735,19640530,   71,    0
  4970,132735,19640531,   60,    0
  4970,132735,19640601,   52,    0
  4970,132735,19640602,   79,    0
  4970,132735,19640603,   68,    0
  4970,132735,19640604,   53,    0
  4970,132735,19640605,   77,    0
  4970,132735,19640606,   61,    0
  4970,132735,19640607,   77,    0
  4970,132735,19640608,   77,    0
  4970,132735,19640609,   66,    0
  4970,132735,19640610,   50,    0
  4970,132735,19640611,   63,    0
  4970,132735,19640612,   54,    0
  4970,132735,19640613,   44,    0
  4970,132735,19640614,   79,    0
  4970,132735,19640615,   82,    0
  4970,132735,19640616,   72,    0
  4970,132735,19640617,   59,    0
  4970,132735,19640618,   69,    0
  4970,132735,19640619,   85,    0
  4970,132735,19640620,   86,    0
  4970,132735,19640621,   58,    0
  4970,132735,19640622,   77,    0
  4970,132735,19640623,   79,    0
  4970,132735,19640624,   67,    0
  4970,132735,19640625,   52,    0
  4970,132735,19640626,   67,    0
  4970,132735,19640627,   59,    0
  4970,132735,19640628,   60,    0
  4970,132735,19640629,   83,    0
  4970,132735,19640630,   64,    0
  4970,132735,19640701,   71,    0
  4970,132735,19640702,   62,    0
  4970,132735,19640703,   62,    0
  4970,132735,19640704,   73,    0
  4970,132735,19640705,   64,    0
  4970,132735,19640706,   58,    0
  4970,132735,19640707,   52,    0
  4970,132735,19640708,   59,    0
  4970,132735,19640709,   93,    0
  4970,132735,19640710,   84,    0
  4970,132735,19640711,   90,    0
  4970,132735,19640712,   84,    0
  4970,132735,19640713,   76,    0
  4970,132735,19640714,   63,    0
  4970,132735,19640715,   50,    0
  4970,132735,19640716,   64,    0
  4970,132735,19640717,   49,    0
  4970,132735,19640718,   36,    0
  4970,132735,19640719,   74,    0
  4970,132735,19640720,   55,    0
  4970,132735,19640721,   69,    0
  4970,132735,19640722,   72,    0
  4970,132735,19640723,   72,    0
  4970,132735,19640724,   63,    0
  4970,132735,19640725,   51,    0
  4970,132735,19640726,   40,    0
  4970,132735,19640727,   49,    0
  4970,132735,19640728,   66,    0
  4970,132735,19640729,   65,    0
  4970,132735,19640730,   61,    0
  4970,132735,19640731,   55,    0
  4970,132735,19640801,   82,    0
  4970,132735,19640802,   71,    0
  4970,132735,19640803,   64,    0
  4970,132735,19640804,   66,    0
  4970,132735,19640805,   59,    0
  4970,132735,19640806,   40,    0
  4970,132735,19640807,   68,    0
  4970,132735,19640808,   82,    0
  4970,132735,19640809,   84,    0
  4970,132735,19640810,   79,    0
  4970,132735,19640811,   90,    0
  4970,132735,19640812,   95,    0
  4970,132735,19640813,   89,    0
  4970,132735,19640814,   76,    0
  4970,132735,19640815,   74,    0
  4970,132735,19640816,   72,    0
  4970,132735,19640817,   64,    0
  4970,132735,19640818,   81,    0
  4970,132735,19640819,   90,    0
  4970,132735,19640820,   73,    0
  4970,132735,19640821,   77,    0
  4970,132735,19640822,   72,    0
  4970,132735,19640823,   65,    0
  4970,132735,19640824,   56,    0
  4970,132735,19640825,   63,    0
  4970,132735,19640826,   45,    0
  4970,132735,19640827,   51,    0
  4970,132735,19640828,   50,    0
  4970,132735,19640829,   81,    0
  4970,132735,19640830,   65,    0
  4970,132735,19640831,   66,    0
  4970,132735,19640901,   55,    0
  4970,132735,19640902,   46,    0
  4970,132735,19640903,   53,    0
  4970,132735,19640904,   60,    0
  4970,132735,19640905,   73,    0
  4970,132735,19640906,   93,    0
  4970,132735,19640907,   83,    0
  4970,132735,19640908,   86,    0
  4970,132735,19640909,   88,    0
  4970,132735,19640910,   80,    0
  4970,132735,19640911,   70,    0
  4970,132735,19640912,   76,    0
  4970,132735,19640913,   51,    0
  4970,132735,19640914,   64,    0
  4970,132735,19640915,   78,    0
  4970,132735,19640916,   92,    0
  4970,132735,19640917,   88,    0
  4970,132735,19640918,   85,    0
  4970,132735,19640919,   82,    0
  4970,132735,19640920,   85,    0
  4970,132735,19640921,   80,    0
  4970,132735,19640922,   70,    0
  4970,132735,19640923,   53,    0
  4970,132735,19640924,   51,    0
  4970,132735,19640925,   71,    0
  4970,132735,19640926,   65,    0
  4970,132735,19640927,   82,    0
  4970,132735,19640928,   78,    0
  4970,132735,19640929,   82,    0
  4970,132735,19640930,   92,    0
  4970,132735,19641001,   77,    0
  4970,132735,19641002,   70,    0
  4970,132735,19641003,   63,    0
  4970,132735,19641004,   66,    0
  4970,132735,19641005,   86,    0
  4970,132735,19641006,   87,    0
  4970,132735,19641007,   84,    0
  4970,132735,19641008,   90,    0
  4970,132735,19641009,   89,    0
  4970,132735,19641010,   79,    0
  4970,132735,19641011,   85,    0
  4970,132735,19641012,   85,    0
  4970,132735,19641013,   89,    0
  4970,132735,19641014,   79,    0
  4970,132735,19641015,   88,    0
  4970,132735,19641016,   86,    0
  4970,132735,19641017,   88,    0
  4970,132735,19641018,   91,    0
  4970,132735,19641019,   90,    0
  4970,132735,19641020,   87,    0
  4970,132735,19641021,   87,    0
  4970,132735,19641022,   88,    0
  4970,132735,19641023,   91,    0
  4970,132735,19641024,   93,    0
  4970,132735,19641025,   83,    0
  4970,132735,19641026,   77,    0
  4970,132735,19641027,   89,    0
  4970,132735,19641028,   96,    0
  4970,132735,19641029,   94,    0
  4970,132735,19641030,   97,    0
  4970,132735,19641031,   90,    0
  4970,132735,19641101,   93,    0
  4970,132735,19641102,   95,    0
  4970,132735,19641103,   92,    0
  4970,132735,19641104,   90,    0
  4970,132735,19641105,   85,    0
  4970,132735,19641106,   94,    0
  4970,132735,19641107,   75,    0
  4970,132735,19641108,   58,    0
  4970,132735,19641109,   61,    0
  4970,132735,19641110,   83,    0
  4970,132735,19641111,   85,    0
  4970,132735,19641112,   89,    0
  4970,132735,19641113,   90,    0
  4970,132735,19641114,   93,    0
  4970,132735,19641115,   90,    0
  4970,132735,19641116,   94,    0
  4970,132735,19641117,   91,    0
  4970,132735,19641118,   91,    0
  4970,132735,19641119,   95,    0
  4970,132735,19641120,   97,    0
  4970,132735,19641121,   91,    0
  4970,132735,19641122,   88,    0
  4970,132735,19641123,   94,    0
  4970,132735,19641124,   96,    0
  4970,132735,19641125,   97,    0
  4970,132735,19641126,   89,    0
  4970,132735,19641127,   96,    0
  4970,132735,19641128,   94,    0
  4970,132735,19641129,   91,    0
  4970,132735,19641130,   93,    0
  4970,132735,19641201,   84,    0
  4970,132735,19641202,   94,    0
  4970,132735,19641203,   90,    0
  4970,132735,19641204,   92,    0
  4970,132735,19641205,   94,    0
  4970,132735,19641206,   97,    0
  4970,132735,19641207,   94,    0
  4970,132735,19641208,   92,    0
  4970,132735,19641209,   75,    0
  4970,132735,19641210,   80,    0
  4970,132735,19641211,   91,    0
  4970,132735,19641212,   95,    0
  4970,132735,19641213,   96,    0
  4970,132735,19641214,   92,    0
  4970,132735,19641215,   79,    0
  4970,132735,19641216,   93,    0
  4970,132735,19641217,   93,    0
  4970,132735,19641218,   87,    0
  4970,132735,19641219,   89,    0
  4970,132735,19641220,   79,    0
  4970,132735,19641221,   86,    0
  4970,132735,19641222,   90,    0
  4970,132735,19641223,   88,    0
  4970,132735,19641224,   89,    0
  4970,132735,19641225,   95,    0
  4970,132735,19641226,   92,    0
  4970,132735,19641227,   88,    0
  4970,132735,19641228,   89,    0
  4970,132735,19641229,   89,    0
  4970,132735,19641230,   91,    0
  4970,132735,19641231,   92,    0
  4970,132735,19650101,   93,    0
  4970,132735,19650102,   94,    0
  4970,132735,19650103,   93,    0
  4970,132735,19650104,   87,    0
  4970,132735,19650105,   94,    0
  4970,132735,19650106,   94,    0
  4970,132735,19650107,   95,    0
  4970,132735,19650108,   95,    0
  4970,132735,19650109,   90,    0
  4970,132735,19650110,   95,    0
  4970,132735,19650111,   67,    0
  4970,132735,19650112,   74,    0
  4970,132735,19650113,   86,    0
  4970,132735,19650114,   85,    0
  4970,132735,19650115,   89,    0
  4970,132735,19650116,   93,    0
  4970,132735,19650117,   94,    0
  4970,132735,19650118,   89,    0
  4970,132735,19650119,   94,    0
  4970,132735,19650120,   86,    0
  4970,132735,19650121,   89,    0
  4970,132735,19650122,   94,    0
  4970,132735,19650123,   93,    0
  4970,132735,19650124,   92,    0
  4970,132735,19650125,   93,    0
  4970,132735,19650126,   96,    0
  4970,132735,19650127,   94,    0
  4970,132735,19650128,   96,    0
  4970,132735,19650129,   91,    0
  4970,132735,19650130,   97,    0
  4970,132735,19650131,   96,    0
  4970,132735,19650201,   91,    0
  4970,132735,19650202,   84,    0
  4970,132735,19650203,   93,    0
  4970,132735,19650204,   92,    0
  4970,132735,19650205,   94,    0
  4970,132735,19650206,   94,    0
  4970,132735,19650207,   92,    0
  4970,132735,19650208,   84,    0
  4970,132735,19650209,   89,    0
  4970,132735,19650210,   94,    0
  4970,132735,19650211,   94,    0
  4970,132735,19650212,   93,    0
  4970,132735,19650213,   96,    0
  4970,132735,19650214,   92,    0
  4970,132735,19650215,   94,    0
  4970,132735,19650216,   89,    0
  4970,132735,19650217,   86,    0
  4970,132735,19650218,   92,    0
  4970,132735,19650219,   85,    0
  4970,132735,19650220,   82,    0
  4970,132735,19650221,   83,    0
  4970,132735,19650222,   89,    0
  4970,132735,19650223,   87,    0
  4970,132735,19650224,   86,    0
  4970,132735,19650225,   88,    0
  4970,132735,19650226,   89,    0
  4970,132735,19650227,   92,    0
  4970,132735,19650228,   89,    0
  4970,132735,19650301,   87,    0
  4970,132735,19650302,   95,    0
  4970,132735,19650303,   88,    0
  4970,132735,19650304,   87,    0
  4970,132735,19650305,   89,    0
  4970,132735,19650306,   88,    0
  4970,132735,19650307,   87,    0
  4970,132735,19650308,   89,    0
  4970,132735,19650309,   87,    0
  4970,132735,19650310,   74,    0
  4970,132735,19650311,   66,    0
  4970,132735,19650312,   55,    0
  4970,132735,19650313,   57,    0
  4970,132735,19650314,   90,    0
  4970,132735,19650315,   89,    0
  4970,132735,19650316,   84,    0
  4970,132735,19650317,   80,    0
  4970,132735,19650318,   92,    0
  4970,132735,19650319,   86,    0
  4970,132735,19650320,   87,    0
  4970,132735,19650321,   91,    0
  4970,132735,19650322,   89,    0
  4970,132735,19650323,   90,    0
  4970,132735,19650324,   91,    0
  4970,132735,19650325,   86,    0
  4970,132735,19650326,   90,    0
  4970,132735,19650327,   93,    0
  4970,132735,19650328,   78,    0
  4970,132735,19650329,   75,    0
  4970,132735,19650330,   69,    0
  4970,132735,19650331,   55,    0
  4970,132735,19650401,   59,    0
  4970,132735,19650402,   48,    0
  4970,132735,19650403,   47,    0
  4970,132735,19650404,   75,    0
  4970,132735,19650405,   77,    0
  4970,132735,19650406,   82,    0
  4970,132735,19650407,   89,    0
  4970,132735,19650408,   86,    0
  4970,132735,19650409,   78,    0
  4970,132735,19650410,   67,    0
  4970,132735,19650411,   76,    0
  4970,132735,19650412,   89,    0
  4970,132735,19650413,   90,    0
  4970,132735,19650414,   79,    0
  4970,132735,19650415,   85,    0
  4970,132735,19650416,   86,    0
  4970,132735,19650417,   91,    0
  4970,132735,19650418,   96,    0
  4970,132735,19650419,   96,    0
  4970,132735,19650420,   92,    0
  4970,132735,19650421,   96,    0
  4970,132735,19650422,   93,    0
  4970,132735,19650423,   96,    0
  4970,132735,19650424,   91,    0
  4970,132735,19650425,   86,    0
  4970,132735,19650426,   96,    0
  4970,132735,19650427,   88,    0
  4970,132735,19650428,   86,    0
  4970,132735,19650429,   94,    0
  4970,132735,19650430,   80,    0
  4970,132735,19650501,   62,    0
  4970,132735,19650502,   65,    0
  4970,132735,19650503,   80,    0
  4970,132735,19650504,   81,    0
  4970,132735,19650505,   90,    0
  4970,132735,19650506,   81,    0
  4970,132735,19650507,   94,    0
  4970,132735,19650508,   83,    0
  4970,132735,19650509,   89,    0
  4970,132735,19650510,   77,    0
  4970,132735,19650511,   78,    0
  4970,132735,19650512,   69,    0
  4970,132735,19650513,   62,    0
  4970,132735,19650514,   55,    0
  4970,132735,19650515,   69,    0
  4970,132735,19650516,   77,    0
  4970,132735,19650517,   88,    0
  4970,132735,19650518,   82,    0
  4970,132735,19650519,   81,    0
  4970,132735,19650520,   73,    0
  4970,132735,19650521,   59,    0
  4970,132735,19650522,   64,    0
  4970,132735,19650523,   78,    0
  4970,132735,19650524,   78,    0
  4970,132735,19650525,   80,    0
  4970,132735,19650526,   79,    0
  4970,132735,19650527,   93,    0
  4970,132735,19650528,   96,    0
  4970,132735,19650529,   77,    0
  4970,132735,19650530,   92,    0
  4970,132735,19650531,   93,    0
  4970,132735,19650601,   96,    0
  4970,132735,19650602,   81,    0
  4970,132735,19650603,   84,    0
  4970,132735,19650604,   84,    0
  4970,132735,19650605,   90,    0
  4970,132735,19650606,   95,    0
  4970,132735,19650607,   84,    0
  4970,132735,19650608,   90,    0
  4970,132735,19650609,   97,    0
  4970,132735,19650610,   89,    0
  4970,132735,19650611,   92,    0
  4970,132735,19650612,   72,    0
  4970,132735,19650613,   86,    0
  4970,132735,19650614,   86,    0
  4970,132735,19650615,   63,    0
  4970,132735,19650616,   78,    0
  4970,132735,19650617,   87,    0
  4970,132735,19650618,   89,    0
  4970,132735,19650619,   80,    0
  4970,132735,19650620,   73,    0
  4970,132735,19650621,   74,    0
  4970,132735,19650622,   85,    0
  4970,132735,19650623,   75,    0
  4970,132735,19650624,   78,    0
  4970,132735,19650625,   74,    0
  4970,132735,19650626,   77,    0
  4970,132735,19650627,   73,    0
  4970,132735,19650628,   73,    0
  4970,132735,19650629,   62,    0
  4970,132735,19650630,   68,    0
  4970,132735,19650701,   90,    0
  4970,132735,19650702,   72,    0
  4970,132735,19650703,   81,    0
  4970,132735,19650704,   76,    0
  4970,132735,19650705,   74,    0
  4970,132735,19650706,   78,    0
  4970,132735,19650707,   75,    0
  4970,132735,19650708,   86,    0
  4970,132735,19650709,   81,    0
  4970,132735,19650710,   80,    0
  4970,132735,19650711,   80,    0
  4970,132735,19650712,   84,    0
  4970,132735,19650713,   61,    0
  4970,132735,19650714,   72,    0
  4970,132735,19650715,   85,    0
  4970,132735,19650716,   97,    0
  4970,132735,19650717,   98,    0
  4970,132735,19650718,   94,    0
  4970,132735,19650719,   87,    0
  4970,132735,19650720,   85,    0
  4970,132735,19650721,   94,    0
  4970,132735,19650722,   89,    0
  4970,132735,19650723,   86,    0
  4970,132735,19650724,   72,    0
  4970,132735,19650725,   67,    0
  4970,132735,19650726,   73,    0
  4970,132735,19650727,   81,    0
  4970,132735,19650728,   77,    0
  4970,132735,19650729,   89,    0
  4970,132735,19650730,   82,    0
  4970,132735,19650731,   97,    0
  4970,132735,19650801,   77,    0
  4970,132735,19650802,   71,    0
  4970,132735,19650803,   83,    0
  4970,132735,19650804,   76,    0
  4970,132735,19650805,   65,    0
  4970,132735,19650806,   79,    0
  4970,132735,19650807,   85,    0
  4970,132735,19650808,   83,    0
  4970,132735,19650809,   74,    0
  4970,132735,19650810,   78,    0
  4970,132735,19650811,   79,    0
  4970,132735,19650812,   53,    0
  4970,132735,19650813,   58,    0
  4970,132735,19650814,   63,    0
  4970,132735,19650815,   83,    0
  4970,132735,19650816,   74,    0
  4970,132735,19650817,   76,    0
  4970,132735,19650818,   77,    0
  4970,132735,19650819,   83,    0
  4970,132735,19650820,   80,    0
  4970,132735,19650821,   75,    0
  4970,132735,19650822,   85,    0
  4970,132735,19650823,   87,    0
  4970,132735,19650824,   83,    0
  4970,132735,19650825,   86,    0
  4970,132735,19650826,   81,    0
  4970,132735,19650827,   95,    0
  4970,132735,19650828,   79,    0
  4970,132735,19650829,   78,    0
  4970,132735,19650830,   79,    0
  4970,132735,19650831,   88,    0
  4970,132735,19650901,   95,    0
  4970,132735,19650902,   97,    0
  4970,132735,19650903,   91,    0
  4970,132735,19650904,   87,    0
  4970,132735,19650905,   93,    0
  4970,132735,19650906,   96,    0
  4970,132735,19650907,   95,    0
  4970,132735,19650908,   86,    0
  4970,132735,19650909,   82,    0
  4970,132735,19650910,   83,    0
  4970,132735,19650911,   88,    0
  4970,132735,19650912,   94,    0
  4970,132735,19650913,   96,    0
  4970,132735,19650914,   92,    0
  4970,132735,19650915,   84,    0
  4970,132735,19650916,   82,    0
  4970,132735,19650917,   75,    0
  4970,132735,19650918,   86,    0
  4970,132735,19650919,   85,    0
  4970,132735,19650920,   78,    0
  4970,132735,19650921,   74,    0
  4970,132735,19650922,   73,    0
  4970,132735,19650923,   81,    0
  4970,132735,19650924,   72,    0
  4970,132735,19650925,   79,    0
  4970,132735,19650926,   87,    0
  4970,132735,19650927,   84,    0
  4970,132735,19650928,   92,    0
  4970,132735,19650929,   88,    0
  4970,132735,19650930,   92,    0
  4970,132735,19651001,   87,    0
  4970,132735,19651002,   85,    0
  4970,132735,19651003,   85,    0
  4970,132735,19651004,   84,    0
  4970,132735,19651005,   90,    0
  4970,132735,19651006,   88,    0
  4970,132735,19651007,   89,    0
  4970,132735,19651008,   94,    0
  4970,132735,19651009,   84,    0
  4970,132735,19651010,   79,    0
  4970,132735,19651011,   72,    0
  4970,132735,19651012,   77,    0
  4970,132735,19651013,   77,    0
  4970,132735,19651014,   82,    0
  4970,132735,19651015,   85,    0
  4970,132735,19651016,   91,    0
  4970,132735,19651017,   85,    0
  4970,132735,19651018,   80,    0
  4970,132735,19651019,   85,    0
  4970,132735,19651020,   81,    0
  4970,132735,19651021,   74,    0
  4970,132735,19651022,   76,    0
  4970,132735,19651023,   78,    0
  4970,132735,19651024,   73,    0
  4970,132735,19651025,   72,    0
  4970,132735,19651026,   62,    0
  4970,132735,19651027,   91,    0
  4970,132735,19651028,   90,    0
  4970,132735,19651029,   86,    0
  4970,132735,19651030,   82,    0
  4970,132735,19651031,   87,    0
  4970,132735,19651101,   92,    0
  4970,132735,19651102,   92,    0
  4970,132735,19651103,   93,    0
  4970,132735,19651104,   91,    0
  4970,132735,19651105,   85,    0
  4970,132735,19651106,   75,    0
  4970,132735,19651107,   84,    0
  4970,132735,19651108,   84,    0
  4970,132735,19651109,   87,    0
  4970,132735,19651110,   94,    0
  4970,132735,19651111,   94,    0
  4970,132735,19651112,   89,    0
  4970,132735,19651113,   94,    0
  4970,132735,19651114,   93,    0
  4970,132735,19651115,   92,    0
  4970,132735,19651116,   88,    0
  4970,132735,19651117,   88,    0
  4970,132735,19651118,   94,    0
  4970,132735,19651119,   94,    0
  4970,132735,19651120,   95,    0
  4970,132735,19651121,   95,    0
  4970,132735,19651122,   94,    0
  4970,132735,19651123,   90,    0
  4970,132735,19651124,   90,    0
  4970,132735,19651125,   94,    0
  4970,132735,19651126,   88,    0
  4970,132735,19651127,   89,    0
  4970,132735,19651128,   84,    0
  4970,132735,19651129,   93,    0
  4970,132735,19651130,   90,    0
  4970,132735,19651201,   90,    0
  4970,132735,19651202,   96,    0
  4970,132735,19651203,   95,    0
  4970,132735,19651204,   95,    0
  4970,132735,19651205,   92,    0
  4970,132735,19651206,   90,    0
  4970,132735,19651207,   93,    0
  4970,132735,19651208,   89,    0
  4970,132735,19651209,   94,    0
  4970,132735,19651210,   90,    0
  4970,132735,19651211,   92,    0
  4970,132735,19651212,   95,    0
  4970,132735,19651213,   93,    0
  4970,132735,19651214,   94,    0
  4970,132735,19651215,   91,    0
  4970,132735,19651216,   92,    0
  4970,132735,19651217,   96,    0
  4970,132735,19651218,   93,    0
  4970,132735,19651219,   88,    0
  4970,132735,19651220,   96,    0
  4970,132735,19651221,   95,    0
  4970,132735,19651222,   94,    0
  4970,132735,19651223,   92,    0
  4970,132735,19651224,   94,    0
  4970,132735,19651225,   95,    0
  4970,132735,19651226,   96,    0
  4970,132735,19651227,   93,    0
  4970,132735,19651228,   94,    0
  4970,132735,19651229,   90,    0
  4970,132735,19651230,   91,    0
  4970,132735,19651231,   96,    0
  4970,132735,19660101,   93,    0
  4970,132735,19660102,   88,    0
  4970,132735,19660103,   91,    0
  4970,132735,19660104,   86,    0
  4970,132735,19660105,   80,    0
  4970,132735,19660106,   71,    0
  4970,132735,19660107,   53,    0
  4970,132735,19660108,   60,    0
  4970,132735,19660109,   90,    0
  4970,132735,19660110,   87,    0
  4970,132735,19660111,   89,    0
  4970,132735,19660112,   87,    0
  4970,132735,19660113,   91,    0
  4970,132735,19660114,   91,    0
  4970,132735,19660115,   88,    0
  4970,132735,19660116,   89,    0
  4970,132735,19660117,   90,    0
  4970,132735,19660118,   87,    0
  4970,132735,19660119,   81,    0
  4970,132735,19660120,   89,    0
  4970,132735,19660121,   97,    0
  4970,132735,19660122,   97,    0
  4970,132735,19660123,   96,    0
  4970,132735,19660124,   96,    0
  4970,132735,19660125,   96,    0
  4970,132735,19660126,   94,    0
  4970,132735,19660127,   96,    0
  4970,132735,19660128,   95,    0
  4970,132735,19660129,   68,    0
  4970,132735,19660130,   83,    0
  4970,132735,19660131,   94,    0
  4970,132735,19660201,   93,    0
  4970,132735,19660202,   86,    0
  4970,132735,19660203,   91,    0
  4970,132735,19660204,   92,    0
  4970,132735,19660205,   97,    0
  4970,132735,19660206,   83,    0
  4970,132735,19660207,   93,    0
  4970,132735,19660208,   94,    0
  4970,132735,19660209,   94,    0
  4970,132735,19660210,   95,    0
  4970,132735,19660211,   93,    0
  4970,132735,19660212,   96,    0
  4970,132735,19660213,   97,    0
  4970,132735,19660214,   93,    0
  4970,132735,19660215,   84,    0
  4970,132735,19660216,   72,    0
  4970,132735,19660217,   90,    0
  4970,132735,19660218,   96,    0
  4970,132735,19660219,   92,    0
  4970,132735,19660220,   80,    0
  4970,132735,19660221,   88,    0
  4970,132735,19660222,   84,    0
  4970,132735,19660223,   85,    0
  4970,132735,19660224,   88,    0
  4970,132735,19660225,   73,    0
  4970,132735,19660226,   88,    0
  4970,132735,19660227,   84,    0
  4970,132735,19660228,   94,    0
  4970,132735,19660301,   88,    0
  4970,132735,19660302,   81,    0
  4970,132735,19660303,   78,    0
  4970,132735,19660304,   92,    0
  4970,132735,19660305,   93,    0
  4970,132735,19660306,   85,    0
  4970,132735,19660307,   82,    0
  4970,132735,19660308,   88,    0
  4970,132735,19660309,   94,    0
  4970,132735,19660310,   91,    0
  4970,132735,19660311,   93,    0
  4970,132735,19660312,   91,    0
  4970,132735,19660313,   90,    0
  4970,132735,19660314,   80,    0
  4970,132735,19660315,   90,    0
  4970,132735,19660316,   81,    0
  4970,132735,19660317,   90,    0
  4970,132735,19660318,   95,    0
  4970,132735,19660319,   86,    0
  4970,132735,19660320,   66,    0
  4970,132735,19660321,   64,    0
  4970,132735,19660322,   88,    0
  4970,132735,19660323,   90,    0
  4970,132735,19660324,   95,    0
  4970,132735,19660325,   89,    0
  4970,132735,19660326,   94,    0
  4970,132735,19660327,   88,    0
  4970,132735,19660328,   92,    0
  4970,132735,19660329,   86,    0
  4970,132735,19660330,   91,    0
  4970,132735,19660331,   87,    0
  4970,132735,19660401,   72,    0
  4970,132735,19660402,   75,    0
  4970,132735,19660403,   80,    0
  4970,132735,19660404,   87,    0
  4970,132735,19660405,   61,    0
  4970,132735,19660406,   86,    0
  4970,132735,19660407,   91,    0
  4970,132735,19660408,   92,    0
  4970,132735,19660409,   83,    0
  4970,132735,19660410,   93,    0
  4970,132735,19660411,   87,    0
  4970,132735,19660412,   81,    0
  4970,132735,19660413,   91,    0
  4970,132735,19660414,   91,    0
  4970,132735,19660415,   91,    0
  4970,132735,19660416,   96,    0
  4970,132735,19660417,   85,    0
  4970,132735,19660418,   94,    0
  4970,132735,19660419,   91,    0
  4970,132735,19660420,   84,    0
  4970,132735,19660421,   81,    0
  4970,132735,19660422,   63,    0
  4970,132735,19660423,   61,    0
  4970,132735,19660424,   90,    0
  4970,132735,19660425,   89,    0
  4970,132735,19660426,   78,    0
  4970,132735,19660427,   80,    0
  4970,132735,19660428,   81,    0
  4970,132735,19660429,   76,    0
  4970,132735,19660430,   56,    0
  4970,132735,19660501,   53,    0
  4970,132735,19660502,   51,    0
  4970,132735,19660503,   70,    0
  4970,132735,19660504,   83,    0
  4970,132735,19660505,   90,    0
  4970,132735,19660506,   76,    0
  4970,132735,19660507,   83,    0
  4970,132735,19660508,   76,    0
  4970,132735,19660509,   82,    0
  4970,132735,19660510,   88,    0
  4970,132735,19660511,   79,    0
  4970,132735,19660512,   50,    0
  4970,132735,19660513,   47,    0
  4970,132735,19660514,   69,    0
  4970,132735,19660515,   72,    0
  4970,132735,19660516,   64,    0
  4970,132735,19660517,   61,    0
  4970,132735,19660518,   87,    0
  4970,132735,19660519,   70,    0
  4970,132735,19660520,   71,    0
  4970,132735,19660521,   85,    0
  4970,132735,19660522,   74,    0
  4970,132735,19660523,   67,    0
  4970,132735,19660524,   66,    0
  4970,132735,19660525,   86,    0
  4970,132735,19660526,   91,    0
  4970,132735,19660527,   79,    0
  4970,132735,19660528,   84,    0
  4970,132735,19660529,   72,    0
  4970,132735,19660530,   63,    0
  4970,132735,19660531,   82,    0
  4970,132735,19660601,   74,    0
  4970,132735,19660602,   75,    0
  4970,132735,19660603,   66,    0
  4970,132735,19660604,   52,    0
  4970,132735,19660605,   72,    0
  4970,132735,19660606,   81,    0
  4970,132735,19660607,   67,    0
  4970,132735,19660608,   65,    0
  4970,132735,19660609,   57,    0
  4970,132735,19660610,   57,    0
  4970,132735,19660611,   60,    0
  4970,132735,19660612,   88,    0
  4970,132735,19660613,   75,    0
  4970,132735,19660614,   90,    0
  4970,132735,19660615,   80,    0
  4970,132735,19660616,   83,    0
  4970,132735,19660617,   83,    0
  4970,132735,19660618,   94,    0
  4970,132735,19660619,   80,    0
  4970,132735,19660620,   83,    0
  4970,132735,19660621,   87,    0
  4970,132735,19660622,   72,    0
  4970,132735,19660623,   74,    0
  4970,132735,19660624,   86,    0
  4970,132735,19660625,   91,    0
  4970,132735,19660626,   95,    0
  4970,132735,19660627,   96,    0
  4970,132735,19660628,   76,    0
  4970,132735,19660629,   91,    0
  4970,132735,19660630,   83,    0
  4970,132735,19660701,   69,    0
  4970,132735,19660702,   67,    0
  4970,132735,19660703,   61,    0
  4970,132735,19660704,   80,    0
  4970,132735,19660705,   89,    0
  4970,132735,19660706,   94,    0
  4970,132735,19660707,   87,    0
  4970,132735,19660708,   82,    0
  4970,132735,19660709,   85,    0
  4970,132735,19660710,   79,    0
  4970,132735,19660711,   88,    0
  4970,132735,19660712,   76,    0
  4970,132735,19660713,   73,    0
  4970,132735,19660714,   75,    0
  4970,132735,19660715,   79,    0
  4970,132735,19660716,   92,    0
  4970,132735,19660717,   78,    0
  4970,132735,19660718,   96,    0
  4970,132735,19660719,   95,    0
  4970,132735,19660720,   85,    0
  4970,132735,19660721,   80,    0
  4970,132735,19660722,   97,    0
  4970,132735,19660723,   82,    0
  4970,132735,19660724,   73,    0
  4970,132735,19660725,   78,    0
  4970,132735,19660726,   71,    0
  4970,132735,19660727,   78,    0
  4970,132735,19660728,   83,    0
  4970,132735,19660729,   71,    0
  4970,132735,19660730,   86,    0
  4970,132735,19660731,   78,    0
  4970,132735,19660801,   77,    0
  4970,132735,19660802,   81,    0
  4970,132735,19660803,   86,    0
  4970,132735,19660804,   88,    0
  4970,132735,19660805,   79,    0
  4970,132735,19660806,   75,    0
  4970,132735,19660807,   71,    0
  4970,132735,19660808,   79,    0
  4970,132735,19660809,   76,    0
  4970,132735,19660810,   63,    0
  4970,132735,19660811,   73,    0
  4970,132735,19660812,   67,    0
  4970,132735,19660813,   53,    0
  4970,132735,19660814,   71,    0
  4970,132735,19660815,   76,    0
  4970,132735,19660816,   73,    0
  4970,132735,19660817,   73,    0
  4970,132735,19660818,   89,    0
  4970,132735,19660819,   91,    0
  4970,132735,19660820,   83,    0
  4970,132735,19660821,   83,    0
  4970,132735,19660822,   92,    0
  4970,132735,19660823,   82,    0
  4970,132735,19660824,   79,    0
  4970,132735,19660825,   82,    0
  4970,132735,19660826,   86,    0
  4970,132735,19660827,   85,    0
  4970,132735,19660828,   82,    0
  4970,132735,19660829,   73,    0
  4970,132735,19660830,   79,    0
  4970,132735,19660831,   86,    0
  4970,132735,19660901,   88,    0
  4970,132735,19660902,   86,    0
  4970,132735,19660903,   80,    0
  4970,132735,19660904,   83,    0
  4970,132735,19660905,   82,    0
  4970,132735,19660906,   80,    0
  4970,132735,19660907,   77,    0
  4970,132735,19660908,   76,    0
  4970,132735,19660909,   78,    0
  4970,132735,19660910,   88,    0
  4970,132735,19660911,   81,    0
  4970,132735,19660912,   74,    0
  4970,132735,19660913,   80,    0
  4970,132735,19660914,   79,    0
  4970,132735,19660915,   88,    0
  4970,132735,19660916,   79,    0
  4970,132735,19660917,   77,    0
  4970,132735,19660918,   78,    0
  4970,132735,19660919,   75,    0
  4970,132735,19660920,   70,    0
  4970,132735,19660921,   66,    0
  4970,132735,19660922,   78,    0
  4970,132735,19660923,   73,    0
  4970,132735,19660924,   83,    0
  4970,132735,19660925,   79,    0
  4970,132735,19660926,   82,    0
  4970,132735,19660927,   78,    0
  4970,132735,19660928,   81,    0
  4970,132735,19660929,   79,    0
  4970,132735,19660930,   84,    0
  4970,132735,19661001,   87,    0
  4970,132735,19661002,   86,    0
  4970,132735,19661003,   73,    0
  4970,132735,19661004,   62,    0
  4970,132735,19661005,   84,    0
  4970,132735,19661006,   86,    0
  4970,132735,19661007,   88,    0
  4970,132735,19661008,   87,    0
  4970,132735,19661009,   89,    0
  4970,132735,19661010,   94,    0
  4970,132735,19661011,   91,    0
  4970,132735,19661012,   94,    0
  4970,132735,19661013,   97,    0
  4970,132735,19661014,   92,    0
  4970,132735,19661015,   85,    0
  4970,132735,19661016,   83,    0
  4970,132735,19661017,   82,    0
  4970,132735,19661018,   77,    0
  4970,132735,19661019,   89,    0
  4970,132735,19661020,   89,    0
  4970,132735,19661021,   93,    0
  4970,132735,19661022,   88,    0
  4970,132735,19661023,   86,    0
  4970,132735,19661024,   99,    0
  4970,132735,19661025,   97,    0
  4970,132735,19661026,   98,    0
  4970,132735,19661027,   89,    0
  4970,132735,19661028,   94,    0
  4970,132735,19661029,   84,    0
  4970,132735,19661030,   72,    0
  4970,132735,19661031,   73,    0
  4970,132735,19661101,   82,    0
  4970,132735,19661102,   85,    0
  4970,132735,19661103,   89,    0
  4970,132735,19661104,   94,    0
  4970,132735,19661105,   89,    0
  4970,132735,19661106,   67,    0
  4970,132735,19661107,   67,    0
  4970,132735,19661108,   71,    0
  4970,132735,19661109,   79,    0
  4970,132735,19661110,   92,    0
  4970,132735,19661111,   95,    0
  4970,132735,19661112,   92,    0
  4970,132735,19661113,   89,    0
  4970,132735,19661114,   93,    0
  4970,132735,19661115,   96,    0
  4970,132735,19661116,   92,    0
  4970,132735,19661117,   94,    0
  4970,132735,19661118,   93,    0
  4970,132735,19661119,   95,    0
  4970,132735,19661120,   97,    0
  4970,132735,19661121,   94,    0
  4970,132735,19661122,   92,    0
  4970,132735,19661123,   91,    0
  4970,132735,19661124,   94,    0
  4970,132735,19661125,   92,    0
  4970,132735,19661126,   91,    0
  4970,132735,19661127,   95,    0
  4970,132735,19661128,   95,    0
  4970,132735,19661129,   94,    0
  4970,132735,19661130,   92,    0
  4970,132735,19661201,   90,    0
  4970,132735,19661202,   89,    0
  4970,132735,19661203,   95,    0
  4970,132735,19661204,   95,    0
  4970,132735,19661205,   97,    0
  4970,132735,19661206,   87,    0
  4970,132735,19661207,   94,    0
  4970,132735,19661208,   95,    0
  4970,132735,19661209,   90,    0
  4970,132735,19661210,   95,    0
  4970,132735,19661211,   92,    0
  4970,132735,19661212,   92,    0
  4970,132735,19661213,   93,    0
  4970,132735,19661214,   93,    0
  4970,132735,19661215,   93,    0
  4970,132735,19661216,   80,    0
  4970,132735,19661217,   96,    0
  4970,132735,19661218,   96,    0
  4970,132735,19661219,   93,    0
  4970,132735,19661220,   92,    0
  4970,132735,19661221,   94,    0
  4970,132735,19661222,   95,    0
  4970,132735,19661223,   93,    0
  4970,132735,19661224,   92,    0
  4970,132735,19661225,   89,    0
  4970,132735,19661226,   84,    0
  4970,132735,19661227,   87,    0
  4970,132735,19661228,   94,    0
  4970,132735,19661229,   95,    0
  4970,132735,19661230,   91,    0
  4970,132735,19661231,   95,    0
