EUROPEAN CLIMATE ASSESSMENT & DATASET (ECA&D), file created on: 21-12-2020
THESE DATA CAN BE USED FOR NON-COMMERCIAL RESEARCH AND EDUCATION PROVIDED THAT THE FOLLOWING SOURCE IS ACKNOWLEDGED: 

Klein Tank, A.M.G. and Coauthors, 2002. Daily dataset of 20th-century surface
air temperature and precipitation series for the European Climate Assessment.
Int. J. of Climatol., 22, 1441-1453.
Data and metadata available at http://www.ecad.eu

FILE FORMAT (MISSING VALUE CODE = -9999):

01-06 STAID: Station identifier
08-13 SOUID: Source identifier
15-22 DATE : Date YYYYMMDD
24-28 PP   : Sea level pressure in 0.1 hPa
30-34 Q_PP : quality code for PP (0='valid'; 1='suspect'; 9='missing')

This is the non-blended series (SOUID: 132729) of station Deuselbach, GERMANY (STAID:   4970)

 STAID,    SOUID,    DATE,   PP, Q_PP
  4970,132729,19610101,10141,    0
  4970,132729,19610102,10026,    0
  4970,132729,19610103, 9900,    0
  4970,132729,19610104, 9950,    0
  4970,132729,19610105,10140,    0
  4970,132729,19610106,10043,    0
  4970,132729,19610107,10139,    0
  4970,132729,19610108,10104,    0
  4970,132729,19610109,10110,    0
  4970,132729,19610110,10051,    0
  4970,132729,19610111,10203,    0
  4970,132729,19610112,10327,    0
  4970,132729,19610113,10327,    0
  4970,132729,19610114,10312,    0
  4970,132729,19610115,10264,    0
  4970,132729,19610116,10212,    0
  4970,132729,19610117,10264,    0
  4970,132729,19610118,10303,    0
  4970,132729,19610119,10259,    0
  4970,132729,19610120,10211,    0
  4970,132729,19610121,10174,    0
  4970,132729,19610122,10124,    0
  4970,132729,19610123,10100,    0
  4970,132729,19610124,10084,    0
  4970,132729,19610125,10004,    0
  4970,132729,19610126,10186,    0
  4970,132729,19610127,10268,    0
  4970,132729,19610128,10144,    0
  4970,132729,19610129,10188,    0
  4970,132729,19610130,10086,    0
  4970,132729,19610131,10060,    0
  4970,132729,19610201,10030,    0
  4970,132729,19610202, 9928,    0
  4970,132729,19610203,10043,    0
  4970,132729,19610204,10065,    0
  4970,132729,19610205,10179,    0
  4970,132729,19610206,10100,    0
  4970,132729,19610207,10140,    0
  4970,132729,19610208,10229,    0
  4970,132729,19610209,10220,    0
  4970,132729,19610210,10327,    0
  4970,132729,19610211,10203,    0
  4970,132729,19610212,10221,    0
  4970,132729,19610213,10252,    0
  4970,132729,19610214,10264,    0
  4970,132729,19610215,10303,    0
  4970,132729,19610216,10349,    0
  4970,132729,19610217,10336,    0
  4970,132729,19610218,10352,    0
  4970,132729,19610219,10376,    0
  4970,132729,19610220,10341,    0
  4970,132729,19610221,10282,    0
  4970,132729,19610222,10271,    0
  4970,132729,19610223,10232,    0
  4970,132729,19610224,10210,    0
  4970,132729,19610225,10210,    0
  4970,132729,19610226,10283,    0
  4970,132729,19610227,10253,    0
  4970,132729,19610228,10192,    0
  4970,132729,19610301,10280,    0
  4970,132729,19610302,10317,    0
  4970,132729,19610303,10358,    0
  4970,132729,19610304,10383,    0
  4970,132729,19610305,10378,    0
  4970,132729,19610306,10349,    0
  4970,132729,19610307,10331,    0
  4970,132729,19610308,10350,    0
  4970,132729,19610309,10315,    0
  4970,132729,19610310,10262,    0
  4970,132729,19610311,10294,    0
  4970,132729,19610312,10263,    0
  4970,132729,19610313,10234,    0
  4970,132729,19610314,10255,    0
  4970,132729,19610315,10287,    0
  4970,132729,19610316,10282,    0
  4970,132729,19610317,10203,    0
  4970,132729,19610318,10118,    0
  4970,132729,19610319,10150,    0
  4970,132729,19610320,10143,    0
  4970,132729,19610321,10098,    0
  4970,132729,19610322,10229,    0
  4970,132729,19610323,10251,    0
  4970,132729,19610324,10257,    0
  4970,132729,19610325,10256,    0
  4970,132729,19610326,10195,    0
  4970,132729,19610327,10207,    0
  4970,132729,19610328,10256,    0
  4970,132729,19610329,10191,    0
  4970,132729,19610330,10116,    0
  4970,132729,19610331,10137,    0
  4970,132729,19610401,10125,    0
  4970,132729,19610402,10086,    0
  4970,132729,19610403,10081,    0
  4970,132729,19610404,10078,    0
  4970,132729,19610405,10055,    0
  4970,132729,19610406,10056,    0
  4970,132729,19610407,10110,    0
  4970,132729,19610408,10168,    0
  4970,132729,19610409,10160,    0
  4970,132729,19610410,10066,    0
  4970,132729,19610411,10116,    0
  4970,132729,19610412,10161,    0
  4970,132729,19610413,10107,    0
  4970,132729,19610414,10097,    0
  4970,132729,19610415,10117,    0
  4970,132729,19610416,10111,    0
  4970,132729,19610417,10107,    0
  4970,132729,19610418,10156,    0
  4970,132729,19610419,10162,    0
  4970,132729,19610420,10152,    0
  4970,132729,19610421,10105,    0
  4970,132729,19610422,10021,    0
  4970,132729,19610423, 9986,    0
  4970,132729,19610424,10087,    0
  4970,132729,19610425,10071,    0
  4970,132729,19610426,10048,    0
  4970,132729,19610427,10129,    0
  4970,132729,19610428,10073,    0
  4970,132729,19610429,10079,    0
  4970,132729,19610430,10120,    0
  4970,132729,19610501,10148,    0
  4970,132729,19610502,10090,    0
  4970,132729,19610503,10124,    0
  4970,132729,19610504,10124,    0
  4970,132729,19610505,10116,    0
  4970,132729,19610506,10168,    0
  4970,132729,19610507,10180,    0
  4970,132729,19610508,10204,    0
  4970,132729,19610509,10190,    0
  4970,132729,19610510,10250,    0
  4970,132729,19610511,10273,    0
  4970,132729,19610512,10245,    0
  4970,132729,19610513,10166,    0
  4970,132729,19610514,10122,    0
  4970,132729,19610515,10153,    0
  4970,132729,19610516,10178,    0
  4970,132729,19610517,10193,    0
  4970,132729,19610518,10195,    0
  4970,132729,19610519,10177,    0
  4970,132729,19610520,10121,    0
  4970,132729,19610521,10132,    0
  4970,132729,19610522,10151,    0
  4970,132729,19610523,10138,    0
  4970,132729,19610524,10157,    0
  4970,132729,19610525,10113,    0
  4970,132729,19610526,10100,    0
  4970,132729,19610527,10147,    0
  4970,132729,19610528,10141,    0
  4970,132729,19610529,10080,    0
  4970,132729,19610530,10066,    0
  4970,132729,19610531,10010,    0
  4970,132729,19610601,10000,    0
  4970,132729,19610602,10056,    0
  4970,132729,19610603,10140,    0
  4970,132729,19610604,10173,    0
  4970,132729,19610605,10143,    0
  4970,132729,19610606,10108,    0
  4970,132729,19610607,10114,    0
  4970,132729,19610608,10127,    0
  4970,132729,19610609,10120,    0
  4970,132729,19610610,10172,    0
  4970,132729,19610611,10143,    0
  4970,132729,19610612,10130,    0
  4970,132729,19610613,10055,    0
  4970,132729,19610614,10174,    0
  4970,132729,19610615,10173,    0
  4970,132729,19610616,10192,    0
  4970,132729,19610617,10191,    0
  4970,132729,19610618,10175,    0
  4970,132729,19610619,10232,    0
  4970,132729,19610620,10236,    0
  4970,132729,19610621,10229,    0
  4970,132729,19610622,10179,    0
  4970,132729,19610623,10210,    0
  4970,132729,19610624,10207,    0
  4970,132729,19610625,10153,    0
  4970,132729,19610626,10087,    0
  4970,132729,19610627,10127,    0
  4970,132729,19610628,10280,    0
  4970,132729,19610629,10265,    0
  4970,132729,19610630,10222,    0
  4970,132729,19610701,10208,    0
  4970,132729,19610702,10185,    0
  4970,132729,19610703,10200,    0
  4970,132729,19610704,10172,    0
  4970,132729,19610705,10208,    0
  4970,132729,19610706,10240,    0
  4970,132729,19610707,10221,    0
  4970,132729,19610708,10191,    0
  4970,132729,19610709,10176,    0
  4970,132729,19610710,10156,    0
  4970,132729,19610711,10107,    0
  4970,132729,19610712,10020,    0
  4970,132729,19610713,10002,    0
  4970,132729,19610714,10045,    0
  4970,132729,19610715,10089,    0
  4970,132729,19610716,10093,    0
  4970,132729,19610717,10136,    0
  4970,132729,19610718,10125,    0
  4970,132729,19610719,10106,    0
  4970,132729,19610720,10160,    0
  4970,132729,19610721,10182,    0
  4970,132729,19610722,10178,    0
  4970,132729,19610723,10206,    0
  4970,132729,19610724,10253,    0
  4970,132729,19610725,10260,    0
  4970,132729,19610726,10176,    0
  4970,132729,19610727,10117,    0
  4970,132729,19610728,10069,    0
  4970,132729,19610729,10185,    0
  4970,132729,19610730,10223,    0
  4970,132729,19610731,10210,    0
  4970,132729,19610801,10163,    0
  4970,132729,19610802,10152,    0
  4970,132729,19610803,10223,    0
  4970,132729,19610804,10182,    0
  4970,132729,19610805,10131,    0
  4970,132729,19610806,10111,    0
  4970,132729,19610807,10138,    0
  4970,132729,19610808,10110,    0
  4970,132729,19610809,10187,    0
  4970,132729,19610810,10171,    0
  4970,132729,19610811,10165,    0
  4970,132729,19610812,10207,    0
  4970,132729,19610813,10220,    0
  4970,132729,19610814,10188,    0
  4970,132729,19610815,10159,    0
  4970,132729,19610816,10160,    0
  4970,132729,19610817,10135,    0
  4970,132729,19610818,10161,    0
  4970,132729,19610819,10094,    0
  4970,132729,19610820,10178,    0
  4970,132729,19610821,10160,    0
  4970,132729,19610822,10133,    0
  4970,132729,19610823,10207,    0
  4970,132729,19610824,10201,    0
  4970,132729,19610825,10199,    0
  4970,132729,19610826,10189,    0
  4970,132729,19610827,10239,    0
  4970,132729,19610828,10250,    0
  4970,132729,19610829,10200,    0
  4970,132729,19610830,10198,    0
  4970,132729,19610831,10233,    0
  4970,132729,19610901,10210,    0
  4970,132729,19610902,10157,    0
  4970,132729,19610903,10122,    0
  4970,132729,19610904,10125,    0
  4970,132729,19610905,10098,    0
  4970,132729,19610906,10067,    0
  4970,132729,19610907,10098,    0
  4970,132729,19610908,10190,    0
  4970,132729,19610909,10236,    0
  4970,132729,19610910,10210,    0
  4970,132729,19610911,10156,    0
  4970,132729,19610912,10173,    0
  4970,132729,19610913,10122,    0
  4970,132729,19610914,10137,    0
  4970,132729,19610915,10212,    0
  4970,132729,19610916,10142,    0
  4970,132729,19610917,10169,    0
  4970,132729,19610918,10188,    0
  4970,132729,19610919,10162,    0
  4970,132729,19610920,10156,    0
  4970,132729,19610921,10205,    0
  4970,132729,19610922,10229,    0
  4970,132729,19610923,10209,    0
  4970,132729,19610924,10200,    0
  4970,132729,19610925,10229,    0
  4970,132729,19610926,10211,    0
  4970,132729,19610927,10130,    0
  4970,132729,19610928,10132,    0
  4970,132729,19610929,10146,    0
  4970,132729,19610930,10105,    0
  4970,132729,19611001,10153,    0
  4970,132729,19611002,10165,    0
  4970,132729,19611003,10160,    0
  4970,132729,19611004,10145,    0
  4970,132729,19611005,10158,    0
  4970,132729,19611006,10057,    0
  4970,132729,19611007,10000,    0
  4970,132729,19611008,10074,    0
  4970,132729,19611009,10236,    0
  4970,132729,19611010,10249,    0
  4970,132729,19611011,10231,    0
  4970,132729,19611012,10277,    0
  4970,132729,19611013,10286,    0
  4970,132729,19611014,10283,    0
  4970,132729,19611015,10237,    0
  4970,132729,19611016,10212,    0
  4970,132729,19611017,10023,    0
  4970,132729,19611018, 9904,    0
  4970,132729,19611019, 9905,    0
  4970,132729,19611020,10058,    0
  4970,132729,19611021,10132,    0
  4970,132729,19611022,10138,    0
  4970,132729,19611023,10150,    0
  4970,132729,19611024,10131,    0
  4970,132729,19611025,10112,    0
  4970,132729,19611026,10079,    0
  4970,132729,19611027,10081,    0
  4970,132729,19611028,10091,    0
  4970,132729,19611029,10124,    0
  4970,132729,19611030,10162,    0
  4970,132729,19611031,10243,    0
  4970,132729,19611101,10275,    0
  4970,132729,19611102,10195,    0
  4970,132729,19611103,10122,    0
  4970,132729,19611104,10167,    0
  4970,132729,19611105,10220,    0
  4970,132729,19611106,10186,    0
  4970,132729,19611107,10088,    0
  4970,132729,19611108,10030,    0
  4970,132729,19611109, 9982,    0
  4970,132729,19611110,10037,    0
  4970,132729,19611111, 9998,    0
  4970,132729,19611112, 9973,    0
  4970,132729,19611113, 9982,    0
  4970,132729,19611114,10116,    0
  4970,132729,19611115,10182,    0
  4970,132729,19611116,10188,    0
  4970,132729,19611117,10196,    0
  4970,132729,19611118,10187,    0
  4970,132729,19611119,10229,    0
  4970,132729,19611120,10282,    0
  4970,132729,19611121,10274,    0
  4970,132729,19611122,10194,    0
  4970,132729,19611123,10141,    0
  4970,132729,19611124,10171,    0
  4970,132729,19611125,10127,    0
  4970,132729,19611126,10000,    0
  4970,132729,19611127,10000,    0
  4970,132729,19611128,10087,    0
  4970,132729,19611129,10174,    0
  4970,132729,19611130,10125,    0
  4970,132729,19611201,10040,    0
  4970,132729,19611202,10028,    0
  4970,132729,19611203,10049,    0
  4970,132729,19611204,10070,    0
  4970,132729,19611205,10085,    0
  4970,132729,19611206,10189,    0
  4970,132729,19611207,10208,    0
  4970,132729,19611208,10179,    0
  4970,132729,19611209,10086,    0
  4970,132729,19611210,10080,    0
  4970,132729,19611211,10053,    0
  4970,132729,19611212,10129,    0
  4970,132729,19611213,10202,    0
  4970,132729,19611214,10233,    0
  4970,132729,19611215,10329,    0
  4970,132729,19611216,10340,    0
  4970,132729,19611217,10399,    0
  4970,132729,19611218,10407,    0
  4970,132729,19611219,10372,    0
  4970,132729,19611220,10326,    0
  4970,132729,19611221,10252,    0
  4970,132729,19611222,10146,    0
  4970,132729,19611223,10137,    0
  4970,132729,19611224,10109,    0
  4970,132729,19611225,10061,    0
  4970,132729,19611226,10024,    0
  4970,132729,19611227,10060,    0
  4970,132729,19611228,10055,    0
  4970,132729,19611229,10018,    0
  4970,132729,19611230, 9990,    0
  4970,132729,19611231, 9988,    0
  4970,132729,19620101,10141,    0
  4970,132729,19620102,10195,    0
  4970,132729,19620103,10208,    0
  4970,132729,19620104,10235,    0
  4970,132729,19620105,10249,    0
  4970,132729,19620106,10237,    0
  4970,132729,19620107,10288,    0
  4970,132729,19620108,10246,    0
  4970,132729,19620109,10115,    0
  4970,132729,19620110,10011,    0
  4970,132729,19620111, 9959,    0
  4970,132729,19620112, 9955,    0
  4970,132729,19620113, 9966,    0
  4970,132729,19620114,10088,    0
  4970,132729,19620115,10188,    0
  4970,132729,19620116,10136,    0
  4970,132729,19620117,10120,    0
  4970,132729,19620118,10130,    0
  4970,132729,19620119,10166,    0
  4970,132729,19620120,10240,    0
  4970,132729,19620121,10192,    0
  4970,132729,19620122,10117,    0
  4970,132729,19620123,10208,    0
  4970,132729,19620124,10158,    0
  4970,132729,19620125,10153,    0
  4970,132729,19620126,10244,    0
  4970,132729,19620127,10285,    0
  4970,132729,19620128,10283,    0
  4970,132729,19620129,10346,    0
  4970,132729,19620130,10376,    0
  4970,132729,19620131,10334,    0
  4970,132729,19620201,10180,    0
  4970,132729,19620202,10219,    0
  4970,132729,19620203,10274,    0
  4970,132729,19620204,10245,    0
  4970,132729,19620205,10188,    0
  4970,132729,19620206,10257,    0
  4970,132729,19620207,10107,    0
  4970,132729,19620208,10132,    0
  4970,132729,19620209,10303,    0
  4970,132729,19620210,10317,    0
  4970,132729,19620211,10343,    0
  4970,132729,19620212,10140,    0
  4970,132729,19620213, 9958,    0
  4970,132729,19620214,10099,    0
  4970,132729,19620215,10285,    0
  4970,132729,19620216,10147,    0
  4970,132729,19620217,10231,    0
  4970,132729,19620218,10327,    0
  4970,132729,19620219,10305,    0
  4970,132729,19620220,10294,    0
  4970,132729,19620221,10299,    0
  4970,132729,19620222,10330,    0
  4970,132729,19620223,10328,    0
  4970,132729,19620224,10227,    0
  4970,132729,19620225,10160,    0
  4970,132729,19620226,10111,    0
  4970,132729,19620227,10115,    0
  4970,132729,19620228,10067,    0
  4970,132729,19620301,10092,    0
  4970,132729,19620302,10066,    0
  4970,132729,19620303,10013,    0
  4970,132729,19620304, 9920,    0
  4970,132729,19620305, 9958,    0
  4970,132729,19620306,10167,    0
  4970,132729,19620307,10251,    0
  4970,132729,19620308,10168,    0
  4970,132729,19620309,10080,    0
  4970,132729,19620310,10050,    0
  4970,132729,19620311,10062,    0
  4970,132729,19620312,10090,    0
  4970,132729,19620313,10176,    0
  4970,132729,19620314,10197,    0
  4970,132729,19620315,10209,    0
  4970,132729,19620316,10265,    0
  4970,132729,19620317,10271,    0
  4970,132729,19620318,10232,    0
  4970,132729,19620319,10205,    0
  4970,132729,19620320,10159,    0
  4970,132729,19620321,10105,    0
  4970,132729,19620322,10088,    0
  4970,132729,19620323,10095,    0
  4970,132729,19620324,10177,    0
  4970,132729,19620325,10207,    0
  4970,132729,19620326,10096,    0
  4970,132729,19620327,10035,    0
  4970,132729,19620328,10108,    0
  4970,132729,19620329, 9968,    0
  4970,132729,19620330, 9894,    0
  4970,132729,19620331, 9971,    0
  4970,132729,19620401,10111,    0
  4970,132729,19620402,10153,    0
  4970,132729,19620403,10025,    0
  4970,132729,19620404, 9956,    0
  4970,132729,19620405, 9885,    0
  4970,132729,19620406,10095,    0
  4970,132729,19620407,10176,    0
  4970,132729,19620408,10084,    0
  4970,132729,19620409,10163,    0
  4970,132729,19620410,10228,    0
  4970,132729,19620411,10208,    0
  4970,132729,19620412,10191,    0
  4970,132729,19620413,10221,    0
  4970,132729,19620414,10202,    0
  4970,132729,19620415,10135,    0
  4970,132729,19620416,10132,    0
  4970,132729,19620417,10075,    0
  4970,132729,19620418,10052,    0
  4970,132729,19620419,10167,    0
  4970,132729,19620420,10160,    0
  4970,132729,19620421,10159,    0
  4970,132729,19620422,10167,    0
  4970,132729,19620423,10155,    0
  4970,132729,19620424,10217,    0
  4970,132729,19620425,10251,    0
  4970,132729,19620426,10219,    0
  4970,132729,19620427,10225,    0
  4970,132729,19620428,10173,    0
  4970,132729,19620429,10146,    0
  4970,132729,19620430,10154,    0
  4970,132729,19620501,10159,    0
  4970,132729,19620502,10127,    0
  4970,132729,19620503,10123,    0
  4970,132729,19620504,10098,    0
  4970,132729,19620505,10115,    0
  4970,132729,19620506,10141,    0
  4970,132729,19620507,10149,    0
  4970,132729,19620508,10138,    0
  4970,132729,19620509,10114,    0
  4970,132729,19620510,10146,    0
  4970,132729,19620511,10134,    0
  4970,132729,19620512,10150,    0
  4970,132729,19620513,10158,    0
  4970,132729,19620514,10181,    0
  4970,132729,19620515,10182,    0
  4970,132729,19620516,10179,    0
  4970,132729,19620517,10134,    0
  4970,132729,19620518,10156,    0
  4970,132729,19620519,10083,    0
  4970,132729,19620520,10162,    0
  4970,132729,19620521,10109,    0
  4970,132729,19620522,10165,    0
  4970,132729,19620523,10177,    0
  4970,132729,19620524,10180,    0
  4970,132729,19620525,10172,    0
  4970,132729,19620526,10139,    0
  4970,132729,19620527,10134,    0
  4970,132729,19620528,10142,    0
  4970,132729,19620529,10176,    0
  4970,132729,19620530,10193,    0
  4970,132729,19620531,10166,    0
  4970,132729,19620601,10192,    0
  4970,132729,19620602,10244,    0
  4970,132729,19620603,10288,    0
  4970,132729,19620604,10291,    0
  4970,132729,19620605,10303,    0
  4970,132729,19620606,10327,    0
  4970,132729,19620607,10316,    0
  4970,132729,19620608,10275,    0
  4970,132729,19620609,10200,    0
  4970,132729,19620610,10139,    0
  4970,132729,19620611,10161,    0
  4970,132729,19620612,10158,    0
  4970,132729,19620613,10101,    0
  4970,132729,19620614,10130,    0
  4970,132729,19620615,10171,    0
  4970,132729,19620616,10202,    0
  4970,132729,19620617,10196,    0
  4970,132729,19620618,10142,    0
  4970,132729,19620619,10130,    0
  4970,132729,19620620,10181,    0
  4970,132729,19620621,10211,    0
  4970,132729,19620622,10206,    0
  4970,132729,19620623,10204,    0
  4970,132729,19620624,10186,    0
  4970,132729,19620625,10239,    0
  4970,132729,19620626,10161,    0
  4970,132729,19620627,10212,    0
  4970,132729,19620628,10186,    0
  4970,132729,19620629,10187,    0
  4970,132729,19620630,10216,    0
  4970,132729,19620701,10215,    0
  4970,132729,19620702,10199,    0
  4970,132729,19620703,10105,    0
  4970,132729,19620704,10077,    0
  4970,132729,19620705,10102,    0
  4970,132729,19620706,10179,    0
  4970,132729,19620707,10200,    0
  4970,132729,19620708,10192,    0
  4970,132729,19620709,10139,    0
  4970,132729,19620710,10099,    0
  4970,132729,19620711,10122,    0
  4970,132729,19620712,10111,    0
  4970,132729,19620713,10136,    0
  4970,132729,19620714,10087,    0
  4970,132729,19620715,10061,    0
  4970,132729,19620716,10111,    0
  4970,132729,19620717,10174,    0
  4970,132729,19620718,10186,    0
  4970,132729,19620719,10171,    0
  4970,132729,19620720,10142,    0
  4970,132729,19620721,10112,    0
  4970,132729,19620722,10174,    0
  4970,132729,19620723,10237,    0
  4970,132729,19620724,10221,    0
  4970,132729,19620725,10142,    0
  4970,132729,19620726,10150,    0
  4970,132729,19620727,10196,    0
  4970,132729,19620728,10226,    0
  4970,132729,19620729,10198,    0
  4970,132729,19620730,10193,    0
  4970,132729,19620731,10201,    0
  4970,132729,19620801,10196,    0
  4970,132729,19620802,10144,    0
  4970,132729,19620803,10134,    0
  4970,132729,19620804,10157,    0
  4970,132729,19620805,10114,    0
  4970,132729,19620806,10084,    0
  4970,132729,19620807,10078,    0
  4970,132729,19620808,10176,    0
  4970,132729,19620809,10224,    0
  4970,132729,19620810,10183,    0
  4970,132729,19620811,10154,    0
  4970,132729,19620812,10134,    0
  4970,132729,19620813,10151,    0
  4970,132729,19620814,10133,    0
  4970,132729,19620815,10099,    0
  4970,132729,19620816,10121,    0
  4970,132729,19620817,10092,    0
  4970,132729,19620818,10191,    0
  4970,132729,19620819,10212,    0
  4970,132729,19620820,10159,    0
  4970,132729,19620821,10164,    0
  4970,132729,19620822,10184,    0
  4970,132729,19620823,10190,    0
  4970,132729,19620824,10137,    0
  4970,132729,19620825,10199,    0
  4970,132729,19620826,10191,    0
  4970,132729,19620827,10173,    0
  4970,132729,19620828,10207,    0
  4970,132729,19620829,10216,    0
  4970,132729,19620830,10234,    0
  4970,132729,19620831,10214,    0
  4970,132729,19620901,10217,    0
  4970,132729,19620902,10186,    0
  4970,132729,19620903,10124,    0
  4970,132729,19620904,10080,    0
  4970,132729,19620905,10077,    0
  4970,132729,19620906,10052,    0
  4970,132729,19620907,10076,    0
  4970,132729,19620908,10172,    0
  4970,132729,19620909,10212,    0
  4970,132729,19620910,10154,    0
  4970,132729,19620911,10181,    0
  4970,132729,19620912,10131,    0
  4970,132729,19620913,10243,    0
  4970,132729,19620914,10222,    0
  4970,132729,19620915,10114,    0
  4970,132729,19620916,10116,    0
  4970,132729,19620917,10135,    0
  4970,132729,19620918,10128,    0
  4970,132729,19620919,10131,    0
  4970,132729,19620920,10200,    0
  4970,132729,19620921,10272,    0
  4970,132729,19620922,10286,    0
  4970,132729,19620923,10262,    0
  4970,132729,19620924,10235,    0
  4970,132729,19620925,10161,    0
  4970,132729,19620926,10104,    0
  4970,132729,19620927,10120,    0
  4970,132729,19620928,10115,    0
  4970,132729,19620929,10133,    0
  4970,132729,19620930,10120,    0
  4970,132729,19621001,10170,    0
  4970,132729,19621002,10177,    0
  4970,132729,19621003,10192,    0
  4970,132729,19621004,10252,    0
  4970,132729,19621005,10272,    0
  4970,132729,19621006,10292,    0
  4970,132729,19621007,10282,    0
  4970,132729,19621008,10238,    0
  4970,132729,19621009,10234,    0
  4970,132729,19621010,10214,    0
  4970,132729,19621011,10174,    0
  4970,132729,19621012,10156,    0
  4970,132729,19621013,10150,    0
  4970,132729,19621014,10208,    0
  4970,132729,19621015,10247,    0
  4970,132729,19621016,10239,    0
  4970,132729,19621017,10263,    0
  4970,132729,19621018,10244,    0
  4970,132729,19621019,10229,    0
  4970,132729,19621020,10271,    0
  4970,132729,19621021,10274,    0
  4970,132729,19621022,10252,    0
  4970,132729,19621023,10236,    0
  4970,132729,19621024,10219,    0
  4970,132729,19621025,10167,    0
  4970,132729,19621026,10099,    0
  4970,132729,19621027,10185,    0
  4970,132729,19621028,10127,    0
  4970,132729,19621029,10177,    0
  4970,132729,19621030,10126,    0
  4970,132729,19621031,10077,    0
  4970,132729,19621101,10127,    0
  4970,132729,19621102,10096,    0
  4970,132729,19621103,10084,    0
  4970,132729,19621104,10058,    0
  4970,132729,19621105, 9968,    0
  4970,132729,19621106, 9941,    0
  4970,132729,19621107,10070,    0
  4970,132729,19621108,10001,    0
  4970,132729,19621109,10047,    0
  4970,132729,19621110,10108,    0
  4970,132729,19621111,10137,    0
  4970,132729,19621112,10140,    0
  4970,132729,19621113,10183,    0
  4970,132729,19621114,10200,    0
  4970,132729,19621115,10120,    0
  4970,132729,19621116,10178,    0
  4970,132729,19621117,10012,    0
  4970,132729,19621118, 9933,    0
  4970,132729,19621119,10032,    0
  4970,132729,19621120,10123,    0
  4970,132729,19621121,10024,    0
  4970,132729,19621122,10186,    0
  4970,132729,19621123,10253,    0
  4970,132729,19621124,10274,    0
  4970,132729,19621125,10327,    0
  4970,132729,19621126,10337,    0
  4970,132729,19621127,10321,    0
  4970,132729,19621128,10278,    0
  4970,132729,19621129,10278,    0
  4970,132729,19621130,10280,    0
  4970,132729,19621201,10396,    0
  4970,132729,19621202,10386,    0
  4970,132729,19621203,10337,    0
  4970,132729,19621204,10306,    0
  4970,132729,19621205,10292,    0
  4970,132729,19621206,10293,    0
  4970,132729,19621207,10308,    0
  4970,132729,19621208,10286,    0
  4970,132729,19621209,10112,    0
  4970,132729,19621210,10132,    0
  4970,132729,19621211,10080,    0
  4970,132729,19621212, 9906,    0
  4970,132729,19621213, 9986,    0
  4970,132729,19621214,10128,    0
  4970,132729,19621215, 9940,    0
  4970,132729,19621216, 9899,    0
  4970,132729,19621217,10042,    0
  4970,132729,19621218, 9997,    0
  4970,132729,19621219,10067,    0
  4970,132729,19621220,10176,    0
  4970,132729,19621221,10079,    0
  4970,132729,19621222,10319,    0
  4970,132729,19621223,10407,    0
  4970,132729,19621224,10337,    0
  4970,132729,19621225,10262,    0
  4970,132729,19621226,10168,    0
  4970,132729,19621227,10127,    0
  4970,132729,19621228,10100,    0
  4970,132729,19621229,10041,    0
  4970,132729,19621230,10018,    0
  4970,132729,19621231,10080,    0
  4970,132729,19630101,10114,    0
  4970,132729,19630102,10070,    0
  4970,132729,19630103, 9976,    0
  4970,132729,19630104, 9992,    0
  4970,132729,19630105, 9966,    0
  4970,132729,19630106,10046,    0
  4970,132729,19630107,10087,    0
  4970,132729,19630108,10156,    0
  4970,132729,19630109,10169,    0
  4970,132729,19630110,10184,    0
  4970,132729,19630111,10219,    0
  4970,132729,19630112,10248,    0
  4970,132729,19630113,10284,    0
  4970,132729,19630114,10211,    0
  4970,132729,19630115,10239,    0
  4970,132729,19630116,10216,    0
  4970,132729,19630117,10311,    0
  4970,132729,19630118,10233,    0
  4970,132729,19630119,10099,    0
  4970,132729,19630120,10182,    0
  4970,132729,19630121,10297,    0
  4970,132729,19630122,10399,    0
  4970,132729,19630123,10400,    0
  4970,132729,19630124,10367,    0
  4970,132729,19630125,10366,    0
  4970,132729,19630126,10324,    0
  4970,132729,19630127,10361,    0
  4970,132729,19630128,10341,    0
  4970,132729,19630129,10275,    0
  4970,132729,19630130,10200,    0
  4970,132729,19630131,10209,    0
  4970,132729,19630201,10136,    0
  4970,132729,19630202,10129,    0
  4970,132729,19630203,10061,    0
  4970,132729,19630204,10039,    0
  4970,132729,19630205,10098,    0
  4970,132729,19630206,10134,    0
  4970,132729,19630207,10098,    0
  4970,132729,19630208,10169,    0
  4970,132729,19630209,10163,    0
  4970,132729,19630210,10064,    0
  4970,132729,19630211, 9998,    0
  4970,132729,19630212, 9995,    0
  4970,132729,19630213,10088,    0
  4970,132729,19630214,10085,    0
  4970,132729,19630215, 9946,    0
  4970,132729,19630216, 9907,    0
  4970,132729,19630217, 9971,    0
  4970,132729,19630218,10022,    0
  4970,132729,19630219, 9965,    0
  4970,132729,19630220, 9999,    0
  4970,132729,19630221,10132,    0
  4970,132729,19630222,10216,    0
  4970,132729,19630223,10267,    0
  4970,132729,19630224,10258,    0
  4970,132729,19630225,10282,    0
  4970,132729,19630226,10309,    0
  4970,132729,19630227,10333,    0
  4970,132729,19630228,10327,    0
  4970,132729,19630301,10337,    0
  4970,132729,19630302,10322,    0
  4970,132729,19630303,10303,    0
  4970,132729,19630304,10281,    0
  4970,132729,19630305,10307,    0
  4970,132729,19630306,10259,    0
  4970,132729,19630307,10216,    0
  4970,132729,19630308,10119,    0
  4970,132729,19630309,10084,    0
  4970,132729,19630310, 9992,    0
  4970,132729,19630311, 9960,    0
  4970,132729,19630312, 9962,    0
  4970,132729,19630313,10173,    0
  4970,132729,19630314,10173,    0
  4970,132729,19630315,10129,    0
  4970,132729,19630316,10132,    0
  4970,132729,19630317,10198,    0
  4970,132729,19630318,10098,    0
  4970,132729,19630319,10125,    0
  4970,132729,19630320,10043,    0
  4970,132729,19630321,10117,    0
  4970,132729,19630322,10164,    0
  4970,132729,19630323,10273,    0
  4970,132729,19630324,10286,    0
  4970,132729,19630325,10188,    0
  4970,132729,19630326,10040,    0
  4970,132729,19630327,10080,    0
  4970,132729,19630328,10078,    0
  4970,132729,19630329,10035,    0
  4970,132729,19630330,10014,    0
  4970,132729,19630331,10090,    0
  4970,132729,19630401,10205,    0
  4970,132729,19630402,10233,    0
  4970,132729,19630403,10182,    0
  4970,132729,19630404,10113,    0
  4970,132729,19630405,10080,    0
  4970,132729,19630406,10053,    0
  4970,132729,19630407,10047,    0
  4970,132729,19630408,10074,    0
  4970,132729,19630409,10005,    0
  4970,132729,19630410, 9911,    0
  4970,132729,19630411, 9969,    0
  4970,132729,19630412,10090,    0
  4970,132729,19630413,10203,    0
  4970,132729,19630414,10208,    0
  4970,132729,19630415,10115,    0
  4970,132729,19630416,10074,    0
  4970,132729,19630417,10011,    0
  4970,132729,19630418,10057,    0
  4970,132729,19630419,10122,    0
  4970,132729,19630420,10114,    0
  4970,132729,19630421,10118,    0
  4970,132729,19630422,10151,    0
  4970,132729,19630423,10105,    0
  4970,132729,19630424,10146,    0
  4970,132729,19630425,10185,    0
  4970,132729,19630426,10229,    0
  4970,132729,19630427,10255,    0
  4970,132729,19630428,10235,    0
  4970,132729,19630429,10172,    0
  4970,132729,19630430,10176,    0
  4970,132729,19630501,10068,    0
  4970,132729,19630502,10046,    0
  4970,132729,19630503,10090,    0
  4970,132729,19630504,10131,    0
  4970,132729,19630505,10134,    0
  4970,132729,19630506,10164,    0
  4970,132729,19630507,10188,    0
  4970,132729,19630508,10170,    0
  4970,132729,19630509,10159,    0
  4970,132729,19630510,10129,    0
  4970,132729,19630511,10183,    0
  4970,132729,19630512,10233,    0
  4970,132729,19630513,10164,    0
  4970,132729,19630514,10193,    0
  4970,132729,19630515,10127,    0
  4970,132729,19630516,10218,    0
  4970,132729,19630517,10223,    0
  4970,132729,19630518,10195,    0
  4970,132729,19630519,10160,    0
  4970,132729,19630520,10163,    0
  4970,132729,19630521,10112,    0
  4970,132729,19630522,10090,    0
  4970,132729,19630523,10116,    0
  4970,132729,19630524,10192,    0
  4970,132729,19630525,10229,    0
  4970,132729,19630526,10199,    0
  4970,132729,19630527,10189,    0
  4970,132729,19630528,10179,    0
  4970,132729,19630529,10164,    0
  4970,132729,19630530,10149,    0
  4970,132729,19630531,10137,    0
  4970,132729,19630601,10126,    0
  4970,132729,19630602,10121,    0
  4970,132729,19630603,10121,    0
  4970,132729,19630604,10078,    0
  4970,132729,19630605,10092,    0
  4970,132729,19630606,10122,    0
  4970,132729,19630607,10132,    0
  4970,132729,19630608,10150,    0
  4970,132729,19630609,10120,    0
  4970,132729,19630610,10070,    0
  4970,132729,19630611,10098,    0
  4970,132729,19630612,10157,    0
  4970,132729,19630613,10136,    0
  4970,132729,19630614,10096,    0
  4970,132729,19630615,10100,    0
  4970,132729,19630616,10147,    0
  4970,132729,19630617,10160,    0
  4970,132729,19630618,10076,    0
  4970,132729,19630619,10127,    0
  4970,132729,19630620,10077,    0
  4970,132729,19630621,10136,    0
  4970,132729,19630622,10140,    0
  4970,132729,19630623,10183,    0
  4970,132729,19630624,10146,    0
  4970,132729,19630625,10083,    0
  4970,132729,19630626,10140,    0
  4970,132729,19630627,10128,    0
  4970,132729,19630628,10148,    0
  4970,132729,19630629,10194,    0
  4970,132729,19630630,10165,    0
  4970,132729,19630701,10159,    0
  4970,132729,19630702,10164,    0
  4970,132729,19630703,10168,    0
  4970,132729,19630704,10184,    0
  4970,132729,19630705,10194,    0
  4970,132729,19630706,10174,    0
  4970,132729,19630707,10151,    0
  4970,132729,19630708,10169,    0
  4970,132729,19630709,10128,    0
  4970,132729,19630710,10106,    0
  4970,132729,19630711,10137,    0
  4970,132729,19630712,10126,    0
  4970,132729,19630713,10099,    0
  4970,132729,19630714,10202,    0
  4970,132729,19630715,10200,    0
  4970,132729,19630716,10171,    0
  4970,132729,19630717,10137,    0
  4970,132729,19630718,10142,    0
  4970,132729,19630719,10179,    0
  4970,132729,19630720,10226,    0
  4970,132729,19630721,10214,    0
  4970,132729,19630722,10164,    0
  4970,132729,19630723,10129,    0
  4970,132729,19630724,10114,    0
  4970,132729,19630725,10152,    0
  4970,132729,19630726,10271,    0
  4970,132729,19630727,10262,    0
  4970,132729,19630728,10242,    0
  4970,132729,19630729,10232,    0
  4970,132729,19630730,10198,    0
  4970,132729,19630731,10138,    0
  4970,132729,19630801,10126,    0
  4970,132729,19630802,10134,    0
  4970,132729,19630803,10105,    0
  4970,132729,19630804,10114,    0
  4970,132729,19630805,10138,    0
  4970,132729,19630806,10123,    0
  4970,132729,19630807,10110,    0
  4970,132729,19630808,10107,    0
  4970,132729,19630809,10142,    0
  4970,132729,19630810,10139,    0
  4970,132729,19630811,10079,    0
  4970,132729,19630812,10077,    0
  4970,132729,19630813,10124,    0
  4970,132729,19630814,10110,    0
  4970,132729,19630815,10120,    0
  4970,132729,19630816,10130,    0
  4970,132729,19630817,10046,    0
  4970,132729,19630818,10014,    0
  4970,132729,19630819,10074,    0
  4970,132729,19630820,10056,    0
  4970,132729,19630821,10109,    0
  4970,132729,19630822,10118,    0
  4970,132729,19630823,10094,    0
  4970,132729,19630824,10137,    0
  4970,132729,19630825,10179,    0
  4970,132729,19630826,10122,    0
  4970,132729,19630827,10121,    0
  4970,132729,19630828,10135,    0
  4970,132729,19630829,10132,    0
  4970,132729,19630830,10122,    0
  4970,132729,19630831,10056,    0
  4970,132729,19630901,10096,    0
  4970,132729,19630902,10138,    0
  4970,132729,19630903,10163,    0
  4970,132729,19630904,10130,    0
  4970,132729,19630905,10118,    0
  4970,132729,19630906,10147,    0
  4970,132729,19630907,10219,    0
  4970,132729,19630908,10187,    0
  4970,132729,19630909,10147,    0
  4970,132729,19630910,10145,    0
  4970,132729,19630911,10117,    0
  4970,132729,19630912,10158,    0
  4970,132729,19630913,10210,    0
  4970,132729,19630914,10218,    0
  4970,132729,19630915,10225,    0
  4970,132729,19630916,10192,    0
  4970,132729,19630917,10172,    0
  4970,132729,19630918,10151,    0
  4970,132729,19630919,10143,    0
  4970,132729,19630920,10155,    0
  4970,132729,19630921,10200,    0
  4970,132729,19630922,10233,    0
  4970,132729,19630923,10204,    0
  4970,132729,19630924,10118,    0
  4970,132729,19630925,10148,    0
  4970,132729,19630926,10163,    0
  4970,132729,19630927,10185,    0
  4970,132729,19630928,10237,    0
  4970,132729,19630929,10222,    0
  4970,132729,19630930,10154,    0
  4970,132729,19631001,10144,    0
  4970,132729,19631002,10066,    0
  4970,132729,19631003,10143,    0
  4970,132729,19631004,10093,    0
  4970,132729,19631005,10133,    0
  4970,132729,19631006,10101,    0
  4970,132729,19631007,10069,    0
  4970,132729,19631008,10255,    0
  4970,132729,19631009,10283,    0
  4970,132729,19631010,10303,    0
  4970,132729,19631011,10320,    0
  4970,132729,19631012,10271,    0
  4970,132729,19631013,10178,    0
  4970,132729,19631014,10239,    0
  4970,132729,19631015,10255,    0
  4970,132729,19631016,10202,    0
  4970,132729,19631017,10170,    0
  4970,132729,19631018,10252,    0
  4970,132729,19631019,10231,    0
  4970,132729,19631020,10226,    0
  4970,132729,19631021,10267,    0
  4970,132729,19631022,10260,    0
  4970,132729,19631023,10290,    0
  4970,132729,19631024,10276,    0
  4970,132729,19631025,10258,    0
  4970,132729,19631026,10254,    0
  4970,132729,19631027,10236,    0
  4970,132729,19631028,10212,    0
  4970,132729,19631029,10184,    0
  4970,132729,19631030,10111,    0
  4970,132729,19631031,10032,    0
  4970,132729,19631101,10027,    0
  4970,132729,19631102,10042,    0
  4970,132729,19631103,10014,    0
  4970,132729,19631104,10023,    0
  4970,132729,19631105,10005,    0
  4970,132729,19631106, 9940,    0
  4970,132729,19631107, 9982,    0
  4970,132729,19631108,10062,    0
  4970,132729,19631109,10117,    0
  4970,132729,19631110,10034,    0
  4970,132729,19631111,10022,    0
  4970,132729,19631112,10029,    0
  4970,132729,19631113,10055,    0
  4970,132729,19631114,10109,    0
  4970,132729,19631115, 9900,    0
  4970,132729,19631116,10003,    0
  4970,132729,19631117,10098,    0
  4970,132729,19631118,10050,    0
  4970,132729,19631119,10058,    0
  4970,132729,19631120,10077,    0
  4970,132729,19631121,10287,    0
  4970,132729,19631122,10196,    0
  4970,132729,19631123,10213,    0
  4970,132729,19631124,10129,    0
  4970,132729,19631125,10076,    0
  4970,132729,19631126,10085,    0
  4970,132729,19631127,10162,    0
  4970,132729,19631128,10190,    0
  4970,132729,19631129,10178,    0
  4970,132729,19631130,10165,    0
  4970,132729,19631201,10170,    0
  4970,132729,19631202,10174,    0
  4970,132729,19631203,10125,    0
  4970,132729,19631204,10110,    0
  4970,132729,19631205,10142,    0
  4970,132729,19631206,10192,    0
  4970,132729,19631207,10198,    0
  4970,132729,19631208,10224,    0
  4970,132729,19631209,10230,    0
  4970,132729,19631210,10219,    0
  4970,132729,19631211,10140,    0
  4970,132729,19631212,10112,    0
  4970,132729,19631213,10168,    0
  4970,132729,19631214,10172,    0
  4970,132729,19631215,10186,    0
  4970,132729,19631216,10141,    0
  4970,132729,19631217,10099,    0
  4970,132729,19631218,10034,    0
  4970,132729,19631219, 9983,    0
  4970,132729,19631220,10065,    0
  4970,132729,19631221,10211,    0
  4970,132729,19631222,10354,    0
  4970,132729,19631223,10420,    0
  4970,132729,19631224,10302,    0
  4970,132729,19631225,10249,    0
  4970,132729,19631226,10289,    0
  4970,132729,19631227,10374,    0
  4970,132729,19631228,10372,    0
  4970,132729,19631229,10289,    0
  4970,132729,19631230,10307,    0
  4970,132729,19631231,10204,    0
  4970,132729,19640101,10255,    0
  4970,132729,19640102,10357,    0
  4970,132729,19640103,10371,    0
  4970,132729,19640104,10331,    0
  4970,132729,19640105,10316,    0
  4970,132729,19640106,10322,    0
  4970,132729,19640107,10360,    0
  4970,132729,19640108,10337,    0
  4970,132729,19640109,10271,    0
  4970,132729,19640110,10280,    0
  4970,132729,19640111,10287,    0
  4970,132729,19640112,10265,    0
  4970,132729,19640113,10203,    0
  4970,132729,19640114,10201,    0
  4970,132729,19640115,10294,    0
  4970,132729,19640116,10368,    0
  4970,132729,19640117,10400,    0
  4970,132729,19640118,10369,    0
  4970,132729,19640119,10344,    0
  4970,132729,19640120,10369,    0
  4970,132729,19640121,10397,    0
  4970,132729,19640122,10409,    0
  4970,132729,19640123,10372,    0
  4970,132729,19640124,10354,    0
  4970,132729,19640125,10371,    0
  4970,132729,19640126,10343,    0
  4970,132729,19640127,10291,    0
  4970,132729,19640128,10198,    0
  4970,132729,19640129,10188,    0
  4970,132729,19640130,10122,    0
  4970,132729,19640131,10169,    0
  4970,132729,19640201,10179,    0
  4970,132729,19640202,10274,    0
  4970,132729,19640203,10264,    0
  4970,132729,19640204,10283,    0
  4970,132729,19640205,10304,    0
  4970,132729,19640206,10372,    0
  4970,132729,19640207,10420,    0
  4970,132729,19640208,10383,    0
  4970,132729,19640209,10314,    0
  4970,132729,19640210,10291,    0
  4970,132729,19640211,10193,    0
  4970,132729,19640212,10143,    0
  4970,132729,19640213,10125,    0
  4970,132729,19640214,10105,    0
  4970,132729,19640215,10089,    0
  4970,132729,19640216,10036,    0
  4970,132729,19640217, 9949,    0
  4970,132729,19640218,10053,    0
  4970,132729,19640219,10112,    0
  4970,132729,19640220,10247,    0
  4970,132729,19640221,10259,    0
  4970,132729,19640222,10178,    0
  4970,132729,19640223,10098,    0
  4970,132729,19640224,10048,    0
  4970,132729,19640225,10037,    0
  4970,132729,19640226,10052,    0
  4970,132729,19640227,10066,    0
  4970,132729,19640228,10089,    0
  4970,132729,19640229,10092,    0
  4970,132729,19640301,10204,    0
  4970,132729,19640302,10220,    0
  4970,132729,19640303,10212,    0
  4970,132729,19640304,10181,    0
  4970,132729,19640305,10196,    0
  4970,132729,19640306,10235,    0
  4970,132729,19640307,10200,    0
  4970,132729,19640308,10185,    0
  4970,132729,19640309,10142,    0
  4970,132729,19640310,10158,    0
  4970,132729,19640311,10131,    0
  4970,132729,19640312,10050,    0
  4970,132729,19640313,10120,    0
  4970,132729,19640314,10115,    0
  4970,132729,19640315,10069,    0
  4970,132729,19640316,10191,    0
  4970,132729,19640317,10167,    0
  4970,132729,19640318,10141,    0
  4970,132729,19640319,10060,    0
  4970,132729,19640320,10001,    0
  4970,132729,19640321,10014,    0
  4970,132729,19640322,10059,    0
  4970,132729,19640323,10124,    0
  4970,132729,19640324,10079,    0
  4970,132729,19640325,10073,    0
  4970,132729,19640326,10176,    0
  4970,132729,19640327,10194,    0
  4970,132729,19640328,10107,    0
  4970,132729,19640329,10060,    0
  4970,132729,19640330,10098,    0
  4970,132729,19640331,10089,    0
  4970,132729,19640401,10066,    0
  4970,132729,19640402,10022,    0
  4970,132729,19640403, 9973,    0
  4970,132729,19640404, 9981,    0
  4970,132729,19640405,10043,    0
  4970,132729,19640406,10103,    0
  4970,132729,19640407,10178,    0
  4970,132729,19640408,10252,    0
  4970,132729,19640409,10216,    0
  4970,132729,19640410,10172,    0
  4970,132729,19640411,10166,    0
  4970,132729,19640412,10152,    0
  4970,132729,19640413,10109,    0
  4970,132729,19640414,10166,    0
  4970,132729,19640415,10210,    0
  4970,132729,19640416,10117,    0
  4970,132729,19640417,10089,    0
  4970,132729,19640418,10090,    0
  4970,132729,19640419,10070,    0
  4970,132729,19640420,10100,    0
  4970,132729,19640421,10098,    0
  4970,132729,19640422,10156,    0
  4970,132729,19640423,10141,    0
  4970,132729,19640424,10161,    0
  4970,132729,19640425,10292,    0
  4970,132729,19640426,10283,    0
  4970,132729,19640427,10212,    0
  4970,132729,19640428,10158,    0
  4970,132729,19640429,10204,    0
  4970,132729,19640430,10240,    0
  4970,132729,19640501,10196,    0
  4970,132729,19640502,10159,    0
  4970,132729,19640503,10110,    0
  4970,132729,19640504,10120,    0
  4970,132729,19640505,10168,    0
  4970,132729,19640506,10188,    0
  4970,132729,19640507,10106,    0
  4970,132729,19640508,10202,    0
  4970,132729,19640509,10231,    0
  4970,132729,19640510,10240,    0
  4970,132729,19640511,10256,    0
  4970,132729,19640512,10204,    0
  4970,132729,19640513,10169,    0
  4970,132729,19640514,10223,    0
  4970,132729,19640515,10302,    0
  4970,132729,19640516,10278,    0
  4970,132729,19640517,10218,    0
  4970,132729,19640518,10177,    0
  4970,132729,19640519,10189,    0
  4970,132729,19640520,10201,    0
  4970,132729,19640521,10182,    0
  4970,132729,19640522,10153,    0
  4970,132729,19640523,10137,    0
  4970,132729,19640524,10123,    0
  4970,132729,19640525,10069,    0
  4970,132729,19640526,10078,    0
  4970,132729,19640527,10083,    0
  4970,132729,19640528,10101,    0
  4970,132729,19640529,10129,    0
  4970,132729,19640530,10101,    0
  4970,132729,19640531,10034,    0
  4970,132729,19640601, 9984,    0
  4970,132729,19640602,10004,    0
  4970,132729,19640603,10099,    0
  4970,132729,19640604,10156,    0
  4970,132729,19640605,10162,    0
  4970,132729,19640606,10178,    0
  4970,132729,19640607,10121,    0
  4970,132729,19640608,10205,    0
  4970,132729,19640609,10236,    0
  4970,132729,19640610,10188,    0
  4970,132729,19640611,10179,    0
  4970,132729,19640612,10145,    0
  4970,132729,19640613,10072,    0
  4970,132729,19640614,10120,    0
  4970,132729,19640615,10187,    0
  4970,132729,19640616,10187,    0
  4970,132729,19640617,10149,    0
  4970,132729,19640618,10082,    0
  4970,132729,19640619,10100,    0
  4970,132729,19640620,10131,    0
  4970,132729,19640621,10173,    0
  4970,132729,19640622,10162,    0
  4970,132729,19640623,10193,    0
  4970,132729,19640624,10227,    0
  4970,132729,19640625,10204,    0
  4970,132729,19640626,10171,    0
  4970,132729,19640627,10165,    0
  4970,132729,19640628,10190,    0
  4970,132729,19640629,10201,    0
  4970,132729,19640630,10246,    0
  4970,132729,19640701,10212,    0
  4970,132729,19640702,10235,    0
  4970,132729,19640703,10163,    0
  4970,132729,19640704,10168,    0
  4970,132729,19640705,10162,    0
  4970,132729,19640706,10177,    0
  4970,132729,19640707,10146,    0
  4970,132729,19640708,10080,    0
  4970,132729,19640709,10076,    0
  4970,132729,19640710,10154,    0
  4970,132729,19640711,10173,    0
  4970,132729,19640712,10151,    0
  4970,132729,19640713,10187,    0
  4970,132729,19640714,10208,    0
  4970,132729,19640715,10220,    0
  4970,132729,19640716,10231,    0
  4970,132729,19640717,10224,    0
  4970,132729,19640718,10167,    0
  4970,132729,19640719,10167,    0
  4970,132729,19640720,10160,    0
  4970,132729,19640721,10134,    0
  4970,132729,19640722,10173,    0
  4970,132729,19640723,10224,    0
  4970,132729,19640724,10216,    0
  4970,132729,19640725,10201,    0
  4970,132729,19640726,10156,    0
  4970,132729,19640727,10106,    0
  4970,132729,19640728,10121,    0
  4970,132729,19640729,10165,    0
  4970,132729,19640730,10188,    0
  4970,132729,19640731,10156,    0
  4970,132729,19640801,10149,    0
  4970,132729,19640802,10163,    0
  4970,132729,19640803,10206,    0
  4970,132729,19640804,10201,    0
  4970,132729,19640805,10177,    0
  4970,132729,19640806,10092,    0
  4970,132729,19640807,10078,    0
  4970,132729,19640808,10108,    0
  4970,132729,19640809,10106,    0
  4970,132729,19640810,10159,    0
  4970,132729,19640811,10165,    0
  4970,132729,19640812,10112,    0
  4970,132729,19640813,10088,    0
  4970,132729,19640814,10117,    0
  4970,132729,19640815,10122,    0
  4970,132729,19640816,10143,    0
  4970,132729,19640817,10049,    0
  4970,132729,19640818, 9995,    0
  4970,132729,19640819,10058,    0
  4970,132729,19640820,10166,    0
  4970,132729,19640821,10146,    0
  4970,132729,19640822,10163,    0
  4970,132729,19640823,10220,    0
  4970,132729,19640824,10218,    0
  4970,132729,19640825,10200,    0
  4970,132729,19640826,10165,    0
  4970,132729,19640827,10167,    0
  4970,132729,19640828,10158,    0
  4970,132729,19640829,10198,    0
  4970,132729,19640830,10285,    0
  4970,132729,19640831,10292,    0
  4970,132729,19640901,10294,    0
  4970,132729,19640902,10233,    0
  4970,132729,19640903,10153,    0
  4970,132729,19640904,10128,    0
  4970,132729,19640905,10127,    0
  4970,132729,19640906,10094,    0
  4970,132729,19640907,10181,    0
  4970,132729,19640908,10188,    0
  4970,132729,19640909,10204,    0
  4970,132729,19640910,10191,    0
  4970,132729,19640911,10164,    0
  4970,132729,19640912,10191,    0
  4970,132729,19640913,10213,    0
  4970,132729,19640914,10131,    0
  4970,132729,19640915,10117,    0
  4970,132729,19640916,10086,    0
  4970,132729,19640917,10133,    0
  4970,132729,19640918,10176,    0
  4970,132729,19640919,10175,    0
  4970,132729,19640920,10166,    0
  4970,132729,19640921,10250,    0
  4970,132729,19640922,10299,    0
  4970,132729,19640923,10256,    0
  4970,132729,19640924,10205,    0
  4970,132729,19640925,10219,    0
  4970,132729,19640926,10197,    0
  4970,132729,19640927,10192,    0
  4970,132729,19640928,10238,    0
  4970,132729,19640929,10215,    0
  4970,132729,19640930,10226,    0
  4970,132729,19641001,10217,    0
  4970,132729,19641002,10209,    0
  4970,132729,19641003,10245,    0
  4970,132729,19641004,10254,    0
  4970,132729,19641005,10246,    0
  4970,132729,19641006,10228,    0
  4970,132729,19641007,10052,    0
  4970,132729,19641008, 9916,    0
  4970,132729,19641009, 9910,    0
  4970,132729,19641010, 9911,    0
  4970,132729,19641011, 9973,    0
  4970,132729,19641012,10014,    0
  4970,132729,19641013,10033,    0
  4970,132729,19641014,10050,    0
  4970,132729,19641015,10000,    0
  4970,132729,19641016,10085,    0
  4970,132729,19641017,10203,    0
  4970,132729,19641018,10281,    0
  4970,132729,19641019,10327,    0
  4970,132729,19641020,10315,    0
  4970,132729,19641021,10249,    0
  4970,132729,19641022,10155,    0
  4970,132729,19641023, 9991,    0
  4970,132729,19641024,10077,    0
  4970,132729,19641025,10227,    0
  4970,132729,19641026,10290,    0
  4970,132729,19641027,10270,    0
  4970,132729,19641028,10265,    0
  4970,132729,19641029,10278,    0
  4970,132729,19641030,10285,    0
  4970,132729,19641031,10267,    0
  4970,132729,19641101,10276,    0
  4970,132729,19641102,10256,    0
  4970,132729,19641103,10219,    0
  4970,132729,19641104,10209,    0
  4970,132729,19641105,10185,    0
  4970,132729,19641106,10218,    0
  4970,132729,19641107,10241,    0
  4970,132729,19641108,10215,    0
  4970,132729,19641109,10173,    0
  4970,132729,19641110,10179,    0
  4970,132729,19641111,10187,    0
  4970,132729,19641112,10201,    0
  4970,132729,19641113,10197,    0
  4970,132729,19641114,10090,    0
  4970,132729,19641115,10061,    0
  4970,132729,19641116,10093,    0
  4970,132729,19641117,10162,    0
  4970,132729,19641118,10228,    0
  4970,132729,19641119,10264,    0
  4970,132729,19641120,10280,    0
  4970,132729,19641121,10260,    0
  4970,132729,19641122,10267,    0
  4970,132729,19641123,10238,    0
  4970,132729,19641124,10269,    0
  4970,132729,19641125,10290,    0
  4970,132729,19641126,10273,    0
  4970,132729,19641127,10188,    0
  4970,132729,19641128,10103,    0
  4970,132729,19641129,10038,    0
  4970,132729,19641130,10074,    0
  4970,132729,19641201,10051,    0
  4970,132729,19641202,10175,    0
  4970,132729,19641203,10059,    0
  4970,132729,19641204,10068,    0
  4970,132729,19641205,10150,    0
  4970,132729,19641206,10162,    0
  4970,132729,19641207,10231,    0
  4970,132729,19641208,10250,    0
  4970,132729,19641209,10237,    0
  4970,132729,19641210,10197,    0
  4970,132729,19641211,10230,    0
  4970,132729,19641212,10270,    0
  4970,132729,19641213,10153,    0
  4970,132729,19641214,10111,    0
  4970,132729,19641215,10071,    0
  4970,132729,19641216,10101,    0
  4970,132729,19641217,10166,    0
  4970,132729,19641218,10193,    0
  4970,132729,19641219,10171,    0
  4970,132729,19641220,10196,    0
  4970,132729,19641221,10176,    0
  4970,132729,19641222,10240,    0
  4970,132729,19641223,10254,    0
  4970,132729,19641224,10206,    0
  4970,132729,19641225,10113,    0
  4970,132729,19641226,10146,    0
  4970,132729,19641227,10056,    0
  4970,132729,19641228, 9996,    0
  4970,132729,19641229,10149,    0
  4970,132729,19641230,10138,    0
  4970,132729,19641231,10092,    0
  4970,132729,19650101,10059,    0
  4970,132729,19650102,10047,    0
  4970,132729,19650103,10103,    0
  4970,132729,19650104,10248,    0
  4970,132729,19650105,10342,    0
  4970,132729,19650106,10325,    0
  4970,132729,19650107,10262,    0
  4970,132729,19650108,10143,    0
  4970,132729,19650109,10122,    0
  4970,132729,19650110,10144,    0
  4970,132729,19650111,10162,    0
  4970,132729,19650112,10106,    0
  4970,132729,19650113,10147,    0
  4970,132729,19650114,10137,    0
  4970,132729,19650115,10148,    0
  4970,132729,19650116,10151,    0
  4970,132729,19650117, 9975,    0
  4970,132729,19650118, 9957,    0
  4970,132729,19650119, 9954,    0
  4970,132729,19650120, 9899,    0
  4970,132729,19650121, 9993,    0
  4970,132729,19650122,10029,    0
  4970,132729,19650123,10183,    0
  4970,132729,19650124,10253,    0
  4970,132729,19650125,10193,    0
  4970,132729,19650126,10129,    0
  4970,132729,19650127,10094,    0
  4970,132729,19650128,10070,    0
  4970,132729,19650129,10071,    0
  4970,132729,19650130,10050,    0
  4970,132729,19650131,10126,    0
  4970,132729,19650201,10274,    0
  4970,132729,19650202,10407,    0
  4970,132729,19650203,10365,    0
  4970,132729,19650204,10320,    0
  4970,132729,19650205,10237,    0
  4970,132729,19650206,10299,    0
  4970,132729,19650207,10261,    0
  4970,132729,19650208,10192,    0
  4970,132729,19650209,10268,    0
  4970,132729,19650210,10269,    0
  4970,132729,19650211,10258,    0
  4970,132729,19650212,10252,    0
  4970,132729,19650213,10126,    0
  4970,132729,19650214,10153,    0
  4970,132729,19650215,10204,    0
  4970,132729,19650216,10225,    0
  4970,132729,19650217,10256,    0
  4970,132729,19650218,10287,    0
  4970,132729,19650219,10270,    0
  4970,132729,19650220,10275,    0
  4970,132729,19650221,10273,    0
  4970,132729,19650222,10246,    0
  4970,132729,19650223,10181,    0
  4970,132729,19650224,10162,    0
  4970,132729,19650225,10172,    0
  4970,132729,19650226,10126,    0
  4970,132729,19650227,10135,    0
  4970,132729,19650228,10105,    0
  4970,132729,19650301,10001,    0
  4970,132729,19650302, 9951,    0
  4970,132729,19650303,10047,    0
  4970,132729,19650304,10039,    0
  4970,132729,19650305,10075,    0
  4970,132729,19650306,10185,    0
  4970,132729,19650307,10277,    0
  4970,132729,19650308,10278,    0
  4970,132729,19650309,10279,    0
  4970,132729,19650310,10278,    0
  4970,132729,19650311,10262,    0
  4970,132729,19650312,10219,    0
  4970,132729,19650313,10195,    0
  4970,132729,19650314,10180,    0
  4970,132729,19650315,10161,    0
  4970,132729,19650316,10144,    0
  4970,132729,19650317,10092,    0
  4970,132729,19650318,10008,    0
  4970,132729,19650319,10107,    0
  4970,132729,19650320,10144,    0
  4970,132729,19650321,10063,    0
  4970,132729,19650322,10127,    0
  4970,132729,19650323, 9998,    0
  4970,132729,19650324,10044,    0
  4970,132729,19650325,10160,    0
  4970,132729,19650326,10140,    0
  4970,132729,19650327,10299,    0
  4970,132729,19650328,10342,    0
  4970,132729,19650329,10318,    0
  4970,132729,19650330,10266,    0
  4970,132729,19650331,10292,    0
  4970,132729,19650401,10286,    0
  4970,132729,19650402,10284,    0
  4970,132729,19650403,10242,    0
  4970,132729,19650404,10158,    0
  4970,132729,19650405,10121,    0
  4970,132729,19650406,10134,    0
  4970,132729,19650407,10133,    0
  4970,132729,19650408,10096,    0
  4970,132729,19650409,10119,    0
  4970,132729,19650410,10105,    0
  4970,132729,19650411,10102,    0
  4970,132729,19650412,10121,    0
  4970,132729,19650413,10130,    0
  4970,132729,19650414,10189,    0
  4970,132729,19650415,10138,    0
  4970,132729,19650416,10118,    0
  4970,132729,19650417,10097,    0
  4970,132729,19650418,10025,    0
  4970,132729,19650419, 9987,    0
  4970,132729,19650420,10056,    0
  4970,132729,19650421,10074,    0
  4970,132729,19650422,10064,    0
  4970,132729,19650423,10075,    0
  4970,132729,19650424,10104,    0
  4970,132729,19650425,10107,    0
  4970,132729,19650426,10088,    0
  4970,132729,19650427, 9990,    0
  4970,132729,19650428,10035,    0
  4970,132729,19650429,10111,    0
  4970,132729,19650430,10172,    0
  4970,132729,19650501,10159,    0
  4970,132729,19650502,10109,    0
  4970,132729,19650503,10105,    0
  4970,132729,19650504,10048,    0
  4970,132729,19650505,10082,    0
  4970,132729,19650506,10167,    0
  4970,132729,19650507,10149,    0
  4970,132729,19650508,10189,    0
  4970,132729,19650509,10150,    0
  4970,132729,19650510,10178,    0
  4970,132729,19650511,10235,    0
  4970,132729,19650512,10248,    0
  4970,132729,19650513,10228,    0
  4970,132729,19650514,10168,    0
  4970,132729,19650515,10106,    0
  4970,132729,19650516,10096,    0
  4970,132729,19650517,10056,    0
  4970,132729,19650518,10053,    0
  4970,132729,19650519,10106,    0
  4970,132729,19650520,10229,    0
  4970,132729,19650521,10253,    0
  4970,132729,19650522,10167,    0
  4970,132729,19650523,10114,    0
  4970,132729,19650524,10152,    0
  4970,132729,19650525,10202,    0
  4970,132729,19650526,10212,    0
  4970,132729,19650527,10118,    0
  4970,132729,19650528,10085,    0
  4970,132729,19650529,10104,    0
  4970,132729,19650530,10092,    0
  4970,132729,19650531,10062,    0
  4970,132729,19650601,10129,    0
  4970,132729,19650602,10160,    0
  4970,132729,19650603,10157,    0
  4970,132729,19650604,10132,    0
  4970,132729,19650605,10094,    0
  4970,132729,19650606,10079,    0
  4970,132729,19650607,10066,    0
  4970,132729,19650608,10076,    0
  4970,132729,19650609,10108,    0
  4970,132729,19650610,10140,    0
  4970,132729,19650611,10195,    0
  4970,132729,19650612,10190,    0
  4970,132729,19650613,10189,    0
  4970,132729,19650614,10191,    0
  4970,132729,19650615,10145,    0
  4970,132729,19650616,10052,    0
  4970,132729,19650617,10100,    0
  4970,132729,19650618,10144,    0
  4970,132729,19650619,10190,    0
  4970,132729,19650620,10198,    0
  4970,132729,19650621,10129,    0
  4970,132729,19650622,10086,    0
  4970,132729,19650623,10136,    0
  4970,132729,19650624,10179,    0
  4970,132729,19650625,10154,    0
  4970,132729,19650626,10190,    0
  4970,132729,19650627,10230,    0
  4970,132729,19650628,10259,    0
  4970,132729,19650629,10214,    0
  4970,132729,19650630,10126,    0
  4970,132729,19650701,10149,    0
  4970,132729,19650702,10166,    0
  4970,132729,19650703,10147,    0
  4970,132729,19650704,10117,    0
  4970,132729,19650705,10164,    0
  4970,132729,19650706,10172,    0
  4970,132729,19650707,10101,    0
  4970,132729,19650708,10072,    0
  4970,132729,19650709,10157,    0
  4970,132729,19650710,10188,    0
  4970,132729,19650711,10172,    0
  4970,132729,19650712,10144,    0
  4970,132729,19650713,10118,    0
  4970,132729,19650714,10127,    0
  4970,132729,19650715,10162,    0
  4970,132729,19650716,10161,    0
  4970,132729,19650717,10167,    0
  4970,132729,19650718,10172,    0
  4970,132729,19650719,10153,    0
  4970,132729,19650720,10112,    0
  4970,132729,19650721,10099,    0
  4970,132729,19650722,10084,    0
  4970,132729,19650723,10068,    0
  4970,132729,19650724,10120,    0
  4970,132729,19650725,10117,    0
  4970,132729,19650726,10152,    0
  4970,132729,19650727,10183,    0
  4970,132729,19650728,10152,    0
  4970,132729,19650729,10050,    0
  4970,132729,19650730,10042,    0
  4970,132729,19650731,10061,    0
  4970,132729,19650801,10104,    0
  4970,132729,19650802,10115,    0
  4970,132729,19650803,10104,    0
  4970,132729,19650804,10185,    0
  4970,132729,19650805,10150,    0
  4970,132729,19650806,10138,    0
  4970,132729,19650807,10127,    0
  4970,132729,19650808,10183,    0
  4970,132729,19650809,10199,    0
  4970,132729,19650810,10206,    0
  4970,132729,19650811,10230,    0
  4970,132729,19650812,10216,    0
  4970,132729,19650813,10162,    0
  4970,132729,19650814,10163,    0
  4970,132729,19650815,10182,    0
  4970,132729,19650816,10149,    0
  4970,132729,19650817,10137,    0
  4970,132729,19650818,10167,    0
  4970,132729,19650819,10207,    0
  4970,132729,19650820,10176,    0
  4970,132729,19650821,10090,    0
  4970,132729,19650822, 9996,    0
  4970,132729,19650823,10052,    0
  4970,132729,19650824,10104,    0
  4970,132729,19650825,10147,    0
  4970,132729,19650826,10183,    0
  4970,132729,19650827,10138,    0
  4970,132729,19650828,10176,    0
  4970,132729,19650829,10161,    0
  4970,132729,19650830,10184,    0
  4970,132729,19650831,10114,    0
  4970,132729,19650901,10090,    0
  4970,132729,19650902,10055,    0
  4970,132729,19650903,10045,    0
  4970,132729,19650904,10061,    0
  4970,132729,19650905,10083,    0
  4970,132729,19650906,10081,    0
  4970,132729,19650907,10099,    0
  4970,132729,19650908,10088,    0
  4970,132729,19650909,10095,    0
  4970,132729,19650910,10113,    0
  4970,132729,19650911,10128,    0
  4970,132729,19650912,10126,    0
  4970,132729,19650913,10098,    0
  4970,132729,19650914,10187,    0
  4970,132729,19650915,10222,    0
  4970,132729,19650916,10198,    0
  4970,132729,19650917,10146,    0
  4970,132729,19650918,10145,    0
  4970,132729,19650919,10279,    0
  4970,132729,19650920,10331,    0
  4970,132729,19650921,10305,    0
  4970,132729,19650922,10202,    0
  4970,132729,19650923,10113,    0
  4970,132729,19650924,10074,    0
  4970,132729,19650925, 9992,    0
  4970,132729,19650926, 9991,    0
  4970,132729,19650927,10011,    0
  4970,132729,19650928,10032,    0
  4970,132729,19650929,10056,    0
  4970,132729,19650930,10046,    0
  4970,132729,19651001,10140,    0
  4970,132729,19651002,10166,    0
  4970,132729,19651003,10192,    0
  4970,132729,19651004,10176,    0
  4970,132729,19651005,10172,    0
  4970,132729,19651006,10161,    0
  4970,132729,19651007,10164,    0
  4970,132729,19651008,10195,    0
  4970,132729,19651009,10191,    0
  4970,132729,19651010,10175,    0
  4970,132729,19651011,10183,    0
  4970,132729,19651012,10234,    0
  4970,132729,19651013,10235,    0
  4970,132729,19651014,10196,    0
  4970,132729,19651015,10165,    0
  4970,132729,19651016,10245,    0
  4970,132729,19651017,10276,    0
  4970,132729,19651018,10247,    0
  4970,132729,19651019,10246,    0
  4970,132729,19651020,10243,    0
  4970,132729,19651021,10274,    0
  4970,132729,19651022,10282,    0
  4970,132729,19651023,10274,    0
  4970,132729,19651024,10246,    0
  4970,132729,19651025,10223,    0
  4970,132729,19651026,10208,    0
  4970,132729,19651027,10187,    0
  4970,132729,19651028,10148,    0
  4970,132729,19651029,10186,    0
  4970,132729,19651030,10195,    0
  4970,132729,19651031,10178,    0
  4970,132729,19651101,10048,    0
  4970,132729,19651102,10090,    0
  4970,132729,19651103,10128,    0
  4970,132729,19651104,10236,    0
  4970,132729,19651105,10294,    0
  4970,132729,19651106,10227,    0
  4970,132729,19651107,10155,    0
  4970,132729,19651108,10220,    0
  4970,132729,19651109,10191,    0
  4970,132729,19651110,10146,    0
  4970,132729,19651111,10066,    0
  4970,132729,19651112,10057,    0
  4970,132729,19651113,10081,    0
  4970,132729,19651114,10131,    0
  4970,132729,19651115,10216,    0
  4970,132729,19651116,10221,    0
  4970,132729,19651117,10067,    0
  4970,132729,19651118, 9990,    0
  4970,132729,19651119, 9963,    0
  4970,132729,19651120, 9935,    0
  4970,132729,19651121, 9936,    0
  4970,132729,19651122,10144,    0
  4970,132729,19651123,10222,    0
  4970,132729,19651124,10134,    0
  4970,132729,19651125,10107,    0
  4970,132729,19651126,10026,    0
  4970,132729,19651127, 9850,    0
  4970,132729,19651128,10019,    0
  4970,132729,19651129, 9858,    0
  4970,132729,19651130, 9954,    0
  4970,132729,19651201,10078,    0
  4970,132729,19651202,10016,    0
  4970,132729,19651203, 9964,    0
  4970,132729,19651204,10021,    0
  4970,132729,19651205, 9914,    0
  4970,132729,19651206,10026,    0
  4970,132729,19651207,10109,    0
  4970,132729,19651208,10205,    0
  4970,132729,19651209,10051,    0
  4970,132729,19651210, 9875,    0
  4970,132729,19651211,10029,    0
  4970,132729,19651212,10078,    0
  4970,132729,19651213,10079,    0
  4970,132729,19651214,10244,    0
  4970,132729,19651215,10210,    0
  4970,132729,19651216,10147,    0
  4970,132729,19651217,10124,    0
  4970,132729,19651218,10154,    0
  4970,132729,19651219,10161,    0
  4970,132729,19651220,10120,    0
  4970,132729,19651221,10184,    0
  4970,132729,19651222,10182,    0
  4970,132729,19651223, 9977,    0
  4970,132729,19651224, 9876,    0
  4970,132729,19651225, 9816,    0
  4970,132729,19651226,10006,    0
  4970,132729,19651227, 9946,    0
  4970,132729,19651228,10086,    0
  4970,132729,19651229,10176,    0
  4970,132729,19651230,10057,    0
  4970,132729,19651231,10101,    0
  4970,132729,19660101,10008,    0
  4970,132729,19660102, 9994,    0
  4970,132729,19660103,10072,    0
  4970,132729,19660104,10256,    0
  4970,132729,19660105,10344,    0
  4970,132729,19660106,10347,    0
  4970,132729,19660107,10304,    0
  4970,132729,19660108,10238,    0
  4970,132729,19660109,10217,    0
  4970,132729,19660110,10195,    0
  4970,132729,19660111,10135,    0
  4970,132729,19660112,10215,    0
  4970,132729,19660113,10272,    0
  4970,132729,19660114,10261,    0
  4970,132729,19660115,10204,    0
  4970,132729,19660116,10161,    0
  4970,132729,19660117,10160,    0
  4970,132729,19660118,10163,    0
  4970,132729,19660119,10103,    0
  4970,132729,19660120, 9996,    0
  4970,132729,19660121, 9992,    0
  4970,132729,19660122, 9925,    0
  4970,132729,19660123, 9952,    0
  4970,132729,19660124,10142,    0
  4970,132729,19660125,10098,    0
  4970,132729,19660126,10063,    0
  4970,132729,19660127,10130,    0
  4970,132729,19660128,10190,    0
  4970,132729,19660129,10085,    0
  4970,132729,19660130,10135,    0
  4970,132729,19660131,10147,    0
  4970,132729,19660201,10198,    0
  4970,132729,19660202,10162,    0
  4970,132729,19660203,10187,    0
  4970,132729,19660204,10238,    0
  4970,132729,19660205,10185,    0
  4970,132729,19660206,10098,    0
  4970,132729,19660207,10106,    0
  4970,132729,19660208, 9974,    0
  4970,132729,19660209, 9996,    0
  4970,132729,19660210, 9956,    0
  4970,132729,19660211, 9930,    0
  4970,132729,19660212, 9959,    0
  4970,132729,19660213, 9932,    0
  4970,132729,19660214,10087,    0
  4970,132729,19660215,10144,    0
  4970,132729,19660216,10028,    0
  4970,132729,19660217,10057,    0
  4970,132729,19660218,10146,    0
  4970,132729,19660219,10044,    0
  4970,132729,19660220, 9957,    0
  4970,132729,19660221, 9888,    0
  4970,132729,19660222, 9941,    0
  4970,132729,19660223,10078,    0
  4970,132729,19660224,10135,    0
  4970,132729,19660225,10084,    0
  4970,132729,19660226,10120,    0
  4970,132729,19660227,10142,    0
  4970,132729,19660228,10084,    0
  4970,132729,19660301,10226,    0
  4970,132729,19660302,10287,    0
  4970,132729,19660303,10180,    0
  4970,132729,19660304,10151,    0
  4970,132729,19660305,10244,    0
  4970,132729,19660306,10270,    0
  4970,132729,19660307,10233,    0
  4970,132729,19660308,10220,    0
  4970,132729,19660309,10211,    0
  4970,132729,19660310,10202,    0
  4970,132729,19660311,10096,    0
  4970,132729,19660312,10078,    0
  4970,132729,19660313,10188,    0
  4970,132729,19660314,10280,    0
  4970,132729,19660315,10246,    0
  4970,132729,19660316,10302,    0
  4970,132729,19660317,10306,    0
  4970,132729,19660318,10252,    0
  4970,132729,19660319,10348,    0
  4970,132729,19660320,10349,    0
  4970,132729,19660321,10265,    0
  4970,132729,19660322,10213,    0
  4970,132729,19660323,10116,    0
  4970,132729,19660324,10059,    0
  4970,132729,19660325,10123,    0
  4970,132729,19660326,10086,    0
  4970,132729,19660327, 9925,    0
  4970,132729,19660328,10046,    0
  4970,132729,19660329,10150,    0
  4970,132729,19660330,10202,    0
  4970,132729,19660331,10185,    0
  4970,132729,19660401,10167,    0
  4970,132729,19660402,10139,    0
  4970,132729,19660403,10138,    0
  4970,132729,19660404,10135,    0
  4970,132729,19660405,10076,    0
  4970,132729,19660406,10077,    0
  4970,132729,19660407,10056,    0
  4970,132729,19660408,10024,    0
  4970,132729,19660409, 9974,    0
  4970,132729,19660410,10010,    0
  4970,132729,19660411,10028,    0
  4970,132729,19660412,10039,    0
  4970,132729,19660413,10041,    0
  4970,132729,19660414,10032,    0
  4970,132729,19660415, 9969,    0
  4970,132729,19660416, 9944,    0
  4970,132729,19660417,10018,    0
  4970,132729,19660418,10047,    0
  4970,132729,19660419,10025,    0
  4970,132729,19660420,10057,    0
  4970,132729,19660421,10227,    0
  4970,132729,19660422,10249,    0
  4970,132729,19660423,10135,    0
  4970,132729,19660424,10089,    0
  4970,132729,19660425,10164,    0
  4970,132729,19660426,10217,    0
  4970,132729,19660427,10166,    0
  4970,132729,19660428,10268,    0
  4970,132729,19660429,10317,    0
  4970,132729,19660430,10300,    0
  4970,132729,19660501,10256,    0
  4970,132729,19660502,10213,    0
  4970,132729,19660503,10187,    0
  4970,132729,19660504,10140,    0
  4970,132729,19660505,10078,    0
  4970,132729,19660506,10092,    0
  4970,132729,19660507,10097,    0
  4970,132729,19660508,10143,    0
  4970,132729,19660509,10091,    0
  4970,132729,19660510,10152,    0
  4970,132729,19660511,10079,    0
  4970,132729,19660512,10053,    0
  4970,132729,19660513,10157,    0
  4970,132729,19660514,10225,    0
  4970,132729,19660515,10220,    0
  4970,132729,19660516,10203,    0
  4970,132729,19660517,10152,    0
  4970,132729,19660518,10118,    0
  4970,132729,19660519,10161,    0
  4970,132729,19660520,10182,    0
  4970,132729,19660521,10203,    0
  4970,132729,19660522,10119,    0
  4970,132729,19660523,10194,    0
  4970,132729,19660524,10215,    0
  4970,132729,19660525,10202,    0
  4970,132729,19660526,10142,    0
  4970,132729,19660527,10196,    0
  4970,132729,19660528,10234,    0
  4970,132729,19660529,10230,    0
  4970,132729,19660530,10215,    0
  4970,132729,19660531,10183,    0
  4970,132729,19660601,10169,    0
  4970,132729,19660602,10184,    0
  4970,132729,19660603,10205,    0
  4970,132729,19660604,10126,    0
  4970,132729,19660605,10093,    0
  4970,132729,19660606,10163,    0
  4970,132729,19660607,10177,    0
  4970,132729,19660608,10150,    0
  4970,132729,19660609,10097,    0
  4970,132729,19660610,10118,    0
  4970,132729,19660611,10148,    0
  4970,132729,19660612,10166,    0
  4970,132729,19660613,10164,    0
  4970,132729,19660614,10153,    0
  4970,132729,19660615,10119,    0
  4970,132729,19660616,10113,    0
  4970,132729,19660617,10129,    0
  4970,132729,19660618,10102,    0
  4970,132729,19660619,10124,    0
  4970,132729,19660620,10060,    0
  4970,132729,19660621,10111,    0
  4970,132729,19660622,10137,    0
  4970,132729,19660623,10126,    0
  4970,132729,19660624,10183,    0
  4970,132729,19660625,10229,    0
  4970,132729,19660626,10224,    0
  4970,132729,19660627,10161,    0
  4970,132729,19660628,10119,    0
  4970,132729,19660629,10164,    0
  4970,132729,19660630,10226,    0
  4970,132729,19660701,10220,    0
  4970,132729,19660702,10168,    0
  4970,132729,19660703,10135,    0
  4970,132729,19660704,10143,    0
  4970,132729,19660705,10097,    0
  4970,132729,19660706,10081,    0
  4970,132729,19660707,10159,    0
  4970,132729,19660708,10213,    0
  4970,132729,19660709,10217,    0
  4970,132729,19660710,10162,    0
  4970,132729,19660711,10100,    0
  4970,132729,19660712,10160,    0
  4970,132729,19660713,10114,    0
  4970,132729,19660714,10128,    0
  4970,132729,19660715,10163,    0
  4970,132729,19660716,10097,    0
  4970,132729,19660717,10120,    0
  4970,132729,19660718,10112,    0
  4970,132729,19660719,10114,    0
  4970,132729,19660720,10149,    0
  4970,132729,19660721,10140,    0
  4970,132729,19660722,10124,    0
  4970,132729,19660723,10127,    0
  4970,132729,19660724,10085,    0
  4970,132729,19660725,10081,    0
  4970,132729,19660726,10125,    0
  4970,132729,19660727,10118,    0
  4970,132729,19660728,10164,    0
  4970,132729,19660729,10108,    0
  4970,132729,19660730,10118,    0
  4970,132729,19660731,10158,    0
  4970,132729,19660801,10104,    0
  4970,132729,19660802,10108,    0
  4970,132729,19660803,10080,    0
  4970,132729,19660804,10069,    0
  4970,132729,19660805,10126,    0
  4970,132729,19660806,10154,    0
  4970,132729,19660807,10090,    0
  4970,132729,19660808,10092,    0
  4970,132729,19660809,10152,    0
  4970,132729,19660810,10142,    0
  4970,132729,19660811,10173,    0
  4970,132729,19660812,10157,    0
  4970,132729,19660813,10127,    0
  4970,132729,19660814,10209,    0
  4970,132729,19660815,10256,    0
  4970,132729,19660816,10294,    0
  4970,132729,19660817,10237,    0
  4970,132729,19660818,10180,    0
  4970,132729,19660819,10163,    0
  4970,132729,19660820,10130,    0
  4970,132729,19660821,10104,    0
  4970,132729,19660822,10093,    0
  4970,132729,19660823,10174,    0
  4970,132729,19660824,10197,    0
  4970,132729,19660825,10178,    0
  4970,132729,19660826,10172,    0
  4970,132729,19660827,10137,    0
  4970,132729,19660828,10134,    0
  4970,132729,19660829,10097,    0
  4970,132729,19660830,10075,    0
  4970,132729,19660831,10082,    0
  4970,132729,19660901,10138,    0
  4970,132729,19660902,10107,    0
  4970,132729,19660903,10156,    0
  4970,132729,19660904,10144,    0
  4970,132729,19660905,10170,    0
  4970,132729,19660906,10201,    0
  4970,132729,19660907,10217,    0
  4970,132729,19660908,10170,    0
  4970,132729,19660909,10169,    0
  4970,132729,19660910,10178,    0
  4970,132729,19660911,10194,    0
  4970,132729,19660912,10113,    0
  4970,132729,19660913,10122,    0
  4970,132729,19660914,10186,    0
  4970,132729,19660915,10120,    0
  4970,132729,19660916,10260,    0
  4970,132729,19660917,10234,    0
  4970,132729,19660918,10218,    0
  4970,132729,19660919,10260,    0
  4970,132729,19660920,10256,    0
  4970,132729,19660921,10224,    0
  4970,132729,19660922,10217,    0
  4970,132729,19660923,10200,    0
  4970,132729,19660924,10216,    0
  4970,132729,19660925,10202,    0
  4970,132729,19660926,10157,    0
  4970,132729,19660927,10164,    0
  4970,132729,19660928,10133,    0
  4970,132729,19660929,10089,    0
  4970,132729,19660930,10057,    0
  4970,132729,19661001,10024,    0
  4970,132729,19661002, 9979,    0
  4970,132729,19661003, 9978,    0
  4970,132729,19661004,10021,    0
  4970,132729,19661005,10124,    0
  4970,132729,19661006,10161,    0
  4970,132729,19661007,10146,    0
  4970,132729,19661008,10124,    0
  4970,132729,19661009,10118,    0
  4970,132729,19661010,10138,    0
  4970,132729,19661011,10180,    0
  4970,132729,19661012,10124,    0
  4970,132729,19661013,10114,    0
  4970,132729,19661014,10086,    0
  4970,132729,19661015,10058,    0
  4970,132729,19661016,10044,    0
  4970,132729,19661017,10079,    0
  4970,132729,19661018,10038,    0
  4970,132729,19661019,10045,    0
  4970,132729,19661020,10060,    0
  4970,132729,19661021,10122,    0
  4970,132729,19661022,10174,    0
  4970,132729,19661023,10054,    0
  4970,132729,19661024,10036,    0
  4970,132729,19661025,10008,    0
  4970,132729,19661026,10006,    0
  4970,132729,19661027,10070,    0
  4970,132729,19661028,10143,    0
  4970,132729,19661029,10195,    0
  4970,132729,19661030,10249,    0
  4970,132729,19661031,10240,    0
  4970,132729,19661101,10139,    0
  4970,132729,19661102,10186,    0
  4970,132729,19661103,10114,    0
  4970,132729,19661104,10011,    0
  4970,132729,19661105, 9937,    0
  4970,132729,19661106,10068,    0
  4970,132729,19661107,10176,    0
  4970,132729,19661108,10161,    0
  4970,132729,19661109,10090,    0
  4970,132729,19661110,10192,    0
  4970,132729,19661111,10273,    0
  4970,132729,19661112,10292,    0
  4970,132729,19661113,10262,    0
  4970,132729,19661114,10221,    0
  4970,132729,19661115,10183,    0
  4970,132729,19661116,10006,    0
  4970,132729,19661117,10032,    0
  4970,132729,19661118,10111,    0
  4970,132729,19661119,10121,    0
  4970,132729,19661120,10116,    0
  4970,132729,19661121,10158,    0
  4970,132729,19661122,10162,    0
  4970,132729,19661123,10177,    0
  4970,132729,19661124,10222,    0
  4970,132729,19661125,10266,    0
  4970,132729,19661126,10257,    0
  4970,132729,19661127,10246,    0
  4970,132729,19661128,10097,    0
  4970,132729,19661129,10100,    0
  4970,132729,19661130, 9967,    0
  4970,132729,19661201, 9942,    0
  4970,132729,19661202, 9851,    0
  4970,132729,19661203,10000,    0
  4970,132729,19661204,10120,    0
  4970,132729,19661205,10220,    0
  4970,132729,19661206,10204,    0
  4970,132729,19661207,10232,    0
  4970,132729,19661208,10189,    0
  4970,132729,19661209,10096,    0
  4970,132729,19661210, 9933,    0
  4970,132729,19661211,10034,    0
  4970,132729,19661212, 9867,    0
  4970,132729,19661213, 9877,    0
  4970,132729,19661214,10086,    0
  4970,132729,19661215,10208,    0
  4970,132729,19661216,10240,    0
  4970,132729,19661217,10270,    0
  4970,132729,19661218,10229,    0
  4970,132729,19661219,10228,    0
  4970,132729,19661220,10113,    0
  4970,132729,19661221,10175,    0
  4970,132729,19661222,10131,    0
  4970,132729,19661223,10116,    0
  4970,132729,19661224,10070,    0
  4970,132729,19661225,10178,    0
  4970,132729,19661226,10248,    0
  4970,132729,19661227,10113,    0
  4970,132729,19661228,10122,    0
  4970,132729,19661229,10092,    0
  4970,132729,19661230,10183,    0
  4970,132729,19661231,10173,    0
