EUROPEAN CLIMATE ASSESSMENT & DATASET (ECA&D), file created on: 21-12-2020
THESE DATA CAN BE USED FOR NON-COMMERCIAL RESEARCH AND EDUCATION PROVIDED THAT THE FOLLOWING SOURCE IS ACKNOWLEDGED: 

Klein Tank, A.M.G. and Coauthors, 2002. Daily dataset of 20th-century surface
air temperature and precipitation series for the European Climate Assessment.
Int. J. of Climatol., 22, 1441-1453.
Data and metadata available at http://www.ecad.eu

FILE FORMAT (MISSING VALUE CODE = -9999):

01-06 STAID: Station identifier
08-13 SOUID: Source identifier
15-22 DATE : Date YYYYMMDD
24-28 RR   : Precipitation amount in 0.1 mm
30-34 Q_RR : quality code for RR (0='valid'; 1='suspect'; 9='missing')

This is the non-blended series (SOUID: 132730) of station Deuselbach, GERMANY (STAID:   4970)

 STAID,    SOUID,    DATE,   RR, Q_RR
  4970,132730,19610101,    0,    0
  4970,132730,19610102,  103,    0
  4970,132730,19610103,   53,    0
  4970,132730,19610104,   78,    0
  4970,132730,19610105,   14,    0
  4970,132730,19610106,   45,    0
  4970,132730,19610107,   17,    0
  4970,132730,19610108,   49,    0
  4970,132730,19610109,   29,    0
  4970,132730,19610110,   45,    0
  4970,132730,19610111,    1,    0
  4970,132730,19610112,    0,    0
  4970,132730,19610113,    8,    0
  4970,132730,19610114,    4,    0
  4970,132730,19610115,    0,    0
  4970,132730,19610116,    0,    0
  4970,132730,19610117,    0,    0
  4970,132730,19610118,    0,    0
  4970,132730,19610119,    5,    0
  4970,132730,19610120,    7,    0
  4970,132730,19610121,    0,    0
  4970,132730,19610122,    0,    0
  4970,132730,19610123,    0,    0
  4970,132730,19610124,    0,    0
  4970,132730,19610125,   40,    0
  4970,132730,19610126,    0,    0
  4970,132730,19610127,    0,    0
  4970,132730,19610128,   33,    0
  4970,132730,19610129,   40,    0
  4970,132730,19610130,  220,    0
  4970,132730,19610131,   45,    0
  4970,132730,19610201,   51,    0
  4970,132730,19610202,   35,    0
  4970,132730,19610203,   10,    0
  4970,132730,19610204,   30,    0
  4970,132730,19610205,   12,    0
  4970,132730,19610206,   35,    0
  4970,132730,19610207,   39,    0
  4970,132730,19610208,   28,    0
  4970,132730,19610209,   14,    0
  4970,132730,19610210,    0,    0
  4970,132730,19610211,   20,    0
  4970,132730,19610212,    8,    0
  4970,132730,19610213,    0,    0
  4970,132730,19610214,    0,    0
  4970,132730,19610215,    0,    0
  4970,132730,19610216,    0,    0
  4970,132730,19610217,    0,    0
  4970,132730,19610218,    0,    0
  4970,132730,19610219,    0,    0
  4970,132730,19610220,    0,    0
  4970,132730,19610221,    6,    0
  4970,132730,19610222,    0,    0
  4970,132730,19610223,   44,    0
  4970,132730,19610224,    0,    0
  4970,132730,19610225,    0,    0
  4970,132730,19610226,    1,    0
  4970,132730,19610227,   40,    0
  4970,132730,19610228,  114,    0
  4970,132730,19610301,    3,    0
  4970,132730,19610302,    2,    0
  4970,132730,19610303,    0,    0
  4970,132730,19610304,    0,    0
  4970,132730,19610305,    0,    0
  4970,132730,19610306,    0,    0
  4970,132730,19610307,    0,    0
  4970,132730,19610308,    0,    0
  4970,132730,19610309,    0,    0
  4970,132730,19610310,    0,    0
  4970,132730,19610311,    0,    0
  4970,132730,19610312,    0,    0
  4970,132730,19610313,    8,    0
  4970,132730,19610314,    0,    0
  4970,132730,19610315,    0,    0
  4970,132730,19610316,    0,    0
  4970,132730,19610317,    0,    0
  4970,132730,19610318,   13,    0
  4970,132730,19610319,   22,    0
  4970,132730,19610320,   25,    0
  4970,132730,19610321,   13,    0
  4970,132730,19610322,    7,    0
  4970,132730,19610323,    0,    0
  4970,132730,19610324,    0,    0
  4970,132730,19610325,    0,    0
  4970,132730,19610326,    0,    0
  4970,132730,19610327,    0,    0
  4970,132730,19610328,    0,    0
  4970,132730,19610329,   11,    0
  4970,132730,19610330,   53,    0
  4970,132730,19610331,   16,    0
  4970,132730,19610401,   30,    0
  4970,132730,19610402,   56,    0
  4970,132730,19610403,   33,    0
  4970,132730,19610404,    7,    0
  4970,132730,19610405,    0,    0
  4970,132730,19610406,    0,    0
  4970,132730,19610407,    0,    0
  4970,132730,19610408,    0,    0
  4970,132730,19610409,    0,    0
  4970,132730,19610410,  208,    0
  4970,132730,19610411,    3,    0
  4970,132730,19610412,    0,    0
  4970,132730,19610413,    0,    0
  4970,132730,19610414,   42,    0
  4970,132730,19610415,   34,    0
  4970,132730,19610416,    0,    0
  4970,132730,19610417,   25,    0
  4970,132730,19610418,   41,    0
  4970,132730,19610419,    0,    0
  4970,132730,19610420,   13,    0
  4970,132730,19610421,    1,    0
  4970,132730,19610422,   23,    0
  4970,132730,19610423,    1,    0
  4970,132730,19610424,   41,    0
  4970,132730,19610425,    6,    0
  4970,132730,19610426,    1,    0
  4970,132730,19610427,    9,    0
  4970,132730,19610428,    1,    0
  4970,132730,19610429,   18,    0
  4970,132730,19610430,   32,    0
  4970,132730,19610501,   21,    0
  4970,132730,19610502,   62,    0
  4970,132730,19610503,   48,    0
  4970,132730,19610504,   71,    0
  4970,132730,19610505,   78,    0
  4970,132730,19610506,    3,    0
  4970,132730,19610507,   49,    0
  4970,132730,19610508,   11,    0
  4970,132730,19610509,   59,    0
  4970,132730,19610510,    7,    0
  4970,132730,19610511,    7,    0
  4970,132730,19610512,    0,    0
  4970,132730,19610513,    0,    0
  4970,132730,19610514,   27,    0
  4970,132730,19610515,    0,    0
  4970,132730,19610516,    0,    0
  4970,132730,19610517,    0,    0
  4970,132730,19610518,    0,    0
  4970,132730,19610519,    9,    0
  4970,132730,19610520,  132,    0
  4970,132730,19610521,   89,    0
  4970,132730,19610522,    0,    0
  4970,132730,19610523,    0,    0
  4970,132730,19610524,    0,    0
  4970,132730,19610525,   37,    0
  4970,132730,19610526,   95,    0
  4970,132730,19610527,    0,    0
  4970,132730,19610528,    2,    0
  4970,132730,19610529,   28,    0
  4970,132730,19610530,    0,    0
  4970,132730,19610531,    3,    0
  4970,132730,19610601,  292,    0
  4970,132730,19610602,  253,    0
  4970,132730,19610603,    1,    0
  4970,132730,19610604,   37,    0
  4970,132730,19610605,    3,    0
  4970,132730,19610606,   67,    0
  4970,132730,19610607,   16,    0
  4970,132730,19610608,   12,    0
  4970,132730,19610609,  159,    0
  4970,132730,19610610,    0,    0
  4970,132730,19610611,   20,    0
  4970,132730,19610612,   89,    0
  4970,132730,19610613,   90,    0
  4970,132730,19610614,    0,    0
  4970,132730,19610615,    0,    0
  4970,132730,19610616,    0,    0
  4970,132730,19610617,    0,    0
  4970,132730,19610618,   17,    0
  4970,132730,19610619,    0,    0
  4970,132730,19610620,    0,    0
  4970,132730,19610621,    0,    0
  4970,132730,19610622,    0,    0
  4970,132730,19610623,    0,    0
  4970,132730,19610624,    0,    0
  4970,132730,19610625,    0,    0
  4970,132730,19610626,  290,    0
  4970,132730,19610627,   27,    0
  4970,132730,19610628,    0,    0
  4970,132730,19610629,    0,    0
  4970,132730,19610630,    0,    0
  4970,132730,19610701,    0,    0
  4970,132730,19610702,    0,    0
  4970,132730,19610703,    0,    0
  4970,132730,19610704,   61,    0
  4970,132730,19610705,   12,    0
  4970,132730,19610706,    0,    0
  4970,132730,19610707,    0,    0
  4970,132730,19610708,  113,    0
  4970,132730,19610709,   35,    0
  4970,132730,19610710,    0,    0
  4970,132730,19610711,   15,    0
  4970,132730,19610712,  103,    0
  4970,132730,19610713,   93,    0
  4970,132730,19610714,   96,    0
  4970,132730,19610715,   18,    0
  4970,132730,19610716,  117,    0
  4970,132730,19610717,   98,    0
  4970,132730,19610718,  147,    0
  4970,132730,19610719,    1,    0
  4970,132730,19610720,    0,    0
  4970,132730,19610721,    0,    0
  4970,132730,19610722,    0,    0
  4970,132730,19610723,    0,    0
  4970,132730,19610724,    0,    0
  4970,132730,19610725,    0,    0
  4970,132730,19610726,    0,    0
  4970,132730,19610727,  183,    0
  4970,132730,19610728,  235,    0
  4970,132730,19610729,   50,    0
  4970,132730,19610730,    0,    0
  4970,132730,19610731,    0,    0
  4970,132730,19610801,    0,    0
  4970,132730,19610802,    6,    0
  4970,132730,19610803,    0,    0
  4970,132730,19610804,    0,    0
  4970,132730,19610805,    0,    0
  4970,132730,19610806,   45,    0
  4970,132730,19610807,    0,    0
  4970,132730,19610808,    0,    0
  4970,132730,19610809,   12,    0
  4970,132730,19610810,  102,    0
  4970,132730,19610811,    0,    0
  4970,132730,19610812,    2,    0
  4970,132730,19610813,    5,    0
  4970,132730,19610814,   10,    0
  4970,132730,19610815,   90,    0
  4970,132730,19610816,  129,    0
  4970,132730,19610817,   10,    0
  4970,132730,19610818,    0,    0
  4970,132730,19610819,   38,    0
  4970,132730,19610820,    0,    0
  4970,132730,19610821,   14,    0
  4970,132730,19610822,    9,    0
  4970,132730,19610823,    0,    0
  4970,132730,19610824,    0,    0
  4970,132730,19610825,    0,    0
  4970,132730,19610826,    0,    0
  4970,132730,19610827,    0,    0
  4970,132730,19610828,    0,    0
  4970,132730,19610829,    0,    0
  4970,132730,19610830,    0,    0
  4970,132730,19610831,    0,    0
  4970,132730,19610901,    0,    0
  4970,132730,19610902,    0,    0
  4970,132730,19610903,    0,    0
  4970,132730,19610904,   24,    0
  4970,132730,19610905,   16,    0
  4970,132730,19610906,  116,    0
  4970,132730,19610907,   16,    0
  4970,132730,19610908,    0,    0
  4970,132730,19610909,    0,    0
  4970,132730,19610910,    0,    0
  4970,132730,19610911,    1,    0
  4970,132730,19610912,    0,    0
  4970,132730,19610913,   41,    0
  4970,132730,19610914,  103,    0
  4970,132730,19610915,    0,    0
  4970,132730,19610916,    0,    0
  4970,132730,19610917,    0,    0
  4970,132730,19610918,    0,    0
  4970,132730,19610919,    0,    0
  4970,132730,19610920,    0,    0
  4970,132730,19610921,    0,    0
  4970,132730,19610922,    0,    0
  4970,132730,19610923,    0,    0
  4970,132730,19610924,    0,    0
  4970,132730,19610925,    0,    0
  4970,132730,19610926,    0,    0
  4970,132730,19610927,    1,    0
  4970,132730,19610928,   86,    0
  4970,132730,19610929,    0,    0
  4970,132730,19610930,    0,    0
  4970,132730,19611001,   25,    0
  4970,132730,19611002,    6,    0
  4970,132730,19611003,    3,    0
  4970,132730,19611004,    0,    0
  4970,132730,19611005,    0,    0
  4970,132730,19611006,   10,    0
  4970,132730,19611007,   21,    0
  4970,132730,19611008,    0,    0
  4970,132730,19611009,    0,    0
  4970,132730,19611010,    0,    0
  4970,132730,19611011,    0,    0
  4970,132730,19611012,    0,    0
  4970,132730,19611013,    0,    0
  4970,132730,19611014,    0,    0
  4970,132730,19611015,    0,    0
  4970,132730,19611016,    6,    0
  4970,132730,19611017,  182,    0
  4970,132730,19611018,   46,    0
  4970,132730,19611019,   69,    0
  4970,132730,19611020,    2,    0
  4970,132730,19611021,    0,    0
  4970,132730,19611022,    0,    0
  4970,132730,19611023,   37,    0
  4970,132730,19611024,  106,    0
  4970,132730,19611025,  192,    0
  4970,132730,19611026,  109,    0
  4970,132730,19611027,    6,    0
  4970,132730,19611028,   18,    0
  4970,132730,19611029,    3,    0
  4970,132730,19611030,    0,    0
  4970,132730,19611031,    0,    0
  4970,132730,19611101,    0,    0
  4970,132730,19611102,   11,    0
  4970,132730,19611103,  100,    0
  4970,132730,19611104,    1,    0
  4970,132730,19611105,   20,    0
  4970,132730,19611106,   90,    0
  4970,132730,19611107,   30,    0
  4970,132730,19611108,   52,    0
  4970,132730,19611109,   86,    0
  4970,132730,19611110,   48,    0
  4970,132730,19611111,    0,    0
  4970,132730,19611112,   13,    0
  4970,132730,19611113,   92,    0
  4970,132730,19611114,    0,    0
  4970,132730,19611115,    0,    0
  4970,132730,19611116,    0,    0
  4970,132730,19611117,    0,    0
  4970,132730,19611118,    0,    0
  4970,132730,19611119,    0,    0
  4970,132730,19611120,    0,    0
  4970,132730,19611121,    0,    0
  4970,132730,19611122,    0,    0
  4970,132730,19611123,   16,    0
  4970,132730,19611124,   10,    0
  4970,132730,19611125,   14,    0
  4970,132730,19611126,   42,    0
  4970,132730,19611127,   28,    0
  4970,132730,19611128,   37,    0
  4970,132730,19611129,    0,    0
  4970,132730,19611130,   81,    0
  4970,132730,19611201,  105,    0
  4970,132730,19611202,   54,    0
  4970,132730,19611203,   40,    0
  4970,132730,19611204,  163,    0
  4970,132730,19611205,   24,    0
  4970,132730,19611206,    0,    0
  4970,132730,19611207,    0,    0
  4970,132730,19611208,    9,    0
  4970,132730,19611209,   20,    0
  4970,132730,19611210,   68,    0
  4970,132730,19611211,  136,    0
  4970,132730,19611212,   23,    0
  4970,132730,19611213,   49,    0
  4970,132730,19611214,   17,    0
  4970,132730,19611215,    0,    0
  4970,132730,19611216,    0,    0
  4970,132730,19611217,    0,    0
  4970,132730,19611218,    0,    0
  4970,132730,19611219,    0,    0
  4970,132730,19611220,    1,    0
  4970,132730,19611221,    1,    0
  4970,132730,19611222,   10,    0
  4970,132730,19611223,    0,    0
  4970,132730,19611224,    0,    0
  4970,132730,19611225,    0,    0
  4970,132730,19611226,    0,    0
  4970,132730,19611227,    0,    0
  4970,132730,19611228,    0,    0
  4970,132730,19611229,    0,    0
  4970,132730,19611230,   58,    0
  4970,132730,19611231,   38,    0
  4970,132730,19620101,    0,    0
  4970,132730,19620102,    0,    0
  4970,132730,19620103,    0,    0
  4970,132730,19620104,    0,    0
  4970,132730,19620105,    0,    0
  4970,132730,19620106,    4,    0
  4970,132730,19620107,    3,    0
  4970,132730,19620108,    0,    0
  4970,132730,19620109,  135,    0
  4970,132730,19620110,   14,    0
  4970,132730,19620111,   16,    0
  4970,132730,19620112,  198,    0
  4970,132730,19620113,   24,    0
  4970,132730,19620114,   17,    0
  4970,132730,19620115,    0,    0
  4970,132730,19620116,    4,    0
  4970,132730,19620117,    3,    0
  4970,132730,19620118,   10,    0
  4970,132730,19620119,   36,    0
  4970,132730,19620120,   31,    0
  4970,132730,19620121,   65,    0
  4970,132730,19620122,    3,    0
  4970,132730,19620123,   11,    0
  4970,132730,19620124,  105,    0
  4970,132730,19620125,   38,    0
  4970,132730,19620126,   40,    0
  4970,132730,19620127,    0,    0
  4970,132730,19620128,   13,    0
  4970,132730,19620129,    0,    0
  4970,132730,19620130,    0,    0
  4970,132730,19620131,    0,    0
  4970,132730,19620201,   64,    0
  4970,132730,19620202,    7,    0
  4970,132730,19620203,   13,    0
  4970,132730,19620204,   31,    0
  4970,132730,19620205,   20,    0
  4970,132730,19620206,   29,    0
  4970,132730,19620207,   39,    0
  4970,132730,19620208,   10,    0
  4970,132730,19620209,    0,    0
  4970,132730,19620210,    0,    0
  4970,132730,19620211,    0,    0
  4970,132730,19620212,  510,    0
  4970,132730,19620213,   71,    0
  4970,132730,19620214,   23,    0
  4970,132730,19620215,   55,    0
  4970,132730,19620216,   91,    0
  4970,132730,19620217,    6,    0
  4970,132730,19620218,    0,    0
  4970,132730,19620219,    0,    0
  4970,132730,19620220,    0,    0
  4970,132730,19620221,    0,    0
  4970,132730,19620222,    0,    0
  4970,132730,19620223,    0,    0
  4970,132730,19620224,    7,    0
  4970,132730,19620225,    0,    0
  4970,132730,19620226,    0,    0
  4970,132730,19620227,    0,    0
  4970,132730,19620228,    0,    0
  4970,132730,19620301,    8,    0
  4970,132730,19620302,    5,    0
  4970,132730,19620303,   17,    0
  4970,132730,19620304,  141,    0
  4970,132730,19620305,   37,    0
  4970,132730,19620306,    7,    0
  4970,132730,19620307,    0,    0
  4970,132730,19620308,    0,    0
  4970,132730,19620309,    0,    0
  4970,132730,19620310,    1,    0
  4970,132730,19620311,   52,    0
  4970,132730,19620312,   14,    0
  4970,132730,19620313,   15,    0
  4970,132730,19620314,   27,    0
  4970,132730,19620315,   10,    0
  4970,132730,19620316,    0,    0
  4970,132730,19620317,    3,    0
  4970,132730,19620318,    0,    0
  4970,132730,19620319,    0,    0
  4970,132730,19620320,    0,    0
  4970,132730,19620321,    0,    0
  4970,132730,19620322,    0,    0
  4970,132730,19620323,    0,    0
  4970,132730,19620324,    0,    0
  4970,132730,19620325,    0,    0
  4970,132730,19620326,   16,    0
  4970,132730,19620327,    9,    0
  4970,132730,19620328,   16,    0
  4970,132730,19620329,  232,    0
  4970,132730,19620330,  288,    0
  4970,132730,19620331,    2,    0
  4970,132730,19620401,    4,    0
  4970,132730,19620402,    0,    0
  4970,132730,19620403,  108,    0
  4970,132730,19620404,  145,    0
  4970,132730,19620405,   99,    0
  4970,132730,19620406,    5,    0
  4970,132730,19620407,    5,    0
  4970,132730,19620408,   77,    0
  4970,132730,19620409,   26,    0
  4970,132730,19620410,   36,    0
  4970,132730,19620411,    0,    0
  4970,132730,19620412,    7,    0
  4970,132730,19620413,   17,    0
  4970,132730,19620414,  111,    0
  4970,132730,19620415,   40,    0
  4970,132730,19620416,    0,    0
  4970,132730,19620417,    0,    0
  4970,132730,19620418,    0,    0
  4970,132730,19620419,   11,    0
  4970,132730,19620420,   11,    0
  4970,132730,19620421,    0,    0
  4970,132730,19620422,    0,    0
  4970,132730,19620423,    3,    0
  4970,132730,19620424,    0,    0
  4970,132730,19620425,    0,    0
  4970,132730,19620426,    0,    0
  4970,132730,19620427,    0,    0
  4970,132730,19620428,    0,    0
  4970,132730,19620429,    0,    0
  4970,132730,19620430,    0,    0
  4970,132730,19620501,    0,    0
  4970,132730,19620502,    0,    0
  4970,132730,19620503,    0,    0
  4970,132730,19620504,    3,    0
  4970,132730,19620505,    7,    0
  4970,132730,19620506,   49,    0
  4970,132730,19620507,    0,    0
  4970,132730,19620508,  113,    0
  4970,132730,19620509,   44,    0
  4970,132730,19620510,   19,    0
  4970,132730,19620511,   41,    0
  4970,132730,19620512,    7,    0
  4970,132730,19620513,    0,    0
  4970,132730,19620514,   15,    0
  4970,132730,19620515,   60,    0
  4970,132730,19620516,   48,    0
  4970,132730,19620517,    6,    0
  4970,132730,19620518,   48,    0
  4970,132730,19620519,   20,    0
  4970,132730,19620520,    0,    0
  4970,132730,19620521,  108,    0
  4970,132730,19620522,   17,    0
  4970,132730,19620523,    0,    0
  4970,132730,19620524,   22,    0
  4970,132730,19620525,   32,    0
  4970,132730,19620526,    7,    0
  4970,132730,19620527,   10,    0
  4970,132730,19620528,   40,    0
  4970,132730,19620529,    1,    0
  4970,132730,19620530,    0,    0
  4970,132730,19620531,    0,    0
  4970,132730,19620601,    0,    0
  4970,132730,19620602,    0,    0
  4970,132730,19620603,    0,    0
  4970,132730,19620604,    0,    0
  4970,132730,19620605,    0,    0
  4970,132730,19620606,    0,    0
  4970,132730,19620607,    0,    0
  4970,132730,19620608,    0,    0
  4970,132730,19620609,    0,    0
  4970,132730,19620610,    0,    0
  4970,132730,19620611,    0,    0
  4970,132730,19620612,    0,    0
  4970,132730,19620613,    0,    0
  4970,132730,19620614,    0,    0
  4970,132730,19620615,    0,    0
  4970,132730,19620616,    0,    0
  4970,132730,19620617,    0,    0
  4970,132730,19620618,    0,    0
  4970,132730,19620619,    5,    0
  4970,132730,19620620,    0,    0
  4970,132730,19620621,    0,    0
  4970,132730,19620622,    0,    0
  4970,132730,19620623,    0,    0
  4970,132730,19620624,    0,    0
  4970,132730,19620625,    0,    0
  4970,132730,19620626,    2,    0
  4970,132730,19620627,   18,    0
  4970,132730,19620628,    0,    0
  4970,132730,19620629,    0,    0
  4970,132730,19620630,    0,    0
  4970,132730,19620701,    0,    0
  4970,132730,19620702,    3,    0
  4970,132730,19620703,    5,    0
  4970,132730,19620704,    0,    0
  4970,132730,19620705,   88,    0
  4970,132730,19620706,    9,    0
  4970,132730,19620707,    0,    0
  4970,132730,19620708,    0,    0
  4970,132730,19620709,    0,    0
  4970,132730,19620710,   91,    0
  4970,132730,19620711,    0,    0
  4970,132730,19620712,   95,    0
  4970,132730,19620713,    0,    0
  4970,132730,19620714,    7,    0
  4970,132730,19620715,  271,    0
  4970,132730,19620716,  150,    0
  4970,132730,19620717,    0,    0
  4970,132730,19620718,    0,    0
  4970,132730,19620719,   23,    0
  4970,132730,19620720,   14,    0
  4970,132730,19620721,  108,    0
  4970,132730,19620722,    0,    0
  4970,132730,19620723,    0,    0
  4970,132730,19620724,    0,    0
  4970,132730,19620725,   20,    0
  4970,132730,19620726,    0,    0
  4970,132730,19620727,    0,    0
  4970,132730,19620728,    0,    0
  4970,132730,19620729,    0,    0
  4970,132730,19620730,    0,    0
  4970,132730,19620731,    0,    0
  4970,132730,19620801,    0,    0
  4970,132730,19620802,   19,    0
  4970,132730,19620803,   79,    0
  4970,132730,19620804,    3,    0
  4970,132730,19620805,   97,    0
  4970,132730,19620806,   75,    0
  4970,132730,19620807,   19,    0
  4970,132730,19620808,    0,    0
  4970,132730,19620809,    0,    0
  4970,132730,19620810,    0,    0
  4970,132730,19620811,    0,    0
  4970,132730,19620812,    0,    0
  4970,132730,19620813,    0,    0
  4970,132730,19620814,   40,    0
  4970,132730,19620815,    2,    0
  4970,132730,19620816,    0,    0
  4970,132730,19620817,  132,    0
  4970,132730,19620818,    0,    0
  4970,132730,19620819,    0,    0
  4970,132730,19620820,   18,    0
  4970,132730,19620821,    0,    0
  4970,132730,19620822,    0,    0
  4970,132730,19620823,    0,    0
  4970,132730,19620824,  125,    0
  4970,132730,19620825,    0,    0
  4970,132730,19620826,    0,    0
  4970,132730,19620827,    0,    0
  4970,132730,19620828,    0,    0
  4970,132730,19620829,    0,    0
  4970,132730,19620830,    0,    0
  4970,132730,19620831,    0,    0
  4970,132730,19620901,    0,    0
  4970,132730,19620902,    0,    0
  4970,132730,19620903,   46,    0
  4970,132730,19620904,   61,    0
  4970,132730,19620905,   93,    0
  4970,132730,19620906,  116,    0
  4970,132730,19620907,  105,    0
  4970,132730,19620908,    2,    0
  4970,132730,19620909,    0,    0
  4970,132730,19620910,    0,    0
  4970,132730,19620911,    0,    0
  4970,132730,19620912,    0,    0
  4970,132730,19620913,   53,    0
  4970,132730,19620914,    0,    0
  4970,132730,19620915,    0,    0
  4970,132730,19620916,    1,    0
  4970,132730,19620917,   59,    0
  4970,132730,19620918,   40,    0
  4970,132730,19620919,    0,    0
  4970,132730,19620920,    0,    0
  4970,132730,19620921,    0,    0
  4970,132730,19620922,    0,    0
  4970,132730,19620923,    0,    0
  4970,132730,19620924,    0,    0
  4970,132730,19620925,    0,    0
  4970,132730,19620926,   13,    0
  4970,132730,19620927,   84,    0
  4970,132730,19620928,    6,    0
  4970,132730,19620929,    2,    0
  4970,132730,19620930,    0,    0
  4970,132730,19621001,    0,    0
  4970,132730,19621002,    0,    0
  4970,132730,19621003,    0,    0
  4970,132730,19621004,    0,    0
  4970,132730,19621005,    0,    0
  4970,132730,19621006,    0,    0
  4970,132730,19621007,    0,    0
  4970,132730,19621008,    0,    0
  4970,132730,19621009,    0,    0
  4970,132730,19621010,    0,    0
  4970,132730,19621011,    0,    0
  4970,132730,19621012,    0,    0
  4970,132730,19621013,    4,    0
  4970,132730,19621014,    1,    0
  4970,132730,19621015,    0,    0
  4970,132730,19621016,    0,    0
  4970,132730,19621017,    0,    0
  4970,132730,19621018,    0,    0
  4970,132730,19621019,    0,    0
  4970,132730,19621020,    0,    0
  4970,132730,19621021,    0,    0
  4970,132730,19621022,    0,    0
  4970,132730,19621023,    0,    0
  4970,132730,19621024,    0,    0
  4970,132730,19621025,   26,    0
  4970,132730,19621026,   73,    0
  4970,132730,19621027,    0,    0
  4970,132730,19621028,   30,    0
  4970,132730,19621029,   13,    0
  4970,132730,19621030,   21,    0
  4970,132730,19621031,   22,    0
  4970,132730,19621101,    0,    0
  4970,132730,19621102,    1,    0
  4970,132730,19621103,    0,    0
  4970,132730,19621104,    0,    0
  4970,132730,19621105,    0,    0
  4970,132730,19621106,    1,    0
  4970,132730,19621107,    0,    0
  4970,132730,19621108,    0,    0
  4970,132730,19621109,   17,    0
  4970,132730,19621110,   56,    0
  4970,132730,19621111,  104,    0
  4970,132730,19621112,   52,    0
  4970,132730,19621113,   22,    0
  4970,132730,19621114,    0,    0
  4970,132730,19621115,   21,    0
  4970,132730,19621116,    0,    0
  4970,132730,19621117,   11,    0
  4970,132730,19621118,    5,    0
  4970,132730,19621119,   26,    0
  4970,132730,19621120,    2,    0
  4970,132730,19621121,   57,    0
  4970,132730,19621122,   30,    0
  4970,132730,19621123,    2,    0
  4970,132730,19621124,    0,    0
  4970,132730,19621125,    0,    0
  4970,132730,19621126,    0,    0
  4970,132730,19621127,   20,    0
  4970,132730,19621128,   23,    0
  4970,132730,19621129,    0,    0
  4970,132730,19621130,    0,    0
  4970,132730,19621201,    0,    0
  4970,132730,19621202,    0,    0
  4970,132730,19621203,    0,    0
  4970,132730,19621204,    0,    0
  4970,132730,19621205,    0,    0
  4970,132730,19621206,    0,    0
  4970,132730,19621207,    0,    0
  4970,132730,19621208,   10,    0
  4970,132730,19621209,   50,    0
  4970,132730,19621210,    0,    0
  4970,132730,19621211,   54,    0
  4970,132730,19621212,    3,    0
  4970,132730,19621213,    0,    0
  4970,132730,19621214,   61,    0
  4970,132730,19621215,  121,    0
  4970,132730,19621216,   43,    0
  4970,132730,19621217,   14,    0
  4970,132730,19621218,   68,    0
  4970,132730,19621219,   36,    0
  4970,132730,19621220,   26,    0
  4970,132730,19621221,   23,    0
  4970,132730,19621222,    0,    0
  4970,132730,19621223,    0,    0
  4970,132730,19621224,    0,    0
  4970,132730,19621225,    0,    0
  4970,132730,19621226,    1,    0
  4970,132730,19621227,    0,    0
  4970,132730,19621228,    0,    0
  4970,132730,19621229,    2,    0
  4970,132730,19621230,   29,    0
  4970,132730,19621231,    0,    0
  4970,132730,19630101,   10,    0
  4970,132730,19630102,    8,    0
  4970,132730,19630103,   39,    0
  4970,132730,19630104,    9,    0
  4970,132730,19630105,   36,    0
  4970,132730,19630106,    0,    0
  4970,132730,19630107,    0,    0
  4970,132730,19630108,    0,    0
  4970,132730,19630109,    0,    0
  4970,132730,19630110,    0,    0
  4970,132730,19630111,    0,    0
  4970,132730,19630112,    1,    0
  4970,132730,19630113,    0,    0
  4970,132730,19630114,   11,    0
  4970,132730,19630115,    3,    0
  4970,132730,19630116,   30,    0
  4970,132730,19630117,    0,    0
  4970,132730,19630118,    0,    0
  4970,132730,19630119,    0,    0
  4970,132730,19630120,    0,    0
  4970,132730,19630121,    0,    0
  4970,132730,19630122,    0,    0
  4970,132730,19630123,    0,    0
  4970,132730,19630124,    0,    0
  4970,132730,19630125,    0,    0
  4970,132730,19630126,    7,    0
  4970,132730,19630127,    1,    0
  4970,132730,19630128,   26,    0
  4970,132730,19630129,    6,    0
  4970,132730,19630130,    8,    0
  4970,132730,19630131,    0,    0
  4970,132730,19630201,    0,    0
  4970,132730,19630202,    3,    0
  4970,132730,19630203,    2,    0
  4970,132730,19630204,    1,    0
  4970,132730,19630205,    0,    0
  4970,132730,19630206,    0,    0
  4970,132730,19630207,    0,    0
  4970,132730,19630208,    0,    0
  4970,132730,19630209,    0,    0
  4970,132730,19630210,    0,    0
  4970,132730,19630211,    4,    0
  4970,132730,19630212,   28,    0
  4970,132730,19630213,    7,    0
  4970,132730,19630214,    0,    0
  4970,132730,19630215,   15,    0
  4970,132730,19630216,   53,    0
  4970,132730,19630217,    0,    0
  4970,132730,19630218,    0,    0
  4970,132730,19630219,   18,    0
  4970,132730,19630220,   57,    0
  4970,132730,19630221,   26,    0
  4970,132730,19630222,    0,    0
  4970,132730,19630223,    0,    0
  4970,132730,19630224,    0,    0
  4970,132730,19630225,    0,    0
  4970,132730,19630226,    0,    0
  4970,132730,19630227,    0,    0
  4970,132730,19630228,    0,    0
  4970,132730,19630301,    0,    0
  4970,132730,19630302,    0,    0
  4970,132730,19630303,    0,    0
  4970,132730,19630304,    0,    0
  4970,132730,19630305,    0,    0
  4970,132730,19630306,    0,    0
  4970,132730,19630307,    0,    0
  4970,132730,19630308,   28,    0
  4970,132730,19630309,   72,    0
  4970,132730,19630310,   28,    0
  4970,132730,19630311,   71,    0
  4970,132730,19630312,   35,    0
  4970,132730,19630313,   32,    0
  4970,132730,19630314,   10,    0
  4970,132730,19630315,   23,    0
  4970,132730,19630316,   26,    0
  4970,132730,19630317,    2,    0
  4970,132730,19630318,   76,    0
  4970,132730,19630319,    0,    0
  4970,132730,19630320,   12,    0
  4970,132730,19630321,    8,    0
  4970,132730,19630322,    0,    0
  4970,132730,19630323,    0,    0
  4970,132730,19630324,    0,    0
  4970,132730,19630325,   32,    0
  4970,132730,19630326,  128,    0
  4970,132730,19630327,    0,    0
  4970,132730,19630328,    6,    0
  4970,132730,19630329,  100,    0
  4970,132730,19630330,    0,    0
  4970,132730,19630331,   64,    0
  4970,132730,19630401,    0,    0
  4970,132730,19630402,    0,    0
  4970,132730,19630403,   17,    0
  4970,132730,19630404,   22,    0
  4970,132730,19630405,    8,    0
  4970,132730,19630406,    0,    0
  4970,132730,19630407,    0,    0
  4970,132730,19630408,    0,    0
  4970,132730,19630409,    3,    0
  4970,132730,19630410,  109,    0
  4970,132730,19630411,    0,    0
  4970,132730,19630412,   48,    0
  4970,132730,19630413,    0,    0
  4970,132730,19630414,    0,    0
  4970,132730,19630415,   13,    0
  4970,132730,19630416,    0,    0
  4970,132730,19630417,    0,    0
  4970,132730,19630418,    0,    0
  4970,132730,19630419,    0,    0
  4970,132730,19630420,   14,    0
  4970,132730,19630421,   10,    0
  4970,132730,19630422,    0,    0
  4970,132730,19630423,    0,    0
  4970,132730,19630424,   30,    0
  4970,132730,19630425,    0,    0
  4970,132730,19630426,    0,    0
  4970,132730,19630427,    0,    0
  4970,132730,19630428,   18,    0
  4970,132730,19630429,   70,    0
  4970,132730,19630430,    1,    0
  4970,132730,19630501,   86,    0
  4970,132730,19630502,   25,    0
  4970,132730,19630503,   44,    0
  4970,132730,19630504,    0,    0
  4970,132730,19630505,    0,    0
  4970,132730,19630506,    0,    0
  4970,132730,19630507,    0,    0
  4970,132730,19630508,   58,    0
  4970,132730,19630509,   69,    0
  4970,132730,19630510,   27,    0
  4970,132730,19630511,    4,    0
  4970,132730,19630512,    0,    0
  4970,132730,19630513,   41,    0
  4970,132730,19630514,   30,    0
  4970,132730,19630515,    8,    0
  4970,132730,19630516,    0,    0
  4970,132730,19630517,    4,    0
  4970,132730,19630518,    0,    0
  4970,132730,19630519,    2,    0
  4970,132730,19630520,    1,    0
  4970,132730,19630521,    1,    0
  4970,132730,19630522,  113,    0
  4970,132730,19630523,    5,    0
  4970,132730,19630524,    0,    0
  4970,132730,19630525,    0,    0
  4970,132730,19630526,    0,    0
  4970,132730,19630527,    0,    0
  4970,132730,19630528,    0,    0
  4970,132730,19630529,    8,    0
  4970,132730,19630530,    0,    0
  4970,132730,19630531,    0,    0
  4970,132730,19630601,    0,    0
  4970,132730,19630602,    0,    0
  4970,132730,19630603,    0,    0
  4970,132730,19630604,   51,    0
  4970,132730,19630605,   22,    0
  4970,132730,19630606,   27,    0
  4970,132730,19630607,  187,    0
  4970,132730,19630608,    0,    0
  4970,132730,19630609,   68,    0
  4970,132730,19630610,   80,    0
  4970,132730,19630611,   38,    0
  4970,132730,19630612,    0,    0
  4970,132730,19630613,   86,    0
  4970,132730,19630614,   10,    0
  4970,132730,19630615,    2,    0
  4970,132730,19630616,    0,    0
  4970,132730,19630617,    0,    0
  4970,132730,19630618,   56,    0
  4970,132730,19630619,   25,    0
  4970,132730,19630620,   60,    0
  4970,132730,19630621,   19,    0
  4970,132730,19630622,   19,    0
  4970,132730,19630623,   12,    0
  4970,132730,19630624,    0,    0
  4970,132730,19630625,   29,    0
  4970,132730,19630626,   11,    0
  4970,132730,19630627,   76,    0
  4970,132730,19630628,   85,    0
  4970,132730,19630629,    0,    0
  4970,132730,19630630,    0,    0
  4970,132730,19630701,    2,    0
  4970,132730,19630702,    2,    0
  4970,132730,19630703,    4,    0
  4970,132730,19630704,  182,    0
  4970,132730,19630705,    0,    0
  4970,132730,19630706,    0,    0
  4970,132730,19630707,    0,    0
  4970,132730,19630708,    0,    0
  4970,132730,19630709,    0,    0
  4970,132730,19630710,    0,    0
  4970,132730,19630711,    0,    0
  4970,132730,19630712,    4,    0
  4970,132730,19630713,   66,    0
  4970,132730,19630714,    0,    0
  4970,132730,19630715,    0,    0
  4970,132730,19630716,    0,    0
  4970,132730,19630717,    0,    0
  4970,132730,19630718,    0,    0
  4970,132730,19630719,    0,    0
  4970,132730,19630720,    0,    0
  4970,132730,19630721,    0,    0
  4970,132730,19630722,    0,    0
  4970,132730,19630723,    0,    0
  4970,132730,19630724,    0,    0
  4970,132730,19630725,   14,    0
  4970,132730,19630726,    0,    0
  4970,132730,19630727,    0,    0
  4970,132730,19630728,    0,    0
  4970,132730,19630729,    0,    0
  4970,132730,19630730,    0,    0
  4970,132730,19630731,    0,    0
  4970,132730,19630801,    0,    0
  4970,132730,19630802,    0,    0
  4970,132730,19630803,    6,    0
  4970,132730,19630804,   20,    0
  4970,132730,19630805,    0,    0
  4970,132730,19630806,    0,    0
  4970,132730,19630807,  315,    0
  4970,132730,19630808,  127,    0
  4970,132730,19630809,    0,    0
  4970,132730,19630810,    9,    0
  4970,132730,19630811,   53,    0
  4970,132730,19630812,    0,    0
  4970,132730,19630813,    0,    0
  4970,132730,19630814,  113,    0
  4970,132730,19630815,    0,    0
  4970,132730,19630816,    0,    0
  4970,132730,19630817,  102,    0
  4970,132730,19630818,  107,    0
  4970,132730,19630819,   35,    0
  4970,132730,19630820,   47,    0
  4970,132730,19630821,   32,    0
  4970,132730,19630822,   33,    0
  4970,132730,19630823,   82,    0
  4970,132730,19630824,    4,    0
  4970,132730,19630825,    0,    0
  4970,132730,19630826,    0,    0
  4970,132730,19630827,   72,    0
  4970,132730,19630828,    6,    0
  4970,132730,19630829,    0,    0
  4970,132730,19630830,    0,    0
  4970,132730,19630831,    3,    0
  4970,132730,19630901,   16,    0
  4970,132730,19630902,    0,    0
  4970,132730,19630903,    0,    0
  4970,132730,19630904,    0,    0
  4970,132730,19630905,   31,    0
  4970,132730,19630906,    8,    0
  4970,132730,19630907,    0,    0
  4970,132730,19630908,    0,    0
  4970,132730,19630909,    0,    0
  4970,132730,19630910,    0,    0
  4970,132730,19630911,   17,    0
  4970,132730,19630912,    0,    0
  4970,132730,19630913,    0,    0
  4970,132730,19630914,    0,    0
  4970,132730,19630915,    0,    0
  4970,132730,19630916,    0,    0
  4970,132730,19630917,    0,    0
  4970,132730,19630918,    0,    0
  4970,132730,19630919,    0,    0
  4970,132730,19630920,    0,    0
  4970,132730,19630921,    3,    0
  4970,132730,19630922,    0,    0
  4970,132730,19630923,    0,    0
  4970,132730,19630924,   68,    0
  4970,132730,19630925,   42,    0
  4970,132730,19630926,   44,    0
  4970,132730,19630927,    0,    0
  4970,132730,19630928,    0,    0
  4970,132730,19630929,    0,    0
  4970,132730,19630930,    0,    0
  4970,132730,19631001,    8,    0
  4970,132730,19631002,   28,    0
  4970,132730,19631003,    6,    0
  4970,132730,19631004,   27,    0
  4970,132730,19631005,   95,    0
  4970,132730,19631006,  219,    0
  4970,132730,19631007,    2,    0
  4970,132730,19631008,    0,    0
  4970,132730,19631009,   22,    0
  4970,132730,19631010,    0,    0
  4970,132730,19631011,    0,    0
  4970,132730,19631012,    0,    0
  4970,132730,19631013,    1,    0
  4970,132730,19631014,    0,    0
  4970,132730,19631015,    0,    0
  4970,132730,19631016,    0,    0
  4970,132730,19631017,    5,    0
  4970,132730,19631018,    0,    0
  4970,132730,19631019,    0,    0
  4970,132730,19631020,    0,    0
  4970,132730,19631021,    0,    0
  4970,132730,19631022,    1,    0
  4970,132730,19631023,    0,    0
  4970,132730,19631024,    0,    0
  4970,132730,19631025,    0,    0
  4970,132730,19631026,    0,    0
  4970,132730,19631027,    0,    0
  4970,132730,19631028,    0,    0
  4970,132730,19631029,    0,    0
  4970,132730,19631030,    0,    0
  4970,132730,19631031,   18,    0
  4970,132730,19631101,    0,    0
  4970,132730,19631102,    0,    0
  4970,132730,19631103,   13,    0
  4970,132730,19631104,   16,    0
  4970,132730,19631105,    0,    0
  4970,132730,19631106,   44,    0
  4970,132730,19631107,   89,    0
  4970,132730,19631108,  152,    0
  4970,132730,19631109,    2,    0
  4970,132730,19631110,   46,    0
  4970,132730,19631111,   84,    0
  4970,132730,19631112,   42,    0
  4970,132730,19631113,   33,    0
  4970,132730,19631114,    2,    0
  4970,132730,19631115,  107,    0
  4970,132730,19631116,   67,    0
  4970,132730,19631117,   82,    0
  4970,132730,19631118,    8,    0
  4970,132730,19631119,  232,    0
  4970,132730,19631120,  124,    0
  4970,132730,19631121,    6,    0
  4970,132730,19631122,   87,    0
  4970,132730,19631123,    0,    0
  4970,132730,19631124,    0,    0
  4970,132730,19631125,   44,    0
  4970,132730,19631126,    3,    0
  4970,132730,19631127,    0,    0
  4970,132730,19631128,    2,    0
  4970,132730,19631129,    7,    0
  4970,132730,19631130,    0,    0
  4970,132730,19631201,    0,    0
  4970,132730,19631202,    0,    0
  4970,132730,19631203,    0,    0
  4970,132730,19631204,    0,    0
  4970,132730,19631205,    0,    0
  4970,132730,19631206,    0,    0
  4970,132730,19631207,    0,    0
  4970,132730,19631208,    0,    0
  4970,132730,19631209,    0,    0
  4970,132730,19631210,    0,    0
  4970,132730,19631211,    0,    0
  4970,132730,19631212,    0,    0
  4970,132730,19631213,   20,    0
  4970,132730,19631214,    0,    0
  4970,132730,19631215,    0,    0
  4970,132730,19631216,    1,    0
  4970,132730,19631217,    4,    0
  4970,132730,19631218,    0,    0
  4970,132730,19631219,    0,    0
  4970,132730,19631220,    0,    0
  4970,132730,19631221,    0,    0
  4970,132730,19631222,    0,    0
  4970,132730,19631223,    0,    0
  4970,132730,19631224,    0,    0
  4970,132730,19631225,    1,    0
  4970,132730,19631226,    8,    0
  4970,132730,19631227,    0,    0
  4970,132730,19631228,    0,    0
  4970,132730,19631229,    2,    0
  4970,132730,19631230,    0,    0
  4970,132730,19631231,    6,    0
  4970,132730,19640101,    0,    0
  4970,132730,19640102,    0,    0
  4970,132730,19640103,    0,    0
  4970,132730,19640104,    0,    0
  4970,132730,19640105,    0,    0
  4970,132730,19640106,    0,    0
  4970,132730,19640107,    0,    0
  4970,132730,19640108,    0,    0
  4970,132730,19640109,   29,    0
  4970,132730,19640110,   33,    0
  4970,132730,19640111,   10,    0
  4970,132730,19640112,   11,    0
  4970,132730,19640113,  144,    0
  4970,132730,19640114,   27,    0
  4970,132730,19640115,    0,    0
  4970,132730,19640116,    0,    0
  4970,132730,19640117,    0,    0
  4970,132730,19640118,    0,    0
  4970,132730,19640119,    0,    0
  4970,132730,19640120,    0,    0
  4970,132730,19640121,    0,    0
  4970,132730,19640122,    0,    0
  4970,132730,19640123,    0,    0
  4970,132730,19640124,    0,    0
  4970,132730,19640125,    0,    0
  4970,132730,19640126,    3,    0
  4970,132730,19640127,    0,    0
  4970,132730,19640128,    4,    0
  4970,132730,19640129,    0,    0
  4970,132730,19640130,   12,    0
  4970,132730,19640131,   37,    0
  4970,132730,19640201,    0,    0
  4970,132730,19640202,    5,    0
  4970,132730,19640203,    4,    0
  4970,132730,19640204,    3,    0
  4970,132730,19640205,    2,    0
  4970,132730,19640206,   20,    0
  4970,132730,19640207,   16,    0
  4970,132730,19640208,   13,    0
  4970,132730,19640209,   60,    0
  4970,132730,19640210,   21,    0
  4970,132730,19640211,   28,    0
  4970,132730,19640212,   20,    0
  4970,132730,19640213,    0,    0
  4970,132730,19640214,    1,    0
  4970,132730,19640215,    0,    0
  4970,132730,19640216,   13,    0
  4970,132730,19640217,   90,    0
  4970,132730,19640218,    0,    0
  4970,132730,19640219,    0,    0
  4970,132730,19640220,    0,    0
  4970,132730,19640221,    0,    0
  4970,132730,19640222,    0,    0
  4970,132730,19640223,   14,    0
  4970,132730,19640224,    0,    0
  4970,132730,19640225,    0,    0
  4970,132730,19640226,    0,    0
  4970,132730,19640227,   48,    0
  4970,132730,19640228,    0,    0
  4970,132730,19640229,    0,    0
  4970,132730,19640301,    0,    0
  4970,132730,19640302,    0,    0
  4970,132730,19640303,    0,    0
  4970,132730,19640304,    0,    0
  4970,132730,19640305,    3,    0
  4970,132730,19640306,    2,    0
  4970,132730,19640307,    1,    0
  4970,132730,19640308,    0,    0
  4970,132730,19640309,    0,    0
  4970,132730,19640310,    0,    0
  4970,132730,19640311,    0,    0
  4970,132730,19640312,    2,    0
  4970,132730,19640313,   49,    0
  4970,132730,19640314,    3,    0
  4970,132730,19640315,   61,    0
  4970,132730,19640316,    0,    0
  4970,132730,19640317,    0,    0
  4970,132730,19640318,    0,    0
  4970,132730,19640319,   69,    0
  4970,132730,19640320,   12,    0
  4970,132730,19640321,   76,    0
  4970,132730,19640322,   11,    0
  4970,132730,19640323,   71,    0
  4970,132730,19640324,   51,    0
  4970,132730,19640325,    9,    0
  4970,132730,19640326,    5,    0
  4970,132730,19640327,   12,    0
  4970,132730,19640328,   12,    0
  4970,132730,19640329,   42,    0
  4970,132730,19640330,    8,    0
  4970,132730,19640331,    0,    0
  4970,132730,19640401,    0,    0
  4970,132730,19640402,   19,    0
  4970,132730,19640403,   54,    0
  4970,132730,19640404,    0,    0
  4970,132730,19640405,    5,    0
  4970,132730,19640406,    0,    0
  4970,132730,19640407,    3,    0
  4970,132730,19640408,    2,    0
  4970,132730,19640409,    0,    0
  4970,132730,19640410,    0,    0
  4970,132730,19640411,    0,    0
  4970,132730,19640412,   24,    0
  4970,132730,19640413,   16,    0
  4970,132730,19640414,    6,    0
  4970,132730,19640415,    0,    0
  4970,132730,19640416,    0,    0
  4970,132730,19640417,    0,    0
  4970,132730,19640418,    0,    0
  4970,132730,19640419,    4,    0
  4970,132730,19640420,    0,    0
  4970,132730,19640421,   18,    0
  4970,132730,19640422,  110,    0
  4970,132730,19640423,  101,    0
  4970,132730,19640424,   44,    0
  4970,132730,19640425,    0,    0
  4970,132730,19640426,    0,    0
  4970,132730,19640427,    0,    0
  4970,132730,19640428,   15,    0
  4970,132730,19640429,   15,    0
  4970,132730,19640430,   11,    0
  4970,132730,19640501,   14,    0
  4970,132730,19640502,    0,    0
  4970,132730,19640503,   28,    0
  4970,132730,19640504,    0,    0
  4970,132730,19640505,    0,    0
  4970,132730,19640506,    0,    0
  4970,132730,19640507,    0,    0
  4970,132730,19640508,    0,    0
  4970,132730,19640509,    0,    0
  4970,132730,19640510,    0,    0
  4970,132730,19640511,    0,    0
  4970,132730,19640512,    0,    0
  4970,132730,19640513,    3,    0
  4970,132730,19640514,   26,    0
  4970,132730,19640515,    0,    0
  4970,132730,19640516,    0,    0
  4970,132730,19640517,    0,    0
  4970,132730,19640518,    0,    0
  4970,132730,19640519,   92,    0
  4970,132730,19640520,    0,    0
  4970,132730,19640521,    0,    0
  4970,132730,19640522,    0,    0
  4970,132730,19640523,    0,    0
  4970,132730,19640524,    0,    0
  4970,132730,19640525,  181,    0
  4970,132730,19640526,    1,    0
  4970,132730,19640527,    7,    0
  4970,132730,19640528,   63,    0
  4970,132730,19640529,    4,    0
  4970,132730,19640530,    0,    0
  4970,132730,19640531,    0,    0
  4970,132730,19640601,   30,    0
  4970,132730,19640602,   16,    0
  4970,132730,19640603,    0,    0
  4970,132730,19640604,    0,    0
  4970,132730,19640605,    2,    0
  4970,132730,19640606,    0,    0
  4970,132730,19640607,   92,    0
  4970,132730,19640608,   25,    0
  4970,132730,19640609,    0,    0
  4970,132730,19640610,    0,    0
  4970,132730,19640611,    0,    0
  4970,132730,19640612,    0,    0
  4970,132730,19640613,  207,    0
  4970,132730,19640614,    0,    0
  4970,132730,19640615,    0,    0
  4970,132730,19640616,    0,    0
  4970,132730,19640617,    0,    0
  4970,132730,19640618,  130,    0
  4970,132730,19640619,    1,    0
  4970,132730,19640620,   18,    0
  4970,132730,19640621,    0,    0
  4970,132730,19640622,    3,    0
  4970,132730,19640623,    0,    0
  4970,132730,19640624,    0,    0
  4970,132730,19640625,    0,    0
  4970,132730,19640626,    0,    0
  4970,132730,19640627,    0,    0
  4970,132730,19640628,    0,    0
  4970,132730,19640629,  112,    0
  4970,132730,19640630,    0,    0
  4970,132730,19640701,    0,    0
  4970,132730,19640702,    0,    0
  4970,132730,19640703,    0,    0
  4970,132730,19640704,    2,    0
  4970,132730,19640705,    0,    0
  4970,132730,19640706,    0,    0
  4970,132730,19640707,    0,    0
  4970,132730,19640708,    4,    0
  4970,132730,19640709,   55,    0
  4970,132730,19640710,   49,    0
  4970,132730,19640711,   17,    0
  4970,132730,19640712,    4,    0
  4970,132730,19640713,    0,    0
  4970,132730,19640714,    0,    0
  4970,132730,19640715,    0,    0
  4970,132730,19640716,    0,    0
  4970,132730,19640717,    0,    0
  4970,132730,19640718,    4,    0
  4970,132730,19640719,    0,    0
  4970,132730,19640720,   35,    0
  4970,132730,19640721,   25,    0
  4970,132730,19640722,    0,    0
  4970,132730,19640723,    0,    0
  4970,132730,19640724,    0,    0
  4970,132730,19640725,    0,    0
  4970,132730,19640726,    0,    0
  4970,132730,19640727,   25,    0
  4970,132730,19640728,    0,    0
  4970,132730,19640729,    0,    0
  4970,132730,19640730,    0,    0
  4970,132730,19640731,    0,    0
  4970,132730,19640801,   14,    0
  4970,132730,19640802,    2,    0
  4970,132730,19640803,    0,    0
  4970,132730,19640804,    0,    0
  4970,132730,19640805,    0,    0
  4970,132730,19640806,    0,    0
  4970,132730,19640807,   44,    0
  4970,132730,19640808,   80,    0
  4970,132730,19640809,   35,    0
  4970,132730,19640810,    8,    0
  4970,132730,19640811,  228,    0
  4970,132730,19640812,   63,    0
  4970,132730,19640813,    6,    0
  4970,132730,19640814,    0,    0
  4970,132730,19640815,    2,    0
  4970,132730,19640816,    0,    0
  4970,132730,19640817,   66,    0
  4970,132730,19640818,  129,    0
  4970,132730,19640819,   23,    0
  4970,132730,19640820,    0,    0
  4970,132730,19640821,    0,    0
  4970,132730,19640822,    0,    0
  4970,132730,19640823,    0,    0
  4970,132730,19640824,    0,    0
  4970,132730,19640825,    0,    0
  4970,132730,19640826,    0,    0
  4970,132730,19640827,    0,    0
  4970,132730,19640828,   18,    0
  4970,132730,19640829,   25,    0
  4970,132730,19640830,    0,    0
  4970,132730,19640831,    0,    0
  4970,132730,19640901,    0,    0
  4970,132730,19640902,    0,    0
  4970,132730,19640903,    0,    0
  4970,132730,19640904,    0,    0
  4970,132730,19640905,    3,    0
  4970,132730,19640906,   69,    0
  4970,132730,19640907,    4,    0
  4970,132730,19640908,   24,    0
  4970,132730,19640909,    0,    0
  4970,132730,19640910,    0,    0
  4970,132730,19640911,    0,    0
  4970,132730,19640912,    0,    0
  4970,132730,19640913,    0,    0
  4970,132730,19640914,   28,    0
  4970,132730,19640915,  293,    0
  4970,132730,19640916,  181,    0
  4970,132730,19640917,   76,    0
  4970,132730,19640918,   30,    0
  4970,132730,19640919,   11,    0
  4970,132730,19640920,   19,    0
  4970,132730,19640921,    8,    0
  4970,132730,19640922,    0,    0
  4970,132730,19640923,    0,    0
  4970,132730,19640924,    0,    0
  4970,132730,19640925,    0,    0
  4970,132730,19640926,   36,    0
  4970,132730,19640927,    0,    0
  4970,132730,19640928,    0,    0
  4970,132730,19640929,    0,    0
  4970,132730,19640930,    0,    0
  4970,132730,19641001,    0,    0
  4970,132730,19641002,    0,    0
  4970,132730,19641003,    0,    0
  4970,132730,19641004,    0,    0
  4970,132730,19641005,    0,    0
  4970,132730,19641006,    1,    0
  4970,132730,19641007,  154,    0
  4970,132730,19641008,   26,    0
  4970,132730,19641009,  120,    0
  4970,132730,19641010,   22,    0
  4970,132730,19641011,  131,    0
  4970,132730,19641012,   68,    0
  4970,132730,19641013,    0,    0
  4970,132730,19641014,   57,    0
  4970,132730,19641015,  129,    0
  4970,132730,19641016,   48,    0
  4970,132730,19641017,    2,    0
  4970,132730,19641018,   31,    0
  4970,132730,19641019,    0,    0
  4970,132730,19641020,    0,    0
  4970,132730,19641021,    0,    0
  4970,132730,19641022,   26,    0
  4970,132730,19641023,  101,    0
  4970,132730,19641024,    8,    0
  4970,132730,19641025,    0,    0
  4970,132730,19641026,    0,    0
  4970,132730,19641027,    0,    0
  4970,132730,19641028,    0,    0
  4970,132730,19641029,    3,    0
  4970,132730,19641030,    8,    0
  4970,132730,19641031,    0,    0
  4970,132730,19641101,    7,    0
  4970,132730,19641102,  118,    0
  4970,132730,19641103,   10,    0
  4970,132730,19641104,    0,    0
  4970,132730,19641105,    0,    0
  4970,132730,19641106,    0,    0
  4970,132730,19641107,    0,    0
  4970,132730,19641108,    0,    0
  4970,132730,19641109,    0,    0
  4970,132730,19641110,    0,    0
  4970,132730,19641111,    0,    0
  4970,132730,19641112,   15,    0
  4970,132730,19641113,   54,    0
  4970,132730,19641114,  255,    0
  4970,132730,19641115,   97,    0
  4970,132730,19641116,  195,    0
  4970,132730,19641117,   49,    0
  4970,132730,19641118,    7,    0
  4970,132730,19641119,    9,    0
  4970,132730,19641120,    0,    0
  4970,132730,19641121,    4,    0
  4970,132730,19641122,    0,    0
  4970,132730,19641123,    2,    0
  4970,132730,19641124,    6,    0
  4970,132730,19641125,    3,    0
  4970,132730,19641126,    0,    0
  4970,132730,19641127,   67,    0
  4970,132730,19641128,    0,    0
  4970,132730,19641129,    0,    0
  4970,132730,19641130,    0,    0
  4970,132730,19641201,    0,    0
  4970,132730,19641202,    0,    0
  4970,132730,19641203,   53,    0
  4970,132730,19641204,   49,    0
  4970,132730,19641205,   17,    0
  4970,132730,19641206,   45,    0
  4970,132730,19641207,    7,    0
  4970,132730,19641208,    7,    0
  4970,132730,19641209,    0,    0
  4970,132730,19641210,    0,    0
  4970,132730,19641211,    0,    0
  4970,132730,19641212,    4,    0
  4970,132730,19641213,  120,    0
  4970,132730,19641214,   17,    0
  4970,132730,19641215,    2,    0
  4970,132730,19641216,   19,    0
  4970,132730,19641217,    0,    0
  4970,132730,19641218,    3,    0
  4970,132730,19641219,    2,    0
  4970,132730,19641220,    0,    0
  4970,132730,19641221,    0,    0
  4970,132730,19641222,    0,    0
  4970,132730,19641223,    0,    0
  4970,132730,19641224,    0,    0
  4970,132730,19641225,   89,    0
  4970,132730,19641226,    0,    0
  4970,132730,19641227,    0,    0
  4970,132730,19641228,   11,    0
  4970,132730,19641229,    8,    0
  4970,132730,19641230,   30,    0
  4970,132730,19641231,  147,    0
  4970,132730,19650101,   21,    0
  4970,132730,19650102,   16,    0
  4970,132730,19650103,   38,    0
  4970,132730,19650104,    4,    0
  4970,132730,19650105,    0,    0
  4970,132730,19650106,    7,    0
  4970,132730,19650107,  122,    0
  4970,132730,19650108,   86,    0
  4970,132730,19650109,  142,    0
  4970,132730,19650110,   83,    0
  4970,132730,19650111,    0,    0
  4970,132730,19650112,    3,    0
  4970,132730,19650113,    9,    0
  4970,132730,19650114,   12,    0
  4970,132730,19650115,   35,    0
  4970,132730,19650116,   74,    0
  4970,132730,19650117,  106,    0
  4970,132730,19650118,    9,    0
  4970,132730,19650119,    0,    0
  4970,132730,19650120,    0,    0
  4970,132730,19650121,    3,    0
  4970,132730,19650122,   13,    0
  4970,132730,19650123,   10,    0
  4970,132730,19650124,   26,    0
  4970,132730,19650125,   49,    0
  4970,132730,19650126,   35,    0
  4970,132730,19650127,    3,    0
  4970,132730,19650128,    1,    0
  4970,132730,19650129,   71,    0
  4970,132730,19650130,  212,    0
  4970,132730,19650131,  124,    0
  4970,132730,19650201,    3,    0
  4970,132730,19650202,    0,    0
  4970,132730,19650203,   14,    0
  4970,132730,19650204,    0,    0
  4970,132730,19650205,   14,    0
  4970,132730,19650206,    4,    0
  4970,132730,19650207,    0,    0
  4970,132730,19650208,   12,    0
  4970,132730,19650209,    1,    0
  4970,132730,19650210,   10,    0
  4970,132730,19650211,    1,    0
  4970,132730,19650212,   41,    0
  4970,132730,19650213,   51,    0
  4970,132730,19650214,   25,    0
  4970,132730,19650215,   18,    0
  4970,132730,19650216,    8,    0
  4970,132730,19650217,   24,    0
  4970,132730,19650218,    5,    0
  4970,132730,19650219,    0,    0
  4970,132730,19650220,    6,    0
  4970,132730,19650221,    0,    0
  4970,132730,19650222,    0,    0
  4970,132730,19650223,    0,    0
  4970,132730,19650224,    0,    0
  4970,132730,19650225,    5,    0
  4970,132730,19650226,   26,    0
  4970,132730,19650227,    7,    0
  4970,132730,19650228,   11,    0
  4970,132730,19650301,   76,    0
  4970,132730,19650302,   41,    0
  4970,132730,19650303,    3,    0
  4970,132730,19650304,    0,    0
  4970,132730,19650305,   10,    0
  4970,132730,19650306,    0,    0
  4970,132730,19650307,    2,    0
  4970,132730,19650308,    8,    0
  4970,132730,19650309,    0,    0
  4970,132730,19650310,    0,    0
  4970,132730,19650311,    0,    0
  4970,132730,19650312,    0,    0
  4970,132730,19650313,    0,    0
  4970,132730,19650314,    4,    0
  4970,132730,19650315,   47,    0
  4970,132730,19650316,   39,    0
  4970,132730,19650317,   10,    0
  4970,132730,19650318,  174,    0
  4970,132730,19650319,   20,    0
  4970,132730,19650320,  144,    0
  4970,132730,19650321,   42,    0
  4970,132730,19650322,    2,    0
  4970,132730,19650323,   79,    0
  4970,132730,19650324,  127,    0
  4970,132730,19650325,  132,    0
  4970,132730,19650326,   66,    0
  4970,132730,19650327,    7,    0
  4970,132730,19650328,    0,    0
  4970,132730,19650329,    0,    0
  4970,132730,19650330,    0,    0
  4970,132730,19650331,    0,    0
  4970,132730,19650401,    0,    0
  4970,132730,19650402,    0,    0
  4970,132730,19650403,    0,    0
  4970,132730,19650404,    0,    0
  4970,132730,19650405,   28,    0
  4970,132730,19650406,    0,    0
  4970,132730,19650407,   38,    0
  4970,132730,19650408,    8,    0
  4970,132730,19650409,    0,    0
  4970,132730,19650410,   48,    0
  4970,132730,19650411,   25,    0
  4970,132730,19650412,   72,    0
  4970,132730,19650413,   36,    0
  4970,132730,19650414,    0,    0
  4970,132730,19650415,   77,    0
  4970,132730,19650416,   23,    0
  4970,132730,19650417,   67,    0
  4970,132730,19650418,   26,    0
  4970,132730,19650419,  156,    0
  4970,132730,19650420,    0,    0
  4970,132730,19650421,   28,    0
  4970,132730,19650422,    8,    0
  4970,132730,19650423,   11,    0
  4970,132730,19650424,   68,    0
  4970,132730,19650425,   34,    0
  4970,132730,19650426,  105,    0
  4970,132730,19650427,   25,    0
  4970,132730,19650428,   35,    0
  4970,132730,19650429,   96,    0
  4970,132730,19650430,    0,    0
  4970,132730,19650501,    0,    0
  4970,132730,19650502,    0,    0
  4970,132730,19650503,   38,    0
  4970,132730,19650504,   80,    0
  4970,132730,19650505,  111,    0
  4970,132730,19650506,   11,    0
  4970,132730,19650507,   56,    0
  4970,132730,19650508,    0,    0
  4970,132730,19650509,   21,    0
  4970,132730,19650510,    1,    0
  4970,132730,19650511,    0,    0
  4970,132730,19650512,    0,    0
  4970,132730,19650513,    0,    0
  4970,132730,19650514,    0,    0
  4970,132730,19650515,    2,    0
  4970,132730,19650516,    0,    0
  4970,132730,19650517,   44,    0
  4970,132730,19650518,   10,    0
  4970,132730,19650519,    0,    0
  4970,132730,19650520,    0,    0
  4970,132730,19650521,    0,    0
  4970,132730,19650522,    0,    0
  4970,132730,19650523,    4,    0
  4970,132730,19650524,    0,    0
  4970,132730,19650525,   15,    0
  4970,132730,19650526,   46,    0
  4970,132730,19650527,  136,    0
  4970,132730,19650528,  205,    0
  4970,132730,19650529,    0,    0
  4970,132730,19650530,  159,    0
  4970,132730,19650531,   57,    0
  4970,132730,19650601,   91,    0
  4970,132730,19650602,    0,    0
  4970,132730,19650603,   19,    0
  4970,132730,19650604,    1,    0
  4970,132730,19650605,    2,    0
  4970,132730,19650606,   46,    0
  4970,132730,19650607,   58,    0
  4970,132730,19650608,    6,    0
  4970,132730,19650609,  318,    0
  4970,132730,19650610,    0,    0
  4970,132730,19650611,    0,    0
  4970,132730,19650612,    7,    0
  4970,132730,19650613,   19,    0
  4970,132730,19650614,    0,    0
  4970,132730,19650615,    0,    0
  4970,132730,19650616,  281,    0
  4970,132730,19650617,  112,    0
  4970,132730,19650618,    7,    0
  4970,132730,19650619,    0,    0
  4970,132730,19650620,    0,    0
  4970,132730,19650621,   55,    0
  4970,132730,19650622,   47,    0
  4970,132730,19650623,    0,    0
  4970,132730,19650624,    0,    0
  4970,132730,19650625,    0,    0
  4970,132730,19650626,    0,    0
  4970,132730,19650627,    0,    0
  4970,132730,19650628,    0,    0
  4970,132730,19650629,    0,    0
  4970,132730,19650630,   18,    0
  4970,132730,19650701,    0,    0
  4970,132730,19650702,   12,    0
  4970,132730,19650703,    0,    0
  4970,132730,19650704,   18,    0
  4970,132730,19650705,   12,    0
  4970,132730,19650706,    0,    0
  4970,132730,19650707,   48,    0
  4970,132730,19650708,   11,    0
  4970,132730,19650709,   68,    0
  4970,132730,19650710,   13,    0
  4970,132730,19650711,    0,    0
  4970,132730,19650712,    0,    0
  4970,132730,19650713,    0,    0
  4970,132730,19650714,   66,    0
  4970,132730,19650715,    0,    0
  4970,132730,19650716,   49,    0
  4970,132730,19650717,  152,    0
  4970,132730,19650718,    4,    0
  4970,132730,19650719,    1,    0
  4970,132730,19650720,   21,    0
  4970,132730,19650721,   24,    0
  4970,132730,19650722,   10,    0
  4970,132730,19650723,   72,    0
  4970,132730,19650724,    0,    0
  4970,132730,19650725,    0,    0
  4970,132730,19650726,   11,    0
  4970,132730,19650727,    0,    0
  4970,132730,19650728,    0,    0
  4970,132730,19650729,   72,    0
  4970,132730,19650730,   96,    0
  4970,132730,19650731,   97,    0
  4970,132730,19650801,    3,    0
  4970,132730,19650802,   69,    0
  4970,132730,19650803,    0,    0
  4970,132730,19650804,    0,    0
  4970,132730,19650805,    0,    0
  4970,132730,19650806,   59,    0
  4970,132730,19650807,   83,    0
  4970,132730,19650808,    7,    0
  4970,132730,19650809,    0,    0
  4970,132730,19650810,    0,    0
  4970,132730,19650811,    0,    0
  4970,132730,19650812,    0,    0
  4970,132730,19650813,    0,    0
  4970,132730,19650814,    0,    0
  4970,132730,19650815,   12,    0
  4970,132730,19650816,    0,    0
  4970,132730,19650817,    4,    0
  4970,132730,19650818,    0,    0
  4970,132730,19650819,    0,    0
  4970,132730,19650820,    3,    0
  4970,132730,19650821,    0,    0
  4970,132730,19650822,   64,    0
  4970,132730,19650823,    5,    0
  4970,132730,19650824,   28,    0
  4970,132730,19650825,   41,    0
  4970,132730,19650826,   48,    0
  4970,132730,19650827,   13,    0
  4970,132730,19650828,    0,    0
  4970,132730,19650829,    8,    0
  4970,132730,19650830,    0,    0
  4970,132730,19650831,   70,    0
  4970,132730,19650901,   28,    0
  4970,132730,19650902,   84,    0
  4970,132730,19650903,  216,    0
  4970,132730,19650904,   31,    0
  4970,132730,19650905,   74,    0
  4970,132730,19650906,   40,    0
  4970,132730,19650907,   59,    0
  4970,132730,19650908,   28,    0
  4970,132730,19650909,    1,    0
  4970,132730,19650910,    0,    0
  4970,132730,19650911,    4,    0
  4970,132730,19650912,  137,    0
  4970,132730,19650913,   59,    0
  4970,132730,19650914,    0,    0
  4970,132730,19650915,    0,    0
  4970,132730,19650916,    0,    0
  4970,132730,19650917,    0,    0
  4970,132730,19650918,   29,    0
  4970,132730,19650919,    0,    0
  4970,132730,19650920,    0,    0
  4970,132730,19650921,    0,    0
  4970,132730,19650922,    0,    0
  4970,132730,19650923,    0,    0
  4970,132730,19650924,    0,    0
  4970,132730,19650925,    0,    0
  4970,132730,19650926,    4,    0
  4970,132730,19650927,   10,    0
  4970,132730,19650928,   16,    0
  4970,132730,19650929,   77,    0
  4970,132730,19650930,   46,    0
  4970,132730,19651001,   13,    0
  4970,132730,19651002,    3,    0
  4970,132730,19651003,    0,    0
  4970,132730,19651004,    0,    0
  4970,132730,19651005,    0,    0
  4970,132730,19651006,    0,    0
  4970,132730,19651007,    1,    0
  4970,132730,19651008,    0,    0
  4970,132730,19651009,    0,    0
  4970,132730,19651010,    0,    0
  4970,132730,19651011,    0,    0
  4970,132730,19651012,    0,    0
  4970,132730,19651013,    0,    0
  4970,132730,19651014,    0,    0
  4970,132730,19651015,   98,    0
  4970,132730,19651016,    0,    0
  4970,132730,19651017,    0,    0
  4970,132730,19651018,    0,    0
  4970,132730,19651019,    0,    0
  4970,132730,19651020,    0,    0
  4970,132730,19651021,    0,    0
  4970,132730,19651022,    0,    0
  4970,132730,19651023,    0,    0
  4970,132730,19651024,    0,    0
  4970,132730,19651025,    0,    0
  4970,132730,19651026,    0,    0
  4970,132730,19651027,    0,    0
  4970,132730,19651028,    0,    0
  4970,132730,19651029,   23,    0
  4970,132730,19651030,    0,    0
  4970,132730,19651031,    4,    0
  4970,132730,19651101,   63,    0
  4970,132730,19651102,   97,    0
  4970,132730,19651103,   41,    0
  4970,132730,19651104,    0,    0
  4970,132730,19651105,    0,    0
  4970,132730,19651106,    1,    0
  4970,132730,19651107,   26,    0
  4970,132730,19651108,    0,    0
  4970,132730,19651109,   49,    0
  4970,132730,19651110,   99,    0
  4970,132730,19651111,   21,    0
  4970,132730,19651112,    3,    0
  4970,132730,19651113,   71,    0
  4970,132730,19651114,    0,    0
  4970,132730,19651115,   12,    0
  4970,132730,19651116,    0,    0
  4970,132730,19651117,   14,    0
  4970,132730,19651118,  105,    0
  4970,132730,19651119,   24,    0
  4970,132730,19651120,  261,    0
  4970,132730,19651121,   63,    0
  4970,132730,19651122,    9,    0
  4970,132730,19651123,   13,    0
  4970,132730,19651124,    0,    0
  4970,132730,19651125,   42,    0
  4970,132730,19651126,   21,    0
  4970,132730,19651127,  108,    0
  4970,132730,19651128,    1,    0
  4970,132730,19651129,  261,    0
  4970,132730,19651130,   37,    0
  4970,132730,19651201,    0,    0
  4970,132730,19651202,   19,    0
  4970,132730,19651203,   75,    0
  4970,132730,19651204,   58,    0
  4970,132730,19651205,  233,    0
  4970,132730,19651206,   89,    0
  4970,132730,19651207,    6,    0
  4970,132730,19651208,    0,    0
  4970,132730,19651209,  147,    0
  4970,132730,19651210,   22,    0
  4970,132730,19651211,    1,    0
  4970,132730,19651212,   68,    0
  4970,132730,19651213,   39,    0
  4970,132730,19651214,    8,    0
  4970,132730,19651215,    0,    0
  4970,132730,19651216,   36,    0
  4970,132730,19651217,  162,    0
  4970,132730,19651218,   45,    0
  4970,132730,19651219,  123,    0
  4970,132730,19651220,  149,    0
  4970,132730,19651221,   16,    0
  4970,132730,19651222,    4,    0
  4970,132730,19651223,   36,    0
  4970,132730,19651224,  149,    0
  4970,132730,19651225,  179,    0
  4970,132730,19651226,    7,    0
  4970,132730,19651227,   16,    0
  4970,132730,19651228,    0,    0
  4970,132730,19651229,    5,    0
  4970,132730,19651230,   63,    0
  4970,132730,19651231,   76,    0
  4970,132730,19660101,  117,    0
  4970,132730,19660102,   72,    0
  4970,132730,19660103,   33,    0
  4970,132730,19660104,    0,    0
  4970,132730,19660105,    0,    0
  4970,132730,19660106,    0,    0
  4970,132730,19660107,    0,    0
  4970,132730,19660108,    0,    0
  4970,132730,19660109,    0,    0
  4970,132730,19660110,    0,    0
  4970,132730,19660111,    0,    0
  4970,132730,19660112,    1,    0
  4970,132730,19660113,   10,    0
  4970,132730,19660114,    4,    0
  4970,132730,19660115,    1,    0
  4970,132730,19660116,    0,    0
  4970,132730,19660117,    1,    0
  4970,132730,19660118,    0,    0
  4970,132730,19660119,    0,    0
  4970,132730,19660120,    7,    0
  4970,132730,19660121,   24,    0
  4970,132730,19660122,  106,    0
  4970,132730,19660123,   15,    0
  4970,132730,19660124,    0,    0
  4970,132730,19660125,    0,    0
  4970,132730,19660126,    0,    0
  4970,132730,19660127,    6,    0
  4970,132730,19660128,    0,    0
  4970,132730,19660129,    0,    0
  4970,132730,19660130,   11,    0
  4970,132730,19660131,   14,    0
  4970,132730,19660201,    0,    0
  4970,132730,19660202,    0,    0
  4970,132730,19660203,    6,    0
  4970,132730,19660204,   48,    0
  4970,132730,19660205,    6,    0
  4970,132730,19660206,   66,    0
  4970,132730,19660207,   15,    0
  4970,132730,19660208,  268,    0
  4970,132730,19660209,   78,    0
  4970,132730,19660210,   74,    0
  4970,132730,19660211,   18,    0
  4970,132730,19660212,   24,    0
  4970,132730,19660213,    4,    0
  4970,132730,19660214,    0,    0
  4970,132730,19660215,    0,    0
  4970,132730,19660216,    0,    0
  4970,132730,19660217,   12,    0
  4970,132730,19660218,    0,    0
  4970,132730,19660219,   27,    0
  4970,132730,19660220,   20,    0
  4970,132730,19660221,   61,    0
  4970,132730,19660222,    0,    0
  4970,132730,19660223,    1,    0
  4970,132730,19660224,    2,    0
  4970,132730,19660225,   20,    0
  4970,132730,19660226,   37,    0
  4970,132730,19660227,   66,    0
  4970,132730,19660228,  108,    0
  4970,132730,19660301,    2,    0
  4970,132730,19660302,    0,    0
  4970,132730,19660303,    2,    0
  4970,132730,19660304,    1,    0
  4970,132730,19660305,    0,    0
  4970,132730,19660306,    0,    0
  4970,132730,19660307,    0,    0
  4970,132730,19660308,    0,    0
  4970,132730,19660309,    0,    0
  4970,132730,19660310,   92,    0
  4970,132730,19660311,   55,    0
  4970,132730,19660312,   21,    0
  4970,132730,19660313,   17,    0
  4970,132730,19660314,    0,    0
  4970,132730,19660315,   23,    0
  4970,132730,19660316,    0,    0
  4970,132730,19660317,   43,    0
  4970,132730,19660318,   44,    0
  4970,132730,19660319,    0,    0
  4970,132730,19660320,    0,    0
  4970,132730,19660321,    0,    0
  4970,132730,19660322,   25,    0
  4970,132730,19660323,   51,    0
  4970,132730,19660324,   13,    0
  4970,132730,19660325,   10,    0
  4970,132730,19660326,   18,    0
  4970,132730,19660327,  103,    0
  4970,132730,19660328,   51,    0
  4970,132730,19660329,    2,    0
  4970,132730,19660330,   62,    0
  4970,132730,19660331,    7,    0
  4970,132730,19660401,    0,    0
  4970,132730,19660402,    0,    0
  4970,132730,19660403,   13,    0
  4970,132730,19660404,    0,    0
  4970,132730,19660405,    1,    0
  4970,132730,19660406,   40,    0
  4970,132730,19660407,   93,    0
  4970,132730,19660408,   43,    0
  4970,132730,19660409,   23,    0
  4970,132730,19660410,   20,    0
  4970,132730,19660411,  138,    0
  4970,132730,19660412,    0,    0
  4970,132730,19660413,    8,    0
  4970,132730,19660414,   82,    0
  4970,132730,19660415,   59,    0
  4970,132730,19660416,  108,    0
  4970,132730,19660417,   72,    0
  4970,132730,19660418,   86,    0
  4970,132730,19660419,   43,    0
  4970,132730,19660420,    3,    0
  4970,132730,19660421,    1,    0
  4970,132730,19660422,    0,    0
  4970,132730,19660423,   15,    0
  4970,132730,19660424,  108,    0
  4970,132730,19660425,    0,    0
  4970,132730,19660426,    0,    0
  4970,132730,19660427,   97,    0
  4970,132730,19660428,    0,    0
  4970,132730,19660429,    0,    0
  4970,132730,19660430,    0,    0
  4970,132730,19660501,    0,    0
  4970,132730,19660502,    0,    0
  4970,132730,19660503,   48,    0
  4970,132730,19660504,   34,    0
  4970,132730,19660505,   55,    0
  4970,132730,19660506,    5,    0
  4970,132730,19660507,   42,    0
  4970,132730,19660508,    0,    0
  4970,132730,19660509,    0,    0
  4970,132730,19660510,   32,    0
  4970,132730,19660511,    0,    0
  4970,132730,19660512,    0,    0
  4970,132730,19660513,    0,    0
  4970,132730,19660514,    0,    0
  4970,132730,19660515,    0,    0
  4970,132730,19660516,    0,    0
  4970,132730,19660517,    0,    0
  4970,132730,19660518,  114,    0
  4970,132730,19660519,    9,    0
  4970,132730,19660520,    0,    0
  4970,132730,19660521,    0,    0
  4970,132730,19660522,   90,    0
  4970,132730,19660523,    0,    0
  4970,132730,19660524,   16,    0
  4970,132730,19660525,   62,    0
  4970,132730,19660526,   73,    0
  4970,132730,19660527,    0,    0
  4970,132730,19660528,    0,    0
  4970,132730,19660529,    0,    0
  4970,132730,19660530,    0,    0
  4970,132730,19660531,   13,    0
  4970,132730,19660601,    0,    0
  4970,132730,19660602,    0,    0
  4970,132730,19660603,    0,    0
  4970,132730,19660604,    0,    0
  4970,132730,19660605,   29,    0
  4970,132730,19660606,    0,    0
  4970,132730,19660607,    0,    0
  4970,132730,19660608,    0,    0
  4970,132730,19660609,    0,    0
  4970,132730,19660610,    0,    0
  4970,132730,19660611,  174,    0
  4970,132730,19660612,   12,    0
  4970,132730,19660613,  244,    0
  4970,132730,19660614,   32,    0
  4970,132730,19660615,    0,    0
  4970,132730,19660616,   12,    0
  4970,132730,19660617,   61,    0
  4970,132730,19660618,   98,    0
  4970,132730,19660619,   32,    0
  4970,132730,19660620,   28,    0
  4970,132730,19660621,   21,    0
  4970,132730,19660622,    0,    0
  4970,132730,19660623,    2,    0
  4970,132730,19660624,   71,    0
  4970,132730,19660625,   69,    0
  4970,132730,19660626,  226,    0
  4970,132730,19660627,  112,    0
  4970,132730,19660628,   16,    0
  4970,132730,19660629,   28,    0
  4970,132730,19660630,    0,    0
  4970,132730,19660701,    0,    0
  4970,132730,19660702,    0,    0
  4970,132730,19660703,   20,    0
  4970,132730,19660704,  148,    0
  4970,132730,19660705,   81,    0
  4970,132730,19660706,  187,    0
  4970,132730,19660707,  127,    0
  4970,132730,19660708,   12,    0
  4970,132730,19660709,    3,    0
  4970,132730,19660710,    3,    0
  4970,132730,19660711,   26,    0
  4970,132730,19660712,    0,    0
  4970,132730,19660713,    0,    0
  4970,132730,19660714,    8,    0
  4970,132730,19660715,   10,    0
  4970,132730,19660716,   76,    0
  4970,132730,19660717,    2,    0
  4970,132730,19660718,   51,    0
  4970,132730,19660719,   27,    0
  4970,132730,19660720,    0,    0
  4970,132730,19660721,    1,    0
  4970,132730,19660722,  152,    0
  4970,132730,19660723,    0,    0
  4970,132730,19660724,   75,    0
  4970,132730,19660725,    0,    0
  4970,132730,19660726,    0,    0
  4970,132730,19660727,   34,    0
  4970,132730,19660728,    0,    0
  4970,132730,19660729,    2,    0
  4970,132730,19660730,   20,    0
  4970,132730,19660731,    0,    0
  4970,132730,19660801,   81,    0
  4970,132730,19660802,  119,    0
  4970,132730,19660803,    5,    0
  4970,132730,19660804,   30,    0
  4970,132730,19660805,   13,    0
  4970,132730,19660806,    0,    0
  4970,132730,19660807,    5,    0
  4970,132730,19660808,    0,    0
  4970,132730,19660809,    0,    0
  4970,132730,19660810,    0,    0
  4970,132730,19660811,    0,    0
  4970,132730,19660812,    0,    0
  4970,132730,19660813,    0,    0
  4970,132730,19660814,    0,    0
  4970,132730,19660815,    0,    0
  4970,132730,19660816,    0,    0
  4970,132730,19660817,    0,    0
  4970,132730,19660818,  302,    0
  4970,132730,19660819,   65,    0
  4970,132730,19660820,   69,    0
  4970,132730,19660821,  109,    0
  4970,132730,19660822,   76,    0
  4970,132730,19660823,    0,    0
  4970,132730,19660824,    7,    0
  4970,132730,19660825,    5,    0
  4970,132730,19660826,    0,    0
  4970,132730,19660827,    0,    0
  4970,132730,19660828,    0,    0
  4970,132730,19660829,   20,    0
  4970,132730,19660830,   10,    0
  4970,132730,19660831,    5,    0
  4970,132730,19660901,   69,    0
  4970,132730,19660902,   27,    0
  4970,132730,19660903,    0,    0
  4970,132730,19660904,   36,    0
  4970,132730,19660905,    0,    0
  4970,132730,19660906,    0,    0
  4970,132730,19660907,    0,    0
  4970,132730,19660908,    0,    0
  4970,132730,19660909,    0,    0
  4970,132730,19660910,    0,    0
  4970,132730,19660911,    0,    0
  4970,132730,19660912,   11,    0
  4970,132730,19660913,   28,    0
  4970,132730,19660914,    0,    0
  4970,132730,19660915,   60,    0
  4970,132730,19660916,    0,    0
  4970,132730,19660917,    0,    0
  4970,132730,19660918,    0,    0
  4970,132730,19660919,    0,    0
  4970,132730,19660920,    0,    0
  4970,132730,19660921,    0,    0
  4970,132730,19660922,    0,    0
  4970,132730,19660923,    0,    0
  4970,132730,19660924,    0,    0
  4970,132730,19660925,    0,    0
  4970,132730,19660926,    0,    0
  4970,132730,19660927,    0,    0
  4970,132730,19660928,    0,    0
  4970,132730,19660929,    0,    0
  4970,132730,19660930,   13,    0
  4970,132730,19661001,   41,    0
  4970,132730,19661002,   40,    0
  4970,132730,19661003,    0,    0
  4970,132730,19661004,    0,    0
  4970,132730,19661005,    0,    0
  4970,132730,19661006,    0,    0
  4970,132730,19661007,    0,    0
  4970,132730,19661008,    0,    0
  4970,132730,19661009,    5,    0
  4970,132730,19661010,   22,    0
  4970,132730,19661011,    0,    0
  4970,132730,19661012,   38,    0
  4970,132730,19661013,    5,    0
  4970,132730,19661014,    0,    0
  4970,132730,19661015,   23,    0
  4970,132730,19661016,    0,    0
  4970,132730,19661017,    1,    0
  4970,132730,19661018,    8,    0
  4970,132730,19661019,   31,    0
  4970,132730,19661020,   93,    0
  4970,132730,19661021,    2,    0
  4970,132730,19661022,   12,    0
  4970,132730,19661023,  252,    0
  4970,132730,19661024,  282,    0
  4970,132730,19661025,  158,    0
  4970,132730,19661026,   20,    0
  4970,132730,19661027,    4,    0
  4970,132730,19661028,   59,    0
  4970,132730,19661029,    0,    0
  4970,132730,19661030,    0,    0
  4970,132730,19661031,    0,    0
  4970,132730,19661101,    0,    0
  4970,132730,19661102,    0,    0
  4970,132730,19661103,   36,    0
  4970,132730,19661104,   12,    0
  4970,132730,19661105,   17,    0
  4970,132730,19661106,    0,    0
  4970,132730,19661107,    0,    0
  4970,132730,19661108,    0,    0
  4970,132730,19661109,  111,    0
  4970,132730,19661110,    2,    0
  4970,132730,19661111,    2,    0
  4970,132730,19661112,    0,    0
  4970,132730,19661113,    0,    0
  4970,132730,19661114,   10,    0
  4970,132730,19661115,  139,    0
  4970,132730,19661116,   63,    0
  4970,132730,19661117,    8,    0
  4970,132730,19661118,    5,    0
  4970,132730,19661119,   41,    0
  4970,132730,19661120,  135,    0
  4970,132730,19661121,   52,    0
  4970,132730,19661122,    3,    0
  4970,132730,19661123,    1,    0
  4970,132730,19661124,    1,    0
  4970,132730,19661125,    0,    0
  4970,132730,19661126,   31,    0
  4970,132730,19661127,   40,    0
  4970,132730,19661128,  197,    0
  4970,132730,19661129,    8,    0
  4970,132730,19661130,   47,    0
  4970,132730,19661201,  113,    0
  4970,132730,19661202,   24,    0
  4970,132730,19661203,   52,    0
  4970,132730,19661204,   15,    0
  4970,132730,19661205,   32,    0
  4970,132730,19661206,    0,    0
  4970,132730,19661207,    0,    0
  4970,132730,19661208,   39,    0
  4970,132730,19661209,   77,    0
  4970,132730,19661210,  179,    0
  4970,132730,19661211,   48,    0
  4970,132730,19661212,  182,    0
  4970,132730,19661213,   45,    0
  4970,132730,19661214,    8,    0
  4970,132730,19661215,    0,    0
  4970,132730,19661216,   14,    0
  4970,132730,19661217,   14,    0
  4970,132730,19661218,   20,    0
  4970,132730,19661219,   62,    0
  4970,132730,19661220,   39,    0
  4970,132730,19661221,   11,    0
  4970,132730,19661222,   68,    0
  4970,132730,19661223,   81,    0
  4970,132730,19661224,  104,    0
  4970,132730,19661225,    4,    0
  4970,132730,19661226,    0,    0
  4970,132730,19661227,    8,    0
  4970,132730,19661228,    9,    0
  4970,132730,19661229,  124,    0
  4970,132730,19661230,    4,    0
  4970,132730,19661231,   93,    0
