EUROPEAN CLIMATE ASSESSMENT & DATASET (ECA&D), file created on: 21-12-2020
THESE DATA CAN BE USED FOR NON-COMMERCIAL RESEARCH AND EDUCATION PROVIDED THAT THE FOLLOWING SOURCE IS ACKNOWLEDGED: 

Klein Tank, A.M.G. and Coauthors, 2002. Daily dataset of 20th-century surface
air temperature and precipitation series for the European Climate Assessment.
Int. J. of Climatol., 22, 1441-1453.
Data and metadata available at http://www.ecad.eu

FILE FORMAT (MISSING VALUE CODE = -9999):

01-06 STAID: Station identifier
08-13 SOUID: Source identifier
15-22 DATE : Date YYYYMMDD
24-28 SD   : Snow depth in 1 cm
30-34 Q_SD : quality code for SD (0='valid'; 1='suspect'; 9='missing')

This is the non-blended series (SOUID: 132731) of station Deuselbach, GERMANY (STAID:   4970)

 STAID,    SOUID,    DATE,   SD, Q_SD
  4970,132731,19610101,    9,    0
  4970,132731,19610102,    9,    0
  4970,132731,19610103,    0,    0
  4970,132731,19610104,    0,    0
  4970,132731,19610105,    4,    0
  4970,132731,19610106,    2,    0
  4970,132731,19610107,    5,    0
  4970,132731,19610108,    5,    0
  4970,132731,19610109,    0,    0
  4970,132731,19610110,    0,    0
  4970,132731,19610111,    0,    0
  4970,132731,19610112,    0,    0
  4970,132731,19610113,    0,    0
  4970,132731,19610114,    2,    0
  4970,132731,19610115,    2,    0
  4970,132731,19610116,    1,    0
  4970,132731,19610117,    0,    0
  4970,132731,19610118,    0,    0
  4970,132731,19610119,    0,    0
  4970,132731,19610120,    0,    0
  4970,132731,19610121,    0,    0
  4970,132731,19610122,    0,    0
  4970,132731,19610123,    0,    0
  4970,132731,19610124,    0,    0
  4970,132731,19610125,    0,    0
  4970,132731,19610126,    7,    0
  4970,132731,19610127,    7,    0
  4970,132731,19610128,    5,    0
  4970,132731,19610129,    0,    0
  4970,132731,19610130,    0,    0
  4970,132731,19610131,    0,    0
  4970,132731,19610201,    0,    0
  4970,132731,19610202,    1,    0
  4970,132731,19610203,    0,    0
  4970,132731,19610204,    1,    0
  4970,132731,19610205,    1,    0
  4970,132731,19610206,    0,    0
  4970,132731,19610207,    0,    0
  4970,132731,19610208,    0,    0
  4970,132731,19610209,    0,    0
  4970,132731,19610210,    0,    0
  4970,132731,19610211,    0,    0
  4970,132731,19610212,    0,    0
  4970,132731,19610213,    0,    0
  4970,132731,19610214,    0,    0
  4970,132731,19610215,    0,    0
  4970,132731,19610216,    0,    0
  4970,132731,19610217,    0,    0
  4970,132731,19610218,    0,    0
  4970,132731,19610219,    0,    0
  4970,132731,19610220,    0,    0
  4970,132731,19610221,    0,    0
  4970,132731,19610222,    0,    0
  4970,132731,19610223,    0,    0
  4970,132731,19610224,    0,    0
  4970,132731,19610225,    0,    0
  4970,132731,19610226,    0,    0
  4970,132731,19610227,    0,    0
  4970,132731,19610228,    0,    0
  4970,132731,19610301,    0,    0
  4970,132731,19610302,    0,    0
  4970,132731,19610303,    0,    0
  4970,132731,19610304,    0,    0
  4970,132731,19610305,    0,    0
  4970,132731,19610306,    0,    0
  4970,132731,19610307,    0,    0
  4970,132731,19610308,    0,    0
  4970,132731,19610309,    0,    0
  4970,132731,19610310,    0,    0
  4970,132731,19610311,    0,    0
  4970,132731,19610312,    0,    0
  4970,132731,19610313,    0,    0
  4970,132731,19610314,    0,    0
  4970,132731,19610315,    0,    0
  4970,132731,19610316,    0,    0
  4970,132731,19610317,    0,    0
  4970,132731,19610318,    0,    0
  4970,132731,19610319,    0,    0
  4970,132731,19610320,    0,    0
  4970,132731,19610321,    0,    0
  4970,132731,19610322,    0,    0
  4970,132731,19610323,    0,    0
  4970,132731,19610324,    0,    0
  4970,132731,19610325,    0,    0
  4970,132731,19610326,    0,    0
  4970,132731,19610327,    0,    0
  4970,132731,19610328,    0,    0
  4970,132731,19610329,    0,    0
  4970,132731,19610330,    0,    0
  4970,132731,19610331,    0,    0
  4970,132731,19610401,    0,    0
  4970,132731,19610402,    0,    0
  4970,132731,19610403,    0,    0
  4970,132731,19610404,    0,    0
  4970,132731,19610405,    0,    0
  4970,132731,19610406,    0,    0
  4970,132731,19610407,    0,    0
  4970,132731,19610408,    0,    0
  4970,132731,19610409,    0,    0
  4970,132731,19610410,    0,    0
  4970,132731,19610411,    0,    0
  4970,132731,19610412,    0,    0
  4970,132731,19610413,    0,    0
  4970,132731,19610414,    0,    0
  4970,132731,19610415,    0,    0
  4970,132731,19610416,    0,    0
  4970,132731,19610417,    0,    0
  4970,132731,19610418,    0,    0
  4970,132731,19610419,    0,    0
  4970,132731,19610420,    0,    0
  4970,132731,19610421,    0,    0
  4970,132731,19610422,    0,    0
  4970,132731,19610423,    0,    0
  4970,132731,19610424,    0,    0
  4970,132731,19610425,    0,    0
  4970,132731,19610426,    0,    0
  4970,132731,19610427,    0,    0
  4970,132731,19610428,    0,    0
  4970,132731,19610429,    0,    0
  4970,132731,19610430,    0,    0
  4970,132731,19610501,    0,    0
  4970,132731,19610502,    0,    0
  4970,132731,19610503,    0,    0
  4970,132731,19610504,    0,    0
  4970,132731,19610505,    0,    0
  4970,132731,19610506,    0,    0
  4970,132731,19610507,    0,    0
  4970,132731,19610508,    0,    0
  4970,132731,19610509,    0,    0
  4970,132731,19610510,    0,    0
  4970,132731,19610511,    0,    0
  4970,132731,19610512,    0,    0
  4970,132731,19610513,    0,    0
  4970,132731,19610514,    0,    0
  4970,132731,19610515,    0,    0
  4970,132731,19610516,    0,    0
  4970,132731,19610517,    0,    0
  4970,132731,19610518,    0,    0
  4970,132731,19610519,    0,    0
  4970,132731,19610520,    0,    0
  4970,132731,19610521,    0,    0
  4970,132731,19610522,    0,    0
  4970,132731,19610523,    0,    0
  4970,132731,19610524,    0,    0
  4970,132731,19610525,    0,    0
  4970,132731,19610526,    0,    0
  4970,132731,19610527,    0,    0
  4970,132731,19610528,    0,    0
  4970,132731,19610529,    0,    0
  4970,132731,19610530,    0,    0
  4970,132731,19610531,    0,    0
  4970,132731,19610601,    0,    0
  4970,132731,19610602,    0,    0
  4970,132731,19610603,    0,    0
  4970,132731,19610604,    0,    0
  4970,132731,19610605,    0,    0
  4970,132731,19610606,    0,    0
  4970,132731,19610607,    0,    0
  4970,132731,19610608,    0,    0
  4970,132731,19610609,    0,    0
  4970,132731,19610610,    0,    0
  4970,132731,19610611,    0,    0
  4970,132731,19610612,    0,    0
  4970,132731,19610613,    0,    0
  4970,132731,19610614,    0,    0
  4970,132731,19610615,    0,    0
  4970,132731,19610616,    0,    0
  4970,132731,19610617,    0,    0
  4970,132731,19610618,    0,    0
  4970,132731,19610619,    0,    0
  4970,132731,19610620,    0,    0
  4970,132731,19610621,    0,    0
  4970,132731,19610622,    0,    0
  4970,132731,19610623,    0,    0
  4970,132731,19610624,    0,    0
  4970,132731,19610625,    0,    0
  4970,132731,19610626,    0,    0
  4970,132731,19610627,    0,    0
  4970,132731,19610628,    0,    0
  4970,132731,19610629,    0,    0
  4970,132731,19610630,    0,    0
  4970,132731,19610701,    0,    0
  4970,132731,19610702,    0,    0
  4970,132731,19610703,    0,    0
  4970,132731,19610704,    0,    0
  4970,132731,19610705,    0,    0
  4970,132731,19610706,    0,    0
  4970,132731,19610707,    0,    0
  4970,132731,19610708,    0,    0
  4970,132731,19610709,    0,    0
  4970,132731,19610710,    0,    0
  4970,132731,19610711,    0,    0
  4970,132731,19610712,    0,    0
  4970,132731,19610713,    0,    0
  4970,132731,19610714,    0,    0
  4970,132731,19610715,    0,    0
  4970,132731,19610716,    0,    0
  4970,132731,19610717,    0,    0
  4970,132731,19610718,    0,    0
  4970,132731,19610719,    0,    0
  4970,132731,19610720,    0,    0
  4970,132731,19610721,    0,    0
  4970,132731,19610722,    0,    0
  4970,132731,19610723,    0,    0
  4970,132731,19610724,    0,    0
  4970,132731,19610725,    0,    0
  4970,132731,19610726,    0,    0
  4970,132731,19610727,    0,    0
  4970,132731,19610728,    0,    0
  4970,132731,19610729,    0,    0
  4970,132731,19610730,    0,    0
  4970,132731,19610731,    0,    0
  4970,132731,19610801,    0,    0
  4970,132731,19610802,    0,    0
  4970,132731,19610803,    0,    0
  4970,132731,19610804,    0,    0
  4970,132731,19610805,    0,    0
  4970,132731,19610806,    0,    0
  4970,132731,19610807,    0,    0
  4970,132731,19610808,    0,    0
  4970,132731,19610809,    0,    0
  4970,132731,19610810,    0,    0
  4970,132731,19610811,    0,    0
  4970,132731,19610812,    0,    0
  4970,132731,19610813,    0,    0
  4970,132731,19610814,    0,    0
  4970,132731,19610815,    0,    0
  4970,132731,19610816,    0,    0
  4970,132731,19610817,    0,    0
  4970,132731,19610818,    0,    0
  4970,132731,19610819,    0,    0
  4970,132731,19610820,    0,    0
  4970,132731,19610821,    0,    0
  4970,132731,19610822,    0,    0
  4970,132731,19610823,    0,    0
  4970,132731,19610824,    0,    0
  4970,132731,19610825,    0,    0
  4970,132731,19610826,    0,    0
  4970,132731,19610827,    0,    0
  4970,132731,19610828,    0,    0
  4970,132731,19610829,    0,    0
  4970,132731,19610830,    0,    0
  4970,132731,19610831,    0,    0
  4970,132731,19610901,    0,    0
  4970,132731,19610902,    0,    0
  4970,132731,19610903,    0,    0
  4970,132731,19610904,    0,    0
  4970,132731,19610905,    0,    0
  4970,132731,19610906,    0,    0
  4970,132731,19610907,    0,    0
  4970,132731,19610908,    0,    0
  4970,132731,19610909,    0,    0
  4970,132731,19610910,    0,    0
  4970,132731,19610911,    0,    0
  4970,132731,19610912,    0,    0
  4970,132731,19610913,    0,    0
  4970,132731,19610914,    0,    0
  4970,132731,19610915,    0,    0
  4970,132731,19610916,    0,    0
  4970,132731,19610917,    0,    0
  4970,132731,19610918,    0,    0
  4970,132731,19610919,    0,    0
  4970,132731,19610920,    0,    0
  4970,132731,19610921,    0,    0
  4970,132731,19610922,    0,    0
  4970,132731,19610923,    0,    0
  4970,132731,19610924,    0,    0
  4970,132731,19610925,    0,    0
  4970,132731,19610926,    0,    0
  4970,132731,19610927,    0,    0
  4970,132731,19610928,    0,    0
  4970,132731,19610929,    0,    0
  4970,132731,19610930,    0,    0
  4970,132731,19611001,    0,    0
  4970,132731,19611002,    0,    0
  4970,132731,19611003,    0,    0
  4970,132731,19611004,    0,    0
  4970,132731,19611005,    0,    0
  4970,132731,19611006,    0,    0
  4970,132731,19611007,    0,    0
  4970,132731,19611008,    0,    0
  4970,132731,19611009,    0,    0
  4970,132731,19611010,    0,    0
  4970,132731,19611011,    0,    0
  4970,132731,19611012,    0,    0
  4970,132731,19611013,    0,    0
  4970,132731,19611014,    0,    0
  4970,132731,19611015,    0,    0
  4970,132731,19611016,    0,    0
  4970,132731,19611017,    0,    0
  4970,132731,19611018,    0,    0
  4970,132731,19611019,    0,    0
  4970,132731,19611020,    0,    0
  4970,132731,19611021,    0,    0
  4970,132731,19611022,    0,    0
  4970,132731,19611023,    0,    0
  4970,132731,19611024,    0,    0
  4970,132731,19611025,    0,    0
  4970,132731,19611026,    0,    0
  4970,132731,19611027,    0,    0
  4970,132731,19611028,    0,    0
  4970,132731,19611029,    0,    0
  4970,132731,19611030,    0,    0
  4970,132731,19611031,    0,    0
  4970,132731,19611101,    0,    0
  4970,132731,19611102,    0,    0
  4970,132731,19611103,    0,    0
  4970,132731,19611104,    0,    0
  4970,132731,19611105,    0,    0
  4970,132731,19611106,    0,    0
  4970,132731,19611107,    7,    0
  4970,132731,19611108,    0,    0
  4970,132731,19611109,    0,    0
  4970,132731,19611110,    0,    0
  4970,132731,19611111,    0,    0
  4970,132731,19611112,    0,    0
  4970,132731,19611113,    0,    0
  4970,132731,19611114,    0,    0
  4970,132731,19611115,    0,    0
  4970,132731,19611116,    0,    0
  4970,132731,19611117,    0,    0
  4970,132731,19611118,    0,    0
  4970,132731,19611119,    0,    0
  4970,132731,19611120,    0,    0
  4970,132731,19611121,    0,    0
  4970,132731,19611122,    0,    0
  4970,132731,19611123,    0,    0
  4970,132731,19611124,    0,    0
  4970,132731,19611125,    0,    0
  4970,132731,19611126,    0,    0
  4970,132731,19611127,    0,    0
  4970,132731,19611128,    0,    0
  4970,132731,19611129,    0,    0
  4970,132731,19611130,    0,    0
  4970,132731,19611201,    0,    0
  4970,132731,19611202,    0,    0
  4970,132731,19611203,    0,    0
  4970,132731,19611204,    0,    0
  4970,132731,19611205,    0,    0
  4970,132731,19611206,    0,    0
  4970,132731,19611207,    0,    0
  4970,132731,19611208,    0,    0
  4970,132731,19611209,    0,    0
  4970,132731,19611210,    0,    0
  4970,132731,19611211,    0,    0
  4970,132731,19611212,    0,    0
  4970,132731,19611213,    0,    0
  4970,132731,19611214,    0,    0
  4970,132731,19611215,    0,    0
  4970,132731,19611216,    0,    0
  4970,132731,19611217,    0,    0
  4970,132731,19611218,    0,    0
  4970,132731,19611219,    0,    0
  4970,132731,19611220,    0,    0
  4970,132731,19611221,    0,    0
  4970,132731,19611222,    0,    0
  4970,132731,19611223,    1,    0
  4970,132731,19611224,    0,    0
  4970,132731,19611225,    0,    0
  4970,132731,19611226,    0,    0
  4970,132731,19611227,    0,    0
  4970,132731,19611228,    0,    0
  4970,132731,19611229,    0,    0
  4970,132731,19611230,    0,    0
  4970,132731,19611231,    0,    0
  4970,132731,19620101,    0,    0
  4970,132731,19620102,    0,    0
  4970,132731,19620103,    0,    0
  4970,132731,19620104,    0,    0
  4970,132731,19620105,    0,    0
  4970,132731,19620106,    0,    0
  4970,132731,19620107,    0,    0
  4970,132731,19620108,    0,    0
  4970,132731,19620109,    0,    0
  4970,132731,19620110,    0,    0
  4970,132731,19620111,    0,    0
  4970,132731,19620112,    0,    0
  4970,132731,19620113,    0,    0
  4970,132731,19620114,    1,    0
  4970,132731,19620115,    2,    0
  4970,132731,19620116,    0,    0
  4970,132731,19620117,    0,    0
  4970,132731,19620118,    0,    0
  4970,132731,19620119,    0,    0
  4970,132731,19620120,    0,    0
  4970,132731,19620121,    0,    0
  4970,132731,19620122,    0,    0
  4970,132731,19620123,    0,    0
  4970,132731,19620124,    0,    0
  4970,132731,19620125,    0,    0
  4970,132731,19620126,    0,    0
  4970,132731,19620127,    0,    0
  4970,132731,19620128,    0,    0
  4970,132731,19620129,    0,    0
  4970,132731,19620130,    0,    0
  4970,132731,19620131,    0,    0
  4970,132731,19620201,    0,    0
  4970,132731,19620202,   12,    0
  4970,132731,19620203,   14,    0
  4970,132731,19620204,    9,    0
  4970,132731,19620205,    3,    0
  4970,132731,19620206,    0,    0
  4970,132731,19620207,    0,    0
  4970,132731,19620208,    0,    0
  4970,132731,19620209,    0,    0
  4970,132731,19620210,    0,    0
  4970,132731,19620211,    0,    0
  4970,132731,19620212,    0,    0
  4970,132731,19620213,    0,    0
  4970,132731,19620214,   12,    0
  4970,132731,19620215,   17,    0
  4970,132731,19620216,   18,    0
  4970,132731,19620217,    2,    0
  4970,132731,19620218,    1,    0
  4970,132731,19620219,    0,    0
  4970,132731,19620220,    0,    0
  4970,132731,19620221,    0,    0
  4970,132731,19620222,    0,    0
  4970,132731,19620223,    0,    0
  4970,132731,19620224,    0,    0
  4970,132731,19620225,    3,    0
  4970,132731,19620226,    0,    0
  4970,132731,19620227,    0,    0
  4970,132731,19620228,    0,    0
  4970,132731,19620301,    0,    0
  4970,132731,19620302,    1,    0
  4970,132731,19620303,    0,    0
  4970,132731,19620304,    4,    0
  4970,132731,19620305,   22,    0
  4970,132731,19620306,   26,    0
  4970,132731,19620307,   20,    0
  4970,132731,19620308,   18,    0
  4970,132731,19620309,   15,    0
  4970,132731,19620310,    0,    0
  4970,132731,19620311,    0,    0
  4970,132731,19620312,    0,    0
  4970,132731,19620313,    2,    0
  4970,132731,19620314,    4,    0
  4970,132731,19620315,    7,    0
  4970,132731,19620316,    4,    0
  4970,132731,19620317,    0,    0
  4970,132731,19620318,    1,    0
  4970,132731,19620319,    0,    0
  4970,132731,19620320,    0,    0
  4970,132731,19620321,    0,    0
  4970,132731,19620322,    0,    0
  4970,132731,19620323,    0,    0
  4970,132731,19620324,    0,    0
  4970,132731,19620325,    0,    0
  4970,132731,19620326,    0,    0
  4970,132731,19620327,    0,    0
  4970,132731,19620328,    0,    0
  4970,132731,19620329,    0,    0
  4970,132731,19620330,    0,    0
  4970,132731,19620331,    0,    0
  4970,132731,19620401,    0,    0
  4970,132731,19620402,    0,    0
  4970,132731,19620403,    0,    0
  4970,132731,19620404,    0,    0
  4970,132731,19620405,    0,    0
  4970,132731,19620406,    0,    0
  4970,132731,19620407,    0,    0
  4970,132731,19620408,    0,    0
  4970,132731,19620409,    0,    0
  4970,132731,19620410,    0,    0
  4970,132731,19620411,    0,    0
  4970,132731,19620412,    0,    0
  4970,132731,19620413,    0,    0
  4970,132731,19620414,    2,    0
  4970,132731,19620415,    4,    0
  4970,132731,19620416,    0,    0
  4970,132731,19620417,    0,    0
  4970,132731,19620418,    0,    0
  4970,132731,19620419,    0,    0
  4970,132731,19620420,    0,    0
  4970,132731,19620421,    0,    0
  4970,132731,19620422,    0,    0
  4970,132731,19620423,    0,    0
  4970,132731,19620424,    0,    0
  4970,132731,19620425,    0,    0
  4970,132731,19620426,    0,    0
  4970,132731,19620427,    0,    0
  4970,132731,19620428,    0,    0
  4970,132731,19620429,    0,    0
  4970,132731,19620430,    0,    0
  4970,132731,19620501,    0,    0
  4970,132731,19620502,    0,    0
  4970,132731,19620503,    0,    0
  4970,132731,19620504,    0,    0
  4970,132731,19620505,    0,    0
  4970,132731,19620506,    0,    0
  4970,132731,19620507,    0,    0
  4970,132731,19620508,    0,    0
  4970,132731,19620509,    0,    0
  4970,132731,19620510,    0,    0
  4970,132731,19620511,    0,    0
  4970,132731,19620512,    0,    0
  4970,132731,19620513,    0,    0
  4970,132731,19620514,    0,    0
  4970,132731,19620515,    0,    0
  4970,132731,19620516,    0,    0
  4970,132731,19620517,    0,    0
  4970,132731,19620518,    0,    0
  4970,132731,19620519,    0,    0
  4970,132731,19620520,    0,    0
  4970,132731,19620521,    0,    0
  4970,132731,19620522,    0,    0
  4970,132731,19620523,    0,    0
  4970,132731,19620524,    0,    0
  4970,132731,19620525,    0,    0
  4970,132731,19620526,    0,    0
  4970,132731,19620527,    0,    0
  4970,132731,19620528,    0,    0
  4970,132731,19620529,    0,    0
  4970,132731,19620530,    0,    0
  4970,132731,19620531,    0,    0
  4970,132731,19620601,    0,    0
  4970,132731,19620602,    0,    0
  4970,132731,19620603,    0,    0
  4970,132731,19620604,    0,    0
  4970,132731,19620605,    0,    0
  4970,132731,19620606,    0,    0
  4970,132731,19620607,    0,    0
  4970,132731,19620608,    0,    0
  4970,132731,19620609,    0,    0
  4970,132731,19620610,    0,    0
  4970,132731,19620611,    0,    0
  4970,132731,19620612,    0,    0
  4970,132731,19620613,    0,    0
  4970,132731,19620614,    0,    0
  4970,132731,19620615,    0,    0
  4970,132731,19620616,    0,    0
  4970,132731,19620617,    0,    0
  4970,132731,19620618,    0,    0
  4970,132731,19620619,    0,    0
  4970,132731,19620620,    0,    0
  4970,132731,19620621,    0,    0
  4970,132731,19620622,    0,    0
  4970,132731,19620623,    0,    0
  4970,132731,19620624,    0,    0
  4970,132731,19620625,    0,    0
  4970,132731,19620626,    0,    0
  4970,132731,19620627,    0,    0
  4970,132731,19620628,    0,    0
  4970,132731,19620629,    0,    0
  4970,132731,19620630,    0,    0
  4970,132731,19620701,    0,    0
  4970,132731,19620702,    0,    0
  4970,132731,19620703,    0,    0
  4970,132731,19620704,    0,    0
  4970,132731,19620705,    0,    0
  4970,132731,19620706,    0,    0
  4970,132731,19620707,    0,    0
  4970,132731,19620708,    0,    0
  4970,132731,19620709,    0,    0
  4970,132731,19620710,    0,    0
  4970,132731,19620711,    0,    0
  4970,132731,19620712,    0,    0
  4970,132731,19620713,    0,    0
  4970,132731,19620714,    0,    0
  4970,132731,19620715,    0,    0
  4970,132731,19620716,    0,    0
  4970,132731,19620717,    0,    0
  4970,132731,19620718,    0,    0
  4970,132731,19620719,    0,    0
  4970,132731,19620720,    0,    0
  4970,132731,19620721,    0,    0
  4970,132731,19620722,    0,    0
  4970,132731,19620723,    0,    0
  4970,132731,19620724,    0,    0
  4970,132731,19620725,    0,    0
  4970,132731,19620726,    0,    0
  4970,132731,19620727,    0,    0
  4970,132731,19620728,    0,    0
  4970,132731,19620729,    0,    0
  4970,132731,19620730,    0,    0
  4970,132731,19620731,    0,    0
  4970,132731,19620801,    0,    0
  4970,132731,19620802,    0,    0
  4970,132731,19620803,    0,    0
  4970,132731,19620804,    0,    0
  4970,132731,19620805,    0,    0
  4970,132731,19620806,    0,    0
  4970,132731,19620807,    0,    0
  4970,132731,19620808,    0,    0
  4970,132731,19620809,    0,    0
  4970,132731,19620810,    0,    0
  4970,132731,19620811,    0,    0
  4970,132731,19620812,    0,    0
  4970,132731,19620813,    0,    0
  4970,132731,19620814,    0,    0
  4970,132731,19620815,    0,    0
  4970,132731,19620816,    0,    0
  4970,132731,19620817,    0,    0
  4970,132731,19620818,    0,    0
  4970,132731,19620819,    0,    0
  4970,132731,19620820,    0,    0
  4970,132731,19620821,    0,    0
  4970,132731,19620822,    0,    0
  4970,132731,19620823,    0,    0
  4970,132731,19620824,    0,    0
  4970,132731,19620825,    0,    0
  4970,132731,19620826,    0,    0
  4970,132731,19620827,    0,    0
  4970,132731,19620828,    0,    0
  4970,132731,19620829,    0,    0
  4970,132731,19620830,    0,    0
  4970,132731,19620831,    0,    0
  4970,132731,19620901,    0,    0
  4970,132731,19620902,    0,    0
  4970,132731,19620903,    0,    0
  4970,132731,19620904,    0,    0
  4970,132731,19620905,    0,    0
  4970,132731,19620906,    0,    0
  4970,132731,19620907,    0,    0
  4970,132731,19620908,    0,    0
  4970,132731,19620909,    0,    0
  4970,132731,19620910,    0,    0
  4970,132731,19620911,    0,    0
  4970,132731,19620912,    0,    0
  4970,132731,19620913,    0,    0
  4970,132731,19620914,    0,    0
  4970,132731,19620915,    0,    0
  4970,132731,19620916,    0,    0
  4970,132731,19620917,    0,    0
  4970,132731,19620918,    0,    0
  4970,132731,19620919,    0,    0
  4970,132731,19620920,    0,    0
  4970,132731,19620921,    0,    0
  4970,132731,19620922,    0,    0
  4970,132731,19620923,    0,    0
  4970,132731,19620924,    0,    0
  4970,132731,19620925,    0,    0
  4970,132731,19620926,    0,    0
  4970,132731,19620927,    0,    0
  4970,132731,19620928,    0,    0
  4970,132731,19620929,    0,    0
  4970,132731,19620930,    0,    0
  4970,132731,19621001,    0,    0
  4970,132731,19621002,    0,    0
  4970,132731,19621003,    0,    0
  4970,132731,19621004,    0,    0
  4970,132731,19621005,    0,    0
  4970,132731,19621006,    0,    0
  4970,132731,19621007,    0,    0
  4970,132731,19621008,    0,    0
  4970,132731,19621009,    0,    0
  4970,132731,19621010,    0,    0
  4970,132731,19621011,    0,    0
  4970,132731,19621012,    0,    0
  4970,132731,19621013,    0,    0
  4970,132731,19621014,    0,    0
  4970,132731,19621015,    0,    0
  4970,132731,19621016,    0,    0
  4970,132731,19621017,    0,    0
  4970,132731,19621018,    0,    0
  4970,132731,19621019,    0,    0
  4970,132731,19621020,    0,    0
  4970,132731,19621021,    0,    0
  4970,132731,19621022,    0,    0
  4970,132731,19621023,    0,    0
  4970,132731,19621024,    0,    0
  4970,132731,19621025,    0,    0
  4970,132731,19621026,    0,    0
  4970,132731,19621027,    0,    0
  4970,132731,19621028,    0,    0
  4970,132731,19621029,    0,    0
  4970,132731,19621030,    0,    0
  4970,132731,19621031,    0,    0
  4970,132731,19621101,    0,    0
  4970,132731,19621102,    0,    0
  4970,132731,19621103,    0,    0
  4970,132731,19621104,    0,    0
  4970,132731,19621105,    0,    0
  4970,132731,19621106,    0,    0
  4970,132731,19621107,    0,    0
  4970,132731,19621108,    0,    0
  4970,132731,19621109,    0,    0
  4970,132731,19621110,    0,    0
  4970,132731,19621111,    0,    0
  4970,132731,19621112,    3,    0
  4970,132731,19621113,    0,    0
  4970,132731,19621114,    2,    0
  4970,132731,19621115,    0,    0
  4970,132731,19621116,    2,    0
  4970,132731,19621117,    0,    0
  4970,132731,19621118,    0,    0
  4970,132731,19621119,    0,    0
  4970,132731,19621120,    3,    0
  4970,132731,19621121,    2,    0
  4970,132731,19621122,   25,    0
  4970,132731,19621123,   28,    0
  4970,132731,19621124,   27,    0
  4970,132731,19621125,   24,    0
  4970,132731,19621126,   10,    0
  4970,132731,19621127,    0,    0
  4970,132731,19621128,    0,    0
  4970,132731,19621129,    0,    0
  4970,132731,19621130,    0,    0
  4970,132731,19621201,    0,    0
  4970,132731,19621202,    0,    0
  4970,132731,19621203,    0,    0
  4970,132731,19621204,    0,    0
  4970,132731,19621205,    0,    0
  4970,132731,19621206,    0,    0
  4970,132731,19621207,    0,    0
  4970,132731,19621208,    0,    0
  4970,132731,19621209,    0,    0
  4970,132731,19621210,    0,    0
  4970,132731,19621211,    0,    0
  4970,132731,19621212,    0,    0
  4970,132731,19621213,    0,    0
  4970,132731,19621214,    0,    0
  4970,132731,19621215,    0,    0
  4970,132731,19621216,    0,    0
  4970,132731,19621217,    0,    0
  4970,132731,19621218,    1,    0
  4970,132731,19621219,    1,    0
  4970,132731,19621220,    7,    0
  4970,132731,19621221,    8,    0
  4970,132731,19621222,    1,    0
  4970,132731,19621223,    0,    0
  4970,132731,19621224,    0,    0
  4970,132731,19621225,    1,    0
  4970,132731,19621226,    1,    0
  4970,132731,19621227,    1,    0
  4970,132731,19621228,    1,    0
  4970,132731,19621229,    1,    0
  4970,132731,19621230,    0,    0
  4970,132731,19621231,    0,    0
  4970,132731,19630101,    0,    0
  4970,132731,19630102,    2,    0
  4970,132731,19630103,    1,    0
  4970,132731,19630104,    2,    0
  4970,132731,19630105,    2,    0
  4970,132731,19630106,    3,    0
  4970,132731,19630107,    2,    0
  4970,132731,19630108,    2,    0
  4970,132731,19630109,    2,    0
  4970,132731,19630110,    2,    0
  4970,132731,19630111,    2,    0
  4970,132731,19630112,    2,    0
  4970,132731,19630113,    2,    0
  4970,132731,19630114,    2,    0
  4970,132731,19630115,    4,    0
  4970,132731,19630116,    5,    0
  4970,132731,19630117,    7,    0
  4970,132731,19630118,    7,    0
  4970,132731,19630119,    7,    0
  4970,132731,19630120,    7,    0
  4970,132731,19630121,    6,    0
  4970,132731,19630122,    5,    0
  4970,132731,19630123,    5,    0
  4970,132731,19630124,    5,    0
  4970,132731,19630125,    5,    0
  4970,132731,19630126,    5,    0
  4970,132731,19630127,    7,    0
  4970,132731,19630128,    7,    0
  4970,132731,19630129,   10,    0
  4970,132731,19630130,   11,    0
  4970,132731,19630131,   12,    0
  4970,132731,19630201,   12,    0
  4970,132731,19630202,   12,    0
  4970,132731,19630203,   12,    0
  4970,132731,19630204,   13,    0
  4970,132731,19630205,   13,    0
  4970,132731,19630206,   13,    0
  4970,132731,19630207,   12,    0
  4970,132731,19630208,    7,    0
  4970,132731,19630209,    5,    0
  4970,132731,19630210,    5,    0
  4970,132731,19630211,    3,    0
  4970,132731,19630212,    4,    0
  4970,132731,19630213,    8,    0
  4970,132731,19630214,    9,    0
  4970,132731,19630215,    9,    0
  4970,132731,19630216,   10,    0
  4970,132731,19630217,    7,    0
  4970,132731,19630218,    7,    0
  4970,132731,19630219,    6,    0
  4970,132731,19630220,   10,    0
  4970,132731,19630221,   18,    0
  4970,132731,19630222,   22,    0
  4970,132731,19630223,   20,    0
  4970,132731,19630224,   17,    0
  4970,132731,19630225,   15,    0
  4970,132731,19630226,   13,    0
  4970,132731,19630227,   11,    0
  4970,132731,19630228,   10,    0
  4970,132731,19630301,    9,    0
  4970,132731,19630302,    8,    0
  4970,132731,19630303,    6,    0
  4970,132731,19630304,    4,    0
  4970,132731,19630305,    2,    0
  4970,132731,19630306,    1,    0
  4970,132731,19630307,    0,    0
  4970,132731,19630308,    0,    0
  4970,132731,19630309,    0,    0
  4970,132731,19630310,    0,    0
  4970,132731,19630311,    0,    0
  4970,132731,19630312,    0,    0
  4970,132731,19630313,    0,    0
  4970,132731,19630314,    0,    0
  4970,132731,19630315,    0,    0
  4970,132731,19630316,    0,    0
  4970,132731,19630317,    0,    0
  4970,132731,19630318,    0,    0
  4970,132731,19630319,    0,    0
  4970,132731,19630320,    0,    0
  4970,132731,19630321,    0,    0
  4970,132731,19630322,    1,    0
  4970,132731,19630323,    0,    0
  4970,132731,19630324,    0,    0
  4970,132731,19630325,    0,    0
  4970,132731,19630326,    0,    0
  4970,132731,19630327,    0,    0
  4970,132731,19630328,    0,    0
  4970,132731,19630329,    0,    0
  4970,132731,19630330,    0,    0
  4970,132731,19630331,    0,    0
  4970,132731,19630401,    0,    0
  4970,132731,19630402,    0,    0
  4970,132731,19630403,    0,    0
  4970,132731,19630404,    0,    0
  4970,132731,19630405,    0,    0
  4970,132731,19630406,    0,    0
  4970,132731,19630407,    0,    0
  4970,132731,19630408,    0,    0
  4970,132731,19630409,    0,    0
  4970,132731,19630410,    0,    0
  4970,132731,19630411,    0,    0
  4970,132731,19630412,    0,    0
  4970,132731,19630413,    0,    0
  4970,132731,19630414,    0,    0
  4970,132731,19630415,    0,    0
  4970,132731,19630416,    0,    0
  4970,132731,19630417,    0,    0
  4970,132731,19630418,    0,    0
  4970,132731,19630419,    0,    0
  4970,132731,19630420,    0,    0
  4970,132731,19630421,    0,    0
  4970,132731,19630422,    0,    0
  4970,132731,19630423,    0,    0
  4970,132731,19630424,    0,    0
  4970,132731,19630425,    0,    0
  4970,132731,19630426,    0,    0
  4970,132731,19630427,    0,    0
  4970,132731,19630428,    0,    0
  4970,132731,19630429,    0,    0
  4970,132731,19630430,    0,    0
  4970,132731,19630501,    0,    0
  4970,132731,19630502,    0,    0
  4970,132731,19630503,    0,    0
  4970,132731,19630504,    0,    0
  4970,132731,19630505,    0,    0
  4970,132731,19630506,    0,    0
  4970,132731,19630507,    0,    0
  4970,132731,19630508,    0,    0
  4970,132731,19630509,    0,    0
  4970,132731,19630510,    0,    0
  4970,132731,19630511,    0,    0
  4970,132731,19630512,    0,    0
  4970,132731,19630513,    0,    0
  4970,132731,19630514,    0,    0
  4970,132731,19630515,    0,    0
  4970,132731,19630516,    0,    0
  4970,132731,19630517,    0,    0
  4970,132731,19630518,    0,    0
  4970,132731,19630519,    0,    0
  4970,132731,19630520,    0,    0
  4970,132731,19630521,    0,    0
  4970,132731,19630522,    0,    0
  4970,132731,19630523,    0,    0
  4970,132731,19630524,    0,    0
  4970,132731,19630525,    0,    0
  4970,132731,19630526,    0,    0
  4970,132731,19630527,    0,    0
  4970,132731,19630528,    0,    0
  4970,132731,19630529,    0,    0
  4970,132731,19630530,    0,    0
  4970,132731,19630531,    0,    0
  4970,132731,19630601,    0,    0
  4970,132731,19630602,    0,    0
  4970,132731,19630603,    0,    0
  4970,132731,19630604,    0,    0
  4970,132731,19630605,    0,    0
  4970,132731,19630606,    0,    0
  4970,132731,19630607,    0,    0
  4970,132731,19630608,    0,    0
  4970,132731,19630609,    0,    0
  4970,132731,19630610,    0,    0
  4970,132731,19630611,    0,    0
  4970,132731,19630612,    0,    0
  4970,132731,19630613,    0,    0
  4970,132731,19630614,    0,    0
  4970,132731,19630615,    0,    0
  4970,132731,19630616,    0,    0
  4970,132731,19630617,    0,    0
  4970,132731,19630618,    0,    0
  4970,132731,19630619,    0,    0
  4970,132731,19630620,    0,    0
  4970,132731,19630621,    0,    0
  4970,132731,19630622,    0,    0
  4970,132731,19630623,    0,    0
  4970,132731,19630624,    0,    0
  4970,132731,19630625,    0,    0
  4970,132731,19630626,    0,    0
  4970,132731,19630627,    0,    0
  4970,132731,19630628,    0,    0
  4970,132731,19630629,    0,    0
  4970,132731,19630630,    0,    0
  4970,132731,19630701,    0,    0
  4970,132731,19630702,    0,    0
  4970,132731,19630703,    0,    0
  4970,132731,19630704,    0,    0
  4970,132731,19630705,    0,    0
  4970,132731,19630706,    0,    0
  4970,132731,19630707,    0,    0
  4970,132731,19630708,    0,    0
  4970,132731,19630709,    0,    0
  4970,132731,19630710,    0,    0
  4970,132731,19630711,    0,    0
  4970,132731,19630712,    0,    0
  4970,132731,19630713,    0,    0
  4970,132731,19630714,    0,    0
  4970,132731,19630715,    0,    0
  4970,132731,19630716,    0,    0
  4970,132731,19630717,    0,    0
  4970,132731,19630718,    0,    0
  4970,132731,19630719,    0,    0
  4970,132731,19630720,    0,    0
  4970,132731,19630721,    0,    0
  4970,132731,19630722,    0,    0
  4970,132731,19630723,    0,    0
  4970,132731,19630724,    0,    0
  4970,132731,19630725,    0,    0
  4970,132731,19630726,    0,    0
  4970,132731,19630727,    0,    0
  4970,132731,19630728,    0,    0
  4970,132731,19630729,    0,    0
  4970,132731,19630730,    0,    0
  4970,132731,19630731,    0,    0
  4970,132731,19630801,    0,    0
  4970,132731,19630802,    0,    0
  4970,132731,19630803,    0,    0
  4970,132731,19630804,    0,    0
  4970,132731,19630805,    0,    0
  4970,132731,19630806,    0,    0
  4970,132731,19630807,    0,    0
  4970,132731,19630808,    0,    0
  4970,132731,19630809,    0,    0
  4970,132731,19630810,    0,    0
  4970,132731,19630811,    0,    0
  4970,132731,19630812,    0,    0
  4970,132731,19630813,    0,    0
  4970,132731,19630814,    0,    0
  4970,132731,19630815,    0,    0
  4970,132731,19630816,    0,    0
  4970,132731,19630817,    0,    0
  4970,132731,19630818,    0,    0
  4970,132731,19630819,    0,    0
  4970,132731,19630820,    0,    0
  4970,132731,19630821,    0,    0
  4970,132731,19630822,    0,    0
  4970,132731,19630823,    0,    0
  4970,132731,19630824,    0,    0
  4970,132731,19630825,    0,    0
  4970,132731,19630826,    0,    0
  4970,132731,19630827,    0,    0
  4970,132731,19630828,    0,    0
  4970,132731,19630829,    0,    0
  4970,132731,19630830,    0,    0
  4970,132731,19630831,    0,    0
  4970,132731,19630901,    0,    0
  4970,132731,19630902,    0,    0
  4970,132731,19630903,    0,    0
  4970,132731,19630904,    0,    0
  4970,132731,19630905,    0,    0
  4970,132731,19630906,    0,    0
  4970,132731,19630907,    0,    0
  4970,132731,19630908,    0,    0
  4970,132731,19630909,    0,    0
  4970,132731,19630910,    0,    0
  4970,132731,19630911,    0,    0
  4970,132731,19630912,    0,    0
  4970,132731,19630913,    0,    0
  4970,132731,19630914,    0,    0
  4970,132731,19630915,    0,    0
  4970,132731,19630916,    0,    0
  4970,132731,19630917,    0,    0
  4970,132731,19630918,    0,    0
  4970,132731,19630919,    0,    0
  4970,132731,19630920,    0,    0
  4970,132731,19630921,    0,    0
  4970,132731,19630922,    0,    0
  4970,132731,19630923,    0,    0
  4970,132731,19630924,    0,    0
  4970,132731,19630925,    0,    0
  4970,132731,19630926,    0,    0
  4970,132731,19630927,    0,    0
  4970,132731,19630928,    0,    0
  4970,132731,19630929,    0,    0
  4970,132731,19630930,    0,    0
  4970,132731,19631001,    0,    0
  4970,132731,19631002,    0,    0
  4970,132731,19631003,    0,    0
  4970,132731,19631004,    0,    0
  4970,132731,19631005,    0,    0
  4970,132731,19631006,    0,    0
  4970,132731,19631007,    0,    0
  4970,132731,19631008,    0,    0
  4970,132731,19631009,    0,    0
  4970,132731,19631010,    0,    0
  4970,132731,19631011,    0,    0
  4970,132731,19631012,    0,    0
  4970,132731,19631013,    0,    0
  4970,132731,19631014,    0,    0
  4970,132731,19631015,    0,    0
  4970,132731,19631016,    0,    0
  4970,132731,19631017,    0,    0
  4970,132731,19631018,    0,    0
  4970,132731,19631019,    0,    0
  4970,132731,19631020,    0,    0
  4970,132731,19631021,    0,    0
  4970,132731,19631022,    0,    0
  4970,132731,19631023,    0,    0
  4970,132731,19631024,    0,    0
  4970,132731,19631025,    0,    0
  4970,132731,19631026,    0,    0
  4970,132731,19631027,    0,    0
  4970,132731,19631028,    0,    0
  4970,132731,19631029,    0,    0
  4970,132731,19631030,    0,    0
  4970,132731,19631031,    0,    0
  4970,132731,19631101,    0,    0
  4970,132731,19631102,    0,    0
  4970,132731,19631103,    0,    0
  4970,132731,19631104,    0,    0
  4970,132731,19631105,    0,    0
  4970,132731,19631106,    0,    0
  4970,132731,19631107,    0,    0
  4970,132731,19631108,    0,    0
  4970,132731,19631109,    0,    0
  4970,132731,19631110,    0,    0
  4970,132731,19631111,    0,    0
  4970,132731,19631112,    0,    0
  4970,132731,19631113,    0,    0
  4970,132731,19631114,    0,    0
  4970,132731,19631115,    0,    0
  4970,132731,19631116,    0,    0
  4970,132731,19631117,    0,    0
  4970,132731,19631118,    0,    0
  4970,132731,19631119,    0,    0
  4970,132731,19631120,    0,    0
  4970,132731,19631121,    0,    0
  4970,132731,19631122,    0,    0
  4970,132731,19631123,    0,    0
  4970,132731,19631124,    0,    0
  4970,132731,19631125,    0,    0
  4970,132731,19631126,    0,    0
  4970,132731,19631127,    0,    0
  4970,132731,19631128,    0,    0
  4970,132731,19631129,    0,    0
  4970,132731,19631130,    0,    0
  4970,132731,19631201,    0,    0
  4970,132731,19631202,    0,    0
  4970,132731,19631203,    0,    0
  4970,132731,19631204,    0,    0
  4970,132731,19631205,    0,    0
  4970,132731,19631206,    0,    0
  4970,132731,19631207,    0,    0
  4970,132731,19631208,    0,    0
  4970,132731,19631209,    0,    0
  4970,132731,19631210,    0,    0
  4970,132731,19631211,    0,    0
  4970,132731,19631212,    0,    0
  4970,132731,19631213,    0,    0
  4970,132731,19631214,    4,    0
  4970,132731,19631215,    4,    0
  4970,132731,19631216,    2,    0
  4970,132731,19631217,    2,    0
  4970,132731,19631218,    3,    0
  4970,132731,19631219,    2,    0
  4970,132731,19631220,    2,    0
  4970,132731,19631221,    2,    0
  4970,132731,19631222,    2,    0
  4970,132731,19631223,    2,    0
  4970,132731,19631224,    2,    0
  4970,132731,19631225,    1,    0
  4970,132731,19631226,    1,    0
  4970,132731,19631227,    0,    0
  4970,132731,19631228,    0,    0
  4970,132731,19631229,    0,    0
  4970,132731,19631230,    0,    0
  4970,132731,19631231,    0,    0
  4970,132731,19640101,    0,    0
  4970,132731,19640102,    0,    0
  4970,132731,19640103,    0,    0
  4970,132731,19640104,    0,    0
  4970,132731,19640105,    0,    0
  4970,132731,19640106,    0,    0
  4970,132731,19640107,    0,    0
  4970,132731,19640108,    0,    0
  4970,132731,19640109,    0,    0
  4970,132731,19640110,    1,    0
  4970,132731,19640111,    6,    0
  4970,132731,19640112,    8,    0
  4970,132731,19640113,    6,    0
  4970,132731,19640114,    0,    0
  4970,132731,19640115,    0,    0
  4970,132731,19640116,    0,    0
  4970,132731,19640117,    0,    0
  4970,132731,19640118,    0,    0
  4970,132731,19640119,    0,    0
  4970,132731,19640120,    0,    0
  4970,132731,19640121,    0,    0
  4970,132731,19640122,    0,    0
  4970,132731,19640123,    0,    0
  4970,132731,19640124,    0,    0
  4970,132731,19640125,    0,    0
  4970,132731,19640126,    0,    0
  4970,132731,19640127,    0,    0
  4970,132731,19640128,    0,    0
  4970,132731,19640129,    1,    0
  4970,132731,19640130,    0,    0
  4970,132731,19640131,    1,    0
  4970,132731,19640201,    0,    0
  4970,132731,19640202,    0,    0
  4970,132731,19640203,    0,    0
  4970,132731,19640204,    0,    0
  4970,132731,19640205,    0,    0
  4970,132731,19640206,    0,    0
  4970,132731,19640207,    4,    0
  4970,132731,19640208,    6,    0
  4970,132731,19640209,    0,    0
  4970,132731,19640210,    0,    0
  4970,132731,19640211,    0,    0
  4970,132731,19640212,    0,    0
  4970,132731,19640213,    0,    0
  4970,132731,19640214,    0,    0
  4970,132731,19640215,    0,    0
  4970,132731,19640216,    0,    0
  4970,132731,19640217,    0,    0
  4970,132731,19640218,    3,    0
  4970,132731,19640219,    1,    0
  4970,132731,19640220,    1,    0
  4970,132731,19640221,    0,    0
  4970,132731,19640222,    0,    0
  4970,132731,19640223,    0,    0
  4970,132731,19640224,    0,    0
  4970,132731,19640225,    0,    0
  4970,132731,19640226,    0,    0
  4970,132731,19640227,    0,    0
  4970,132731,19640228,    0,    0
  4970,132731,19640229,    0,    0
  4970,132731,19640301,    0,    0
  4970,132731,19640302,    0,    0
  4970,132731,19640303,    0,    0
  4970,132731,19640304,    0,    0
  4970,132731,19640305,    0,    0
  4970,132731,19640306,    1,    0
  4970,132731,19640307,    0,    0
  4970,132731,19640308,    0,    0
  4970,132731,19640309,    0,    0
  4970,132731,19640310,    0,    0
  4970,132731,19640311,    0,    0
  4970,132731,19640312,    0,    0
  4970,132731,19640313,    0,    0
  4970,132731,19640314,    0,    0
  4970,132731,19640315,    0,    0
  4970,132731,19640316,    7,    0
  4970,132731,19640317,    6,    0
  4970,132731,19640318,    4,    0
  4970,132731,19640319,    2,    0
  4970,132731,19640320,    0,    0
  4970,132731,19640321,    0,    0
  4970,132731,19640322,    0,    0
  4970,132731,19640323,    0,    0
  4970,132731,19640324,    0,    0
  4970,132731,19640325,    0,    0
  4970,132731,19640326,    0,    0
  4970,132731,19640327,    0,    0
  4970,132731,19640328,    0,    0
  4970,132731,19640329,    0,    0
  4970,132731,19640330,    0,    0
  4970,132731,19640331,    0,    0
  4970,132731,19640401,    0,    0
  4970,132731,19640402,    0,    0
  4970,132731,19640403,    0,    0
  4970,132731,19640404,    0,    0
  4970,132731,19640405,    0,    0
  4970,132731,19640406,    0,    0
  4970,132731,19640407,    0,    0
  4970,132731,19640408,    0,    0
  4970,132731,19640409,    0,    0
  4970,132731,19640410,    0,    0
  4970,132731,19640411,    0,    0
  4970,132731,19640412,    0,    0
  4970,132731,19640413,    0,    0
  4970,132731,19640414,    0,    0
  4970,132731,19640415,    0,    0
  4970,132731,19640416,    0,    0
  4970,132731,19640417,    0,    0
  4970,132731,19640418,    0,    0
  4970,132731,19640419,    0,    0
  4970,132731,19640420,    0,    0
  4970,132731,19640421,    0,    0
  4970,132731,19640422,    0,    0
  4970,132731,19640423,    0,    0
  4970,132731,19640424,    0,    0
  4970,132731,19640425,    0,    0
  4970,132731,19640426,    0,    0
  4970,132731,19640427,    0,    0
  4970,132731,19640428,    0,    0
  4970,132731,19640429,    0,    0
  4970,132731,19640430,    0,    0
  4970,132731,19640501,    0,    0
  4970,132731,19640502,    0,    0
  4970,132731,19640503,    0,    0
  4970,132731,19640504,    0,    0
  4970,132731,19640505,    0,    0
  4970,132731,19640506,    0,    0
  4970,132731,19640507,    0,    0
  4970,132731,19640508,    0,    0
  4970,132731,19640509,    0,    0
  4970,132731,19640510,    0,    0
  4970,132731,19640511,    0,    0
  4970,132731,19640512,    0,    0
  4970,132731,19640513,    0,    0
  4970,132731,19640514,    0,    0
  4970,132731,19640515,    0,    0
  4970,132731,19640516,    0,    0
  4970,132731,19640517,    0,    0
  4970,132731,19640518,    0,    0
  4970,132731,19640519,    0,    0
  4970,132731,19640520,    0,    0
  4970,132731,19640521,    0,    0
  4970,132731,19640522,    0,    0
  4970,132731,19640523,    0,    0
  4970,132731,19640524,    0,    0
  4970,132731,19640525,    0,    0
  4970,132731,19640526,    0,    0
  4970,132731,19640527,    0,    0
  4970,132731,19640528,    0,    0
  4970,132731,19640529,    0,    0
  4970,132731,19640530,    0,    0
  4970,132731,19640531,    0,    0
  4970,132731,19640601,    0,    0
  4970,132731,19640602,    0,    0
  4970,132731,19640603,    0,    0
  4970,132731,19640604,    0,    0
  4970,132731,19640605,    0,    0
  4970,132731,19640606,    0,    0
  4970,132731,19640607,    0,    0
  4970,132731,19640608,    0,    0
  4970,132731,19640609,    0,    0
  4970,132731,19640610,    0,    0
  4970,132731,19640611,    0,    0
  4970,132731,19640612,    0,    0
  4970,132731,19640613,    0,    0
  4970,132731,19640614,    0,    0
  4970,132731,19640615,    0,    0
  4970,132731,19640616,    0,    0
  4970,132731,19640617,    0,    0
  4970,132731,19640618,    0,    0
  4970,132731,19640619,    0,    0
  4970,132731,19640620,    0,    0
  4970,132731,19640621,    0,    0
  4970,132731,19640622,    0,    0
  4970,132731,19640623,    0,    0
  4970,132731,19640624,    0,    0
  4970,132731,19640625,    0,    0
  4970,132731,19640626,    0,    0
  4970,132731,19640627,    0,    0
  4970,132731,19640628,    0,    0
  4970,132731,19640629,    0,    0
  4970,132731,19640630,    0,    0
  4970,132731,19640701,    0,    0
  4970,132731,19640702,    0,    0
  4970,132731,19640703,    0,    0
  4970,132731,19640704,    0,    0
  4970,132731,19640705,    0,    0
  4970,132731,19640706,    0,    0
  4970,132731,19640707,    0,    0
  4970,132731,19640708,    0,    0
  4970,132731,19640709,    0,    0
  4970,132731,19640710,    0,    0
  4970,132731,19640711,    0,    0
  4970,132731,19640712,    0,    0
  4970,132731,19640713,    0,    0
  4970,132731,19640714,    0,    0
  4970,132731,19640715,    0,    0
  4970,132731,19640716,    0,    0
  4970,132731,19640717,    0,    0
  4970,132731,19640718,    0,    0
  4970,132731,19640719,    0,    0
  4970,132731,19640720,    0,    0
  4970,132731,19640721,    0,    0
  4970,132731,19640722,    0,    0
  4970,132731,19640723,    0,    0
  4970,132731,19640724,    0,    0
  4970,132731,19640725,    0,    0
  4970,132731,19640726,    0,    0
  4970,132731,19640727,    0,    0
  4970,132731,19640728,    0,    0
  4970,132731,19640729,    0,    0
  4970,132731,19640730,    0,    0
  4970,132731,19640731,    0,    0
  4970,132731,19640801,    0,    0
  4970,132731,19640802,    0,    0
  4970,132731,19640803,    0,    0
  4970,132731,19640804,    0,    0
  4970,132731,19640805,    0,    0
  4970,132731,19640806,    0,    0
  4970,132731,19640807,    0,    0
  4970,132731,19640808,    0,    0
  4970,132731,19640809,    0,    0
  4970,132731,19640810,    0,    0
  4970,132731,19640811,    0,    0
  4970,132731,19640812,    0,    0
  4970,132731,19640813,    0,    0
  4970,132731,19640814,    0,    0
  4970,132731,19640815,    0,    0
  4970,132731,19640816,    0,    0
  4970,132731,19640817,    0,    0
  4970,132731,19640818,    0,    0
  4970,132731,19640819,    0,    0
  4970,132731,19640820,    0,    0
  4970,132731,19640821,    0,    0
  4970,132731,19640822,    0,    0
  4970,132731,19640823,    0,    0
  4970,132731,19640824,    0,    0
  4970,132731,19640825,    0,    0
  4970,132731,19640826,    0,    0
  4970,132731,19640827,    0,    0
  4970,132731,19640828,    0,    0
  4970,132731,19640829,    0,    0
  4970,132731,19640830,    0,    0
  4970,132731,19640831,    0,    0
  4970,132731,19640901,    0,    0
  4970,132731,19640902,    0,    0
  4970,132731,19640903,    0,    0
  4970,132731,19640904,    0,    0
  4970,132731,19640905,    0,    0
  4970,132731,19640906,    0,    0
  4970,132731,19640907,    0,    0
  4970,132731,19640908,    0,    0
  4970,132731,19640909,    0,    0
  4970,132731,19640910,    0,    0
  4970,132731,19640911,    0,    0
  4970,132731,19640912,    0,    0
  4970,132731,19640913,    0,    0
  4970,132731,19640914,    0,    0
  4970,132731,19640915,    0,    0
  4970,132731,19640916,    0,    0
  4970,132731,19640917,    0,    0
  4970,132731,19640918,    0,    0
  4970,132731,19640919,    0,    0
  4970,132731,19640920,    0,    0
  4970,132731,19640921,    0,    0
  4970,132731,19640922,    0,    0
  4970,132731,19640923,    0,    0
  4970,132731,19640924,    0,    0
  4970,132731,19640925,    0,    0
  4970,132731,19640926,    0,    0
  4970,132731,19640927,    0,    0
  4970,132731,19640928,    0,    0
  4970,132731,19640929,    0,    0
  4970,132731,19640930,    0,    0
  4970,132731,19641001,    0,    0
  4970,132731,19641002,    0,    0
  4970,132731,19641003,    0,    0
  4970,132731,19641004,    0,    0
  4970,132731,19641005,    0,    0
  4970,132731,19641006,    0,    0
  4970,132731,19641007,    0,    0
  4970,132731,19641008,    0,    0
  4970,132731,19641009,    0,    0
  4970,132731,19641010,    0,    0
  4970,132731,19641011,    0,    0
  4970,132731,19641012,    0,    0
  4970,132731,19641013,    0,    0
  4970,132731,19641014,    0,    0
  4970,132731,19641015,    0,    0
  4970,132731,19641016,    0,    0
  4970,132731,19641017,    0,    0
  4970,132731,19641018,    0,    0
  4970,132731,19641019,    0,    0
  4970,132731,19641020,    0,    0
  4970,132731,19641021,    0,    0
  4970,132731,19641022,    0,    0
  4970,132731,19641023,    0,    0
  4970,132731,19641024,    0,    0
  4970,132731,19641025,    0,    0
  4970,132731,19641026,    0,    0
  4970,132731,19641027,    0,    0
  4970,132731,19641028,    0,    0
  4970,132731,19641029,    0,    0
  4970,132731,19641030,    0,    0
  4970,132731,19641031,    0,    0
  4970,132731,19641101,    0,    0
  4970,132731,19641102,    0,    0
  4970,132731,19641103,    0,    0
  4970,132731,19641104,    0,    0
  4970,132731,19641105,    0,    0
  4970,132731,19641106,    0,    0
  4970,132731,19641107,    0,    0
  4970,132731,19641108,    0,    0
  4970,132731,19641109,    0,    0
  4970,132731,19641110,    0,    0
  4970,132731,19641111,    0,    0
  4970,132731,19641112,    0,    0
  4970,132731,19641113,    0,    0
  4970,132731,19641114,    0,    0
  4970,132731,19641115,    0,    0
  4970,132731,19641116,    0,    0
  4970,132731,19641117,    0,    0
  4970,132731,19641118,    0,    0
  4970,132731,19641119,    0,    0
  4970,132731,19641120,    0,    0
  4970,132731,19641121,    0,    0
  4970,132731,19641122,    0,    0
  4970,132731,19641123,    0,    0
  4970,132731,19641124,    0,    0
  4970,132731,19641125,    0,    0
  4970,132731,19641126,    0,    0
  4970,132731,19641127,    0,    0
  4970,132731,19641128,    0,    0
  4970,132731,19641129,    0,    0
  4970,132731,19641130,    0,    0
  4970,132731,19641201,    0,    0
  4970,132731,19641202,    0,    0
  4970,132731,19641203,    0,    0
  4970,132731,19641204,    9,    0
  4970,132731,19641205,   15,    0
  4970,132731,19641206,   16,    0
  4970,132731,19641207,    5,    0
  4970,132731,19641208,    0,    0
  4970,132731,19641209,    0,    0
  4970,132731,19641210,    0,    0
  4970,132731,19641211,    0,    0
  4970,132731,19641212,    0,    0
  4970,132731,19641213,    0,    0
  4970,132731,19641214,    0,    0
  4970,132731,19641215,    0,    0
  4970,132731,19641216,    0,    0
  4970,132731,19641217,    0,    0
  4970,132731,19641218,    0,    0
  4970,132731,19641219,    0,    0
  4970,132731,19641220,    0,    0
  4970,132731,19641221,    0,    0
  4970,132731,19641222,    0,    0
  4970,132731,19641223,    0,    0
  4970,132731,19641224,    0,    0
  4970,132731,19641225,    0,    0
  4970,132731,19641226,   14,    0
  4970,132731,19641227,   14,    0
  4970,132731,19641228,   12,    0
  4970,132731,19641229,   15,    0
  4970,132731,19641230,   16,    0
  4970,132731,19641231,    0,    0
  4970,132731,19650101,    0,    0
  4970,132731,19650102,    2,    0
  4970,132731,19650103,    2,    0
  4970,132731,19650104,    5,    0
  4970,132731,19650105,    6,    0
  4970,132731,19650106,    5,    0
  4970,132731,19650107,    6,    0
  4970,132731,19650108,    4,    0
  4970,132731,19650109,    0,    0
  4970,132731,19650110,    0,    0
  4970,132731,19650111,    0,    0
  4970,132731,19650112,    0,    0
  4970,132731,19650113,    0,    0
  4970,132731,19650114,    0,    0
  4970,132731,19650115,    0,    0
  4970,132731,19650116,    1,    0
  4970,132731,19650117,    0,    0
  4970,132731,19650118,    1,    0
  4970,132731,19650119,    0,    0
  4970,132731,19650120,    0,    0
  4970,132731,19650121,    0,    0
  4970,132731,19650122,    0,    0
  4970,132731,19650123,    0,    0
  4970,132731,19650124,    0,    0
  4970,132731,19650125,    0,    0
  4970,132731,19650126,    6,    0
  4970,132731,19650127,   12,    0
  4970,132731,19650128,   11,    0
  4970,132731,19650129,    8,    0
  4970,132731,19650130,    0,    0
  4970,132731,19650131,    0,    0
  4970,132731,19650201,    8,    0
  4970,132731,19650202,    6,    0
  4970,132731,19650203,    5,    0
  4970,132731,19650204,    7,    0
  4970,132731,19650205,    5,    0
  4970,132731,19650206,    4,    0
  4970,132731,19650207,    4,    0
  4970,132731,19650208,    0,    0
  4970,132731,19650209,    1,    0
  4970,132731,19650210,    1,    0
  4970,132731,19650211,    3,    0
  4970,132731,19650212,    0,    0
  4970,132731,19650213,    0,    0
  4970,132731,19650214,    1,    0
  4970,132731,19650215,    5,    0
  4970,132731,19650216,    8,    0
  4970,132731,19650217,   10,    0
  4970,132731,19650218,   14,    0
  4970,132731,19650219,   15,    0
  4970,132731,19650220,   13,    0
  4970,132731,19650221,   14,    0
  4970,132731,19650222,   14,    0
  4970,132731,19650223,   12,    0
  4970,132731,19650224,    9,    0
  4970,132731,19650225,    8,    0
  4970,132731,19650226,    9,    0
  4970,132731,19650227,   13,    0
  4970,132731,19650228,   10,    0
  4970,132731,19650301,   10,    0
  4970,132731,19650302,   20,    0
  4970,132731,19650303,   23,    0
  4970,132731,19650304,   24,    0
  4970,132731,19650305,   24,    0
  4970,132731,19650306,   26,    0
  4970,132731,19650307,   25,    0
  4970,132731,19650308,   21,    0
  4970,132731,19650309,   19,    0
  4970,132731,19650310,   17,    0
  4970,132731,19650311,   15,    0
  4970,132731,19650312,    9,    0
  4970,132731,19650313,    6,    0
  4970,132731,19650314,    2,    0
  4970,132731,19650315,    0,    0
  4970,132731,19650316,    0,    0
  4970,132731,19650317,    0,    0
  4970,132731,19650318,    0,    0
  4970,132731,19650319,    0,    0
  4970,132731,19650320,    0,    0
  4970,132731,19650321,    0,    0
  4970,132731,19650322,    0,    0
  4970,132731,19650323,    0,    0
  4970,132731,19650324,    0,    0
  4970,132731,19650325,    0,    0
  4970,132731,19650326,    0,    0
  4970,132731,19650327,    0,    0
  4970,132731,19650328,    0,    0
  4970,132731,19650329,    0,    0
  4970,132731,19650330,    0,    0
  4970,132731,19650331,    0,    0
  4970,132731,19650401,    0,    0
  4970,132731,19650402,    0,    0
  4970,132731,19650403,    0,    0
  4970,132731,19650404,    0,    0
  4970,132731,19650405,    0,    0
  4970,132731,19650406,    0,    0
  4970,132731,19650407,    0,    0
  4970,132731,19650408,    0,    0
  4970,132731,19650409,    0,    0
  4970,132731,19650410,    0,    0
  4970,132731,19650411,    0,    0
  4970,132731,19650412,    0,    0
  4970,132731,19650413,    0,    0
  4970,132731,19650414,    0,    0
  4970,132731,19650415,    0,    0
  4970,132731,19650416,    0,    0
  4970,132731,19650417,    0,    0
  4970,132731,19650418,    0,    0
  4970,132731,19650419,    0,    0
  4970,132731,19650420,    6,    0
  4970,132731,19650421,    0,    0
  4970,132731,19650422,    0,    0
  4970,132731,19650423,    0,    0
  4970,132731,19650424,    0,    0
  4970,132731,19650425,    0,    0
  4970,132731,19650426,    0,    0
  4970,132731,19650427,    0,    0
  4970,132731,19650428,    0,    0
  4970,132731,19650429,    0,    0
  4970,132731,19650430,    0,    0
  4970,132731,19650501,    0,    0
  4970,132731,19650502,    0,    0
  4970,132731,19650503,    0,    0
  4970,132731,19650504,    0,    0
  4970,132731,19650505,    0,    0
  4970,132731,19650506,    0,    0
  4970,132731,19650507,    0,    0
  4970,132731,19650508,    0,    0
  4970,132731,19650509,    0,    0
  4970,132731,19650510,    0,    0
  4970,132731,19650511,    0,    0
  4970,132731,19650512,    0,    0
  4970,132731,19650513,    0,    0
  4970,132731,19650514,    0,    0
  4970,132731,19650515,    0,    0
  4970,132731,19650516,    0,    0
  4970,132731,19650517,    0,    0
  4970,132731,19650518,    0,    0
  4970,132731,19650519,    0,    0
  4970,132731,19650520,    0,    0
  4970,132731,19650521,    0,    0
  4970,132731,19650522,    0,    0
  4970,132731,19650523,    0,    0
  4970,132731,19650524,    0,    0
  4970,132731,19650525,    0,    0
  4970,132731,19650526,    0,    0
  4970,132731,19650527,    0,    0
  4970,132731,19650528,    0,    0
  4970,132731,19650529,    0,    0
  4970,132731,19650530,    0,    0
  4970,132731,19650531,    0,    0
  4970,132731,19650601,    0,    0
  4970,132731,19650602,    0,    0
  4970,132731,19650603,    0,    0
  4970,132731,19650604,    0,    0
  4970,132731,19650605,    0,    0
  4970,132731,19650606,    0,    0
  4970,132731,19650607,    0,    0
  4970,132731,19650608,    0,    0
  4970,132731,19650609,    0,    0
  4970,132731,19650610,    0,    0
  4970,132731,19650611,    0,    0
  4970,132731,19650612,    0,    0
  4970,132731,19650613,    0,    0
  4970,132731,19650614,    0,    0
  4970,132731,19650615,    0,    0
  4970,132731,19650616,    0,    0
  4970,132731,19650617,    0,    0
  4970,132731,19650618,    0,    0
  4970,132731,19650619,    0,    0
  4970,132731,19650620,    0,    0
  4970,132731,19650621,    0,    0
  4970,132731,19650622,    0,    0
  4970,132731,19650623,    0,    0
  4970,132731,19650624,    0,    0
  4970,132731,19650625,    0,    0
  4970,132731,19650626,    0,    0
  4970,132731,19650627,    0,    0
  4970,132731,19650628,    0,    0
  4970,132731,19650629,    0,    0
  4970,132731,19650630,    0,    0
  4970,132731,19650701,    0,    0
  4970,132731,19650702,    0,    0
  4970,132731,19650703,    0,    0
  4970,132731,19650704,    0,    0
  4970,132731,19650705,    0,    0
  4970,132731,19650706,    0,    0
  4970,132731,19650707,    0,    0
  4970,132731,19650708,    0,    0
  4970,132731,19650709,    0,    0
  4970,132731,19650710,    0,    0
  4970,132731,19650711,    0,    0
  4970,132731,19650712,    0,    0
  4970,132731,19650713,    0,    0
  4970,132731,19650714,    0,    0
  4970,132731,19650715,    0,    0
  4970,132731,19650716,    0,    0
  4970,132731,19650717,    0,    0
  4970,132731,19650718,    0,    0
  4970,132731,19650719,    0,    0
  4970,132731,19650720,    0,    0
  4970,132731,19650721,    0,    0
  4970,132731,19650722,    0,    0
  4970,132731,19650723,    0,    0
  4970,132731,19650724,    0,    0
  4970,132731,19650725,    0,    0
  4970,132731,19650726,    0,    0
  4970,132731,19650727,    0,    0
  4970,132731,19650728,    0,    0
  4970,132731,19650729,    0,    0
  4970,132731,19650730,    0,    0
  4970,132731,19650731,    0,    0
  4970,132731,19650801,    0,    0
  4970,132731,19650802,    0,    0
  4970,132731,19650803,    0,    0
  4970,132731,19650804,    0,    0
  4970,132731,19650805,    0,    0
  4970,132731,19650806,    0,    0
  4970,132731,19650807,    0,    0
  4970,132731,19650808,    0,    0
  4970,132731,19650809,    0,    0
  4970,132731,19650810,    0,    0
  4970,132731,19650811,    0,    0
  4970,132731,19650812,    0,    0
  4970,132731,19650813,    0,    0
  4970,132731,19650814,    0,    0
  4970,132731,19650815,    0,    0
  4970,132731,19650816,    0,    0
  4970,132731,19650817,    0,    0
  4970,132731,19650818,    0,    0
  4970,132731,19650819,    0,    0
  4970,132731,19650820,    0,    0
  4970,132731,19650821,    0,    0
  4970,132731,19650822,    0,    0
  4970,132731,19650823,    0,    0
  4970,132731,19650824,    0,    0
  4970,132731,19650825,    0,    0
  4970,132731,19650826,    0,    0
  4970,132731,19650827,    0,    0
  4970,132731,19650828,    0,    0
  4970,132731,19650829,    0,    0
  4970,132731,19650830,    0,    0
  4970,132731,19650831,    0,    0
  4970,132731,19650901,    0,    0
  4970,132731,19650902,    0,    0
  4970,132731,19650903,    0,    0
  4970,132731,19650904,    0,    0
  4970,132731,19650905,    0,    0
  4970,132731,19650906,    0,    0
  4970,132731,19650907,    0,    0
  4970,132731,19650908,    0,    0
  4970,132731,19650909,    0,    0
  4970,132731,19650910,    0,    0
  4970,132731,19650911,    0,    0
  4970,132731,19650912,    0,    0
  4970,132731,19650913,    0,    0
  4970,132731,19650914,    0,    0
  4970,132731,19650915,    0,    0
  4970,132731,19650916,    0,    0
  4970,132731,19650917,    0,    0
  4970,132731,19650918,    0,    0
  4970,132731,19650919,    0,    0
  4970,132731,19650920,    0,    0
  4970,132731,19650921,    0,    0
  4970,132731,19650922,    0,    0
  4970,132731,19650923,    0,    0
  4970,132731,19650924,    0,    0
  4970,132731,19650925,    0,    0
  4970,132731,19650926,    0,    0
  4970,132731,19650927,    0,    0
  4970,132731,19650928,    0,    0
  4970,132731,19650929,    0,    0
  4970,132731,19650930,    0,    0
  4970,132731,19651001,    0,    0
  4970,132731,19651002,    0,    0
  4970,132731,19651003,    0,    0
  4970,132731,19651004,    0,    0
  4970,132731,19651005,    0,    0
  4970,132731,19651006,    0,    0
  4970,132731,19651007,    0,    0
  4970,132731,19651008,    0,    0
  4970,132731,19651009,    0,    0
  4970,132731,19651010,    0,    0
  4970,132731,19651011,    0,    0
  4970,132731,19651012,    0,    0
  4970,132731,19651013,    0,    0
  4970,132731,19651014,    0,    0
  4970,132731,19651015,    0,    0
  4970,132731,19651016,    0,    0
  4970,132731,19651017,    0,    0
  4970,132731,19651018,    0,    0
  4970,132731,19651019,    0,    0
  4970,132731,19651020,    0,    0
  4970,132731,19651021,    0,    0
  4970,132731,19651022,    0,    0
  4970,132731,19651023,    0,    0
  4970,132731,19651024,    0,    0
  4970,132731,19651025,    0,    0
  4970,132731,19651026,    0,    0
  4970,132731,19651027,    0,    0
  4970,132731,19651028,    0,    0
  4970,132731,19651029,    0,    0
  4970,132731,19651030,    0,    0
  4970,132731,19651031,    0,    0
  4970,132731,19651101,    0,    0
  4970,132731,19651102,    0,    0
  4970,132731,19651103,    0,    0
  4970,132731,19651104,    0,    0
  4970,132731,19651105,    0,    0
  4970,132731,19651106,    0,    0
  4970,132731,19651107,    0,    0
  4970,132731,19651108,    0,    0
  4970,132731,19651109,    0,    0
  4970,132731,19651110,    0,    0
  4970,132731,19651111,    0,    0
  4970,132731,19651112,    0,    0
  4970,132731,19651113,    0,    0
  4970,132731,19651114,    3,    0
  4970,132731,19651115,    3,    0
  4970,132731,19651116,    5,    0
  4970,132731,19651117,    3,    0
  4970,132731,19651118,    0,    0
  4970,132731,19651119,    0,    0
  4970,132731,19651120,    0,    0
  4970,132731,19651121,    0,    0
  4970,132731,19651122,    3,    0
  4970,132731,19651123,    3,    0
  4970,132731,19651124,    6,    0
  4970,132731,19651125,    5,    0
  4970,132731,19651126,    1,    0
  4970,132731,19651127,    0,    0
  4970,132731,19651128,    0,    0
  4970,132731,19651129,    0,    0
  4970,132731,19651130,    0,    0
  4970,132731,19651201,    4,    0
  4970,132731,19651202,    4,    0
  4970,132731,19651203,    0,    0
  4970,132731,19651204,    0,    0
  4970,132731,19651205,    0,    0
  4970,132731,19651206,    0,    0
  4970,132731,19651207,    0,    0
  4970,132731,19651208,    0,    0
  4970,132731,19651209,    0,    0
  4970,132731,19651210,    0,    0
  4970,132731,19651211,    0,    0
  4970,132731,19651212,    0,    0
  4970,132731,19651213,    0,    0
  4970,132731,19651214,    0,    0
  4970,132731,19651215,    0,    0
  4970,132731,19651216,    0,    0
  4970,132731,19651217,    0,    0
  4970,132731,19651218,    0,    0
  4970,132731,19651219,    0,    0
  4970,132731,19651220,    0,    0
  4970,132731,19651221,    0,    0
  4970,132731,19651222,    0,    0
  4970,132731,19651223,    0,    0
  4970,132731,19651224,    0,    0
  4970,132731,19651225,    0,    0
  4970,132731,19651226,    0,    0
  4970,132731,19651227,    0,    0
  4970,132731,19651228,    2,    0
  4970,132731,19651229,    1,    0
  4970,132731,19651230,    1,    0
  4970,132731,19651231,    0,    0
  4970,132731,19660101,    0,    0
  4970,132731,19660102,    0,    0
  4970,132731,19660103,    0,    0
  4970,132731,19660104,    0,    0
  4970,132731,19660105,    0,    0
  4970,132731,19660106,    0,    0
  4970,132731,19660107,    0,    0
  4970,132731,19660108,    0,    0
  4970,132731,19660109,    0,    0
  4970,132731,19660110,    0,    0
  4970,132731,19660111,    0,    0
  4970,132731,19660112,    0,    0
  4970,132731,19660113,    0,    0
  4970,132731,19660114,    3,    0
  4970,132731,19660115,    3,    0
  4970,132731,19660116,    3,    0
  4970,132731,19660117,    3,    0
  4970,132731,19660118,    4,    0
  4970,132731,19660119,    3,    0
  4970,132731,19660120,    2,    0
  4970,132731,19660121,    0,    0
  4970,132731,19660122,    0,    0
  4970,132731,19660123,    0,    0
  4970,132731,19660124,    0,    0
  4970,132731,19660125,    0,    0
  4970,132731,19660126,    0,    0
  4970,132731,19660127,    0,    0
  4970,132731,19660128,    0,    0
  4970,132731,19660129,    0,    0
  4970,132731,19660130,    0,    0
  4970,132731,19660131,    0,    0
  4970,132731,19660201,    0,    0
  4970,132731,19660202,    0,    0
  4970,132731,19660203,    0,    0
  4970,132731,19660204,    0,    0
  4970,132731,19660205,    0,    0
  4970,132731,19660206,    0,    0
  4970,132731,19660207,    0,    0
  4970,132731,19660208,    0,    0
  4970,132731,19660209,    0,    0
  4970,132731,19660210,    0,    0
  4970,132731,19660211,    0,    0
  4970,132731,19660212,    0,    0
  4970,132731,19660213,    0,    0
  4970,132731,19660214,    0,    0
  4970,132731,19660215,    0,    0
  4970,132731,19660216,    0,    0
  4970,132731,19660217,    0,    0
  4970,132731,19660218,    0,    0
  4970,132731,19660219,    0,    0
  4970,132731,19660220,    0,    0
  4970,132731,19660221,    0,    0
  4970,132731,19660222,    0,    0
  4970,132731,19660223,    0,    0
  4970,132731,19660224,    0,    0
  4970,132731,19660225,    0,    0
  4970,132731,19660226,    0,    0
  4970,132731,19660227,    0,    0
  4970,132731,19660228,    0,    0
  4970,132731,19660301,    0,    0
  4970,132731,19660302,    0,    0
  4970,132731,19660303,    0,    0
  4970,132731,19660304,    0,    0
  4970,132731,19660305,    0,    0
  4970,132731,19660306,    0,    0
  4970,132731,19660307,    0,    0
  4970,132731,19660308,    0,    0
  4970,132731,19660309,    0,    0
  4970,132731,19660310,    0,    0
  4970,132731,19660311,    0,    0
  4970,132731,19660312,    3,    0
  4970,132731,19660313,    1,    0
  4970,132731,19660314,    2,    0
  4970,132731,19660315,    0,    0
  4970,132731,19660316,    0,    0
  4970,132731,19660317,    0,    0
  4970,132731,19660318,    0,    0
  4970,132731,19660319,    0,    0
  4970,132731,19660320,    0,    0
  4970,132731,19660321,    0,    0
  4970,132731,19660322,    0,    0
  4970,132731,19660323,    0,    0
  4970,132731,19660324,    1,    0
  4970,132731,19660325,    0,    0
  4970,132731,19660326,    0,    0
  4970,132731,19660327,    0,    0
  4970,132731,19660328,    0,    0
  4970,132731,19660329,    2,    0
  4970,132731,19660330,    0,    0
  4970,132731,19660331,    0,    0
  4970,132731,19660401,    0,    0
  4970,132731,19660402,    0,    0
  4970,132731,19660403,    0,    0
  4970,132731,19660404,    0,    0
  4970,132731,19660405,    0,    0
  4970,132731,19660406,    0,    0
  4970,132731,19660407,    0,    0
  4970,132731,19660408,    0,    0
  4970,132731,19660409,    0,    0
  4970,132731,19660410,    0,    0
  4970,132731,19660411,    0,    0
  4970,132731,19660412,    0,    0
  4970,132731,19660413,    0,    0
  4970,132731,19660414,    0,    0
  4970,132731,19660415,    0,    0
  4970,132731,19660416,    0,    0
  4970,132731,19660417,    0,    0
  4970,132731,19660418,    0,    0
  4970,132731,19660419,    0,    0
  4970,132731,19660420,    0,    0
  4970,132731,19660421,    0,    0
  4970,132731,19660422,    0,    0
  4970,132731,19660423,    0,    0
  4970,132731,19660424,    0,    0
  4970,132731,19660425,    0,    0
  4970,132731,19660426,    0,    0
  4970,132731,19660427,    0,    0
  4970,132731,19660428,    0,    0
  4970,132731,19660429,    0,    0
  4970,132731,19660430,    0,    0
  4970,132731,19660501,    0,    0
  4970,132731,19660502,    0,    0
  4970,132731,19660503,    0,    0
  4970,132731,19660504,    0,    0
  4970,132731,19660505,    0,    0
  4970,132731,19660506,    0,    0
  4970,132731,19660507,    0,    0
  4970,132731,19660508,    0,    0
  4970,132731,19660509,    0,    0
  4970,132731,19660510,    0,    0
  4970,132731,19660511,    0,    0
  4970,132731,19660512,    0,    0
  4970,132731,19660513,    0,    0
  4970,132731,19660514,    0,    0
  4970,132731,19660515,    0,    0
  4970,132731,19660516,    0,    0
  4970,132731,19660517,    0,    0
  4970,132731,19660518,    0,    0
  4970,132731,19660519,    0,    0
  4970,132731,19660520,    0,    0
  4970,132731,19660521,    0,    0
  4970,132731,19660522,    0,    0
  4970,132731,19660523,    0,    0
  4970,132731,19660524,    0,    0
  4970,132731,19660525,    0,    0
  4970,132731,19660526,    0,    0
  4970,132731,19660527,    0,    0
  4970,132731,19660528,    0,    0
  4970,132731,19660529,    0,    0
  4970,132731,19660530,    0,    0
  4970,132731,19660531,    0,    0
  4970,132731,19660601,    0,    0
  4970,132731,19660602,    0,    0
  4970,132731,19660603,    0,    0
  4970,132731,19660604,    0,    0
  4970,132731,19660605,    0,    0
  4970,132731,19660606,    0,    0
  4970,132731,19660607,    0,    0
  4970,132731,19660608,    0,    0
  4970,132731,19660609,    0,    0
  4970,132731,19660610,    0,    0
  4970,132731,19660611,    0,    0
  4970,132731,19660612,    0,    0
  4970,132731,19660613,    0,    0
  4970,132731,19660614,    0,    0
  4970,132731,19660615,    0,    0
  4970,132731,19660616,    0,    0
  4970,132731,19660617,    0,    0
  4970,132731,19660618,    0,    0
  4970,132731,19660619,    0,    0
  4970,132731,19660620,    0,    0
  4970,132731,19660621,    0,    0
  4970,132731,19660622,    0,    0
  4970,132731,19660623,    0,    0
  4970,132731,19660624,    0,    0
  4970,132731,19660625,    0,    0
  4970,132731,19660626,    0,    0
  4970,132731,19660627,    0,    0
  4970,132731,19660628,    0,    0
  4970,132731,19660629,    0,    0
  4970,132731,19660630,    0,    0
  4970,132731,19660701,    0,    0
  4970,132731,19660702,    0,    0
  4970,132731,19660703,    0,    0
  4970,132731,19660704,    0,    0
  4970,132731,19660705,    0,    0
  4970,132731,19660706,    0,    0
  4970,132731,19660707,    0,    0
  4970,132731,19660708,    0,    0
  4970,132731,19660709,    0,    0
  4970,132731,19660710,    0,    0
  4970,132731,19660711,    0,    0
  4970,132731,19660712,    0,    0
  4970,132731,19660713,    0,    0
  4970,132731,19660714,    0,    0
  4970,132731,19660715,    0,    0
  4970,132731,19660716,    0,    0
  4970,132731,19660717,    0,    0
  4970,132731,19660718,    0,    0
  4970,132731,19660719,    0,    0
  4970,132731,19660720,    0,    0
  4970,132731,19660721,    0,    0
  4970,132731,19660722,    0,    0
  4970,132731,19660723,    0,    0
  4970,132731,19660724,    0,    0
  4970,132731,19660725,    0,    0
  4970,132731,19660726,    0,    0
  4970,132731,19660727,    0,    0
  4970,132731,19660728,    0,    0
  4970,132731,19660729,    0,    0
  4970,132731,19660730,    0,    0
  4970,132731,19660731,    0,    0
  4970,132731,19660801,    0,    0
  4970,132731,19660802,    0,    0
  4970,132731,19660803,    0,    0
  4970,132731,19660804,    0,    0
  4970,132731,19660805,    0,    0
  4970,132731,19660806,    0,    0
  4970,132731,19660807,    0,    0
  4970,132731,19660808,    0,    0
  4970,132731,19660809,    0,    0
  4970,132731,19660810,    0,    0
  4970,132731,19660811,    0,    0
  4970,132731,19660812,    0,    0
  4970,132731,19660813,    0,    0
  4970,132731,19660814,    0,    0
  4970,132731,19660815,    0,    0
  4970,132731,19660816,    0,    0
  4970,132731,19660817,    0,    0
  4970,132731,19660818,    0,    0
  4970,132731,19660819,    0,    0
  4970,132731,19660820,    0,    0
  4970,132731,19660821,    0,    0
  4970,132731,19660822,    0,    0
  4970,132731,19660823,    0,    0
  4970,132731,19660824,    0,    0
  4970,132731,19660825,    0,    0
  4970,132731,19660826,    0,    0
  4970,132731,19660827,    0,    0
  4970,132731,19660828,    0,    0
  4970,132731,19660829,    0,    0
  4970,132731,19660830,    0,    0
  4970,132731,19660831,    0,    0
  4970,132731,19660901,    0,    0
  4970,132731,19660902,    0,    0
  4970,132731,19660903,    0,    0
  4970,132731,19660904,    0,    0
  4970,132731,19660905,    0,    0
  4970,132731,19660906,    0,    0
  4970,132731,19660907,    0,    0
  4970,132731,19660908,    0,    0
  4970,132731,19660909,    0,    0
  4970,132731,19660910,    0,    0
  4970,132731,19660911,    0,    0
  4970,132731,19660912,    0,    0
  4970,132731,19660913,    0,    0
  4970,132731,19660914,    0,    0
  4970,132731,19660915,    0,    0
  4970,132731,19660916,    0,    0
  4970,132731,19660917,    0,    0
  4970,132731,19660918,    0,    0
  4970,132731,19660919,    0,    0
  4970,132731,19660920,    0,    0
  4970,132731,19660921,    0,    0
  4970,132731,19660922,    0,    0
  4970,132731,19660923,    0,    0
  4970,132731,19660924,    0,    0
  4970,132731,19660925,    0,    0
  4970,132731,19660926,    0,    0
  4970,132731,19660927,    0,    0
  4970,132731,19660928,    0,    0
  4970,132731,19660929,    0,    0
  4970,132731,19660930,    0,    0
  4970,132731,19661001,    0,    0
  4970,132731,19661002,    0,    0
  4970,132731,19661003,    0,    0
  4970,132731,19661004,    0,    0
  4970,132731,19661005,    0,    0
  4970,132731,19661006,    0,    0
  4970,132731,19661007,    0,    0
  4970,132731,19661008,    0,    0
  4970,132731,19661009,    0,    0
  4970,132731,19661010,    0,    0
  4970,132731,19661011,    0,    0
  4970,132731,19661012,    0,    0
  4970,132731,19661013,    0,    0
  4970,132731,19661014,    0,    0
  4970,132731,19661015,    0,    0
  4970,132731,19661016,    0,    0
  4970,132731,19661017,    0,    0
  4970,132731,19661018,    0,    0
  4970,132731,19661019,    0,    0
  4970,132731,19661020,    0,    0
  4970,132731,19661021,    0,    0
  4970,132731,19661022,    0,    0
  4970,132731,19661023,    0,    0
  4970,132731,19661024,    0,    0
  4970,132731,19661025,    0,    0
  4970,132731,19661026,    0,    0
  4970,132731,19661027,    0,    0
  4970,132731,19661028,    0,    0
  4970,132731,19661029,    0,    0
  4970,132731,19661030,    0,    0
  4970,132731,19661031,    0,    0
  4970,132731,19661101,    0,    0
  4970,132731,19661102,    0,    0
  4970,132731,19661103,    0,    0
  4970,132731,19661104,    4,    0
  4970,132731,19661105,    4,    0
  4970,132731,19661106,    0,    0
  4970,132731,19661107,    0,    0
  4970,132731,19661108,    0,    0
  4970,132731,19661109,    0,    0
  4970,132731,19661110,    0,    0
  4970,132731,19661111,    0,    0
  4970,132731,19661112,    0,    0
  4970,132731,19661113,    0,    0
  4970,132731,19661114,    0,    0
  4970,132731,19661115,    0,    0
  4970,132731,19661116,    0,    0
  4970,132731,19661117,    0,    0
  4970,132731,19661118,    0,    0
  4970,132731,19661119,    0,    0
  4970,132731,19661120,    2,    0
  4970,132731,19661121,   10,    0
  4970,132731,19661122,    8,    0
  4970,132731,19661123,    4,    0
  4970,132731,19661124,    0,    0
  4970,132731,19661125,    0,    0
  4970,132731,19661126,    0,    0
  4970,132731,19661127,    0,    0
  4970,132731,19661128,    0,    0
  4970,132731,19661129,    3,    0
  4970,132731,19661130,    4,    0
  4970,132731,19661201,    3,    0
  4970,132731,19661202,    0,    0
  4970,132731,19661203,    0,    0
  4970,132731,19661204,   10,    0
  4970,132731,19661205,    4,    0
  4970,132731,19661206,    8,    0
  4970,132731,19661207,    8,    0
  4970,132731,19661208,    7,    0
  4970,132731,19661209,    4,    0
  4970,132731,19661210,    0,    0
  4970,132731,19661211,    0,    0
  4970,132731,19661212,    0,    0
  4970,132731,19661213,    0,    0
  4970,132731,19661214,    0,    0
  4970,132731,19661215,    1,    0
  4970,132731,19661216,    1,    0
  4970,132731,19661217,    0,    0
  4970,132731,19661218,    0,    0
  4970,132731,19661219,    0,    0
  4970,132731,19661220,    0,    0
  4970,132731,19661221,    2,    0
  4970,132731,19661222,    2,    0
  4970,132731,19661223,    0,    0
  4970,132731,19661224,    0,    0
  4970,132731,19661225,    1,    0
  4970,132731,19661226,    1,    0
  4970,132731,19661227,    1,    0
  4970,132731,19661228,    0,    0
  4970,132731,19661229,    0,    0
  4970,132731,19661230,    0,    0
  4970,132731,19661231,    0,    0
