EUROPEAN CLIMATE ASSESSMENT & DATASET (ECA&D), file created on: 21-12-2020
THESE DATA CAN BE USED FOR NON-COMMERCIAL RESEARCH AND EDUCATION PROVIDED THAT THE FOLLOWING SOURCE IS ACKNOWLEDGED: 

Klein Tank, A.M.G. and Coauthors, 2002. Daily dataset of 20th-century surface
air temperature and precipitation series for the European Climate Assessment.
Int. J. of Climatol., 22, 1441-1453.
Data and metadata available at http://www.ecad.eu

FILE FORMAT (MISSING VALUE CODE = -9999):

01-06 STAID: Station identifier
08-13 SOUID: Source identifier
15-22 DATE : Date YYYYMMDD
24-28 SS   : Sunshine in 0.1 Hours
30-34 Q_SS : quality code for SS (0='valid'; 1='suspect'; 9='missing')

This is the non-blended series (SOUID: 132728) of station Deuselbach, GERMANY (STAID:   4970)

 STAID,    SOUID,    DATE,   SS, Q_SS
  4970,132728,19610101,   17,    0
  4970,132728,19610102,    0,    0
  4970,132728,19610103,    8,    0
  4970,132728,19610104,    0,    0
  4970,132728,19610105,   23,    0
  4970,132728,19610106,    0,    0
  4970,132728,19610107,    0,    0
  4970,132728,19610108,    0,    0
  4970,132728,19610109,    0,    0
  4970,132728,19610110,    0,    0
  4970,132728,19610111,   15,    0
  4970,132728,19610112,   77,    0
  4970,132728,19610113,   11,    0
  4970,132728,19610114,    0,    0
  4970,132728,19610115,   12,    0
  4970,132728,19610116,   62,    0
  4970,132728,19610117,   77,    0
  4970,132728,19610118,   78,    0
  4970,132728,19610119,   78,    0
  4970,132728,19610120,    8,    0
  4970,132728,19610121,    7,    0
  4970,132728,19610122,   30,    0
  4970,132728,19610123,    0,    0
  4970,132728,19610124,    0,    0
  4970,132728,19610125,    0,    0
  4970,132728,19610126,    0,    0
  4970,132728,19610127,   48,    0
  4970,132728,19610128,   12,    0
  4970,132728,19610129,    9,    0
  4970,132728,19610130,    0,    0
  4970,132728,19610131,   24,    0
  4970,132728,19610201,    5,    0
  4970,132728,19610202,    1,    0
  4970,132728,19610203,   10,    0
  4970,132728,19610204,    3,    0
  4970,132728,19610205,   16,    0
  4970,132728,19610206,   15,    0
  4970,132728,19610207,    8,    0
  4970,132728,19610208,    4,    0
  4970,132728,19610209,   10,    0
  4970,132728,19610210,    7,    0
  4970,132728,19610211,    0,    0
  4970,132728,19610212,   13,    0
  4970,132728,19610213,    3,    0
  4970,132728,19610214,   97,    0
  4970,132728,19610215,   88,    0
  4970,132728,19610216,   90,    0
  4970,132728,19610217,   98,    0
  4970,132728,19610218,   95,    0
  4970,132728,19610219,   30,    0
  4970,132728,19610220,   90,    0
  4970,132728,19610221,   89,    0
  4970,132728,19610222,   94,    0
  4970,132728,19610223,   20,    0
  4970,132728,19610224,   32,    0
  4970,132728,19610225,   64,    0
  4970,132728,19610226,   71,    0
  4970,132728,19610227,    1,    0
  4970,132728,19610228,   24,    0
  4970,132728,19610301,   11,    0
  4970,132728,19610302,   20,    0
  4970,132728,19610303,   16,    0
  4970,132728,19610304,  106,    0
  4970,132728,19610305,  108,    0
  4970,132728,19610306,  102,    0
  4970,132728,19610307,  101,    0
  4970,132728,19610308,  108,    0
  4970,132728,19610309,  101,    0
  4970,132728,19610310,   97,    0
  4970,132728,19610311,   19,    0
  4970,132728,19610312,   77,    0
  4970,132728,19610313,    0,    0
  4970,132728,19610314,    2,    0
  4970,132728,19610315,   98,    0
  4970,132728,19610316,  110,    0
  4970,132728,19610317,  106,    0
  4970,132728,19610318,   21,    0
  4970,132728,19610319,   31,    0
  4970,132728,19610320,   63,    0
  4970,132728,19610321,   31,    0
  4970,132728,19610322,   52,    0
  4970,132728,19610323,    0,    0
  4970,132728,19610324,  109,    0
  4970,132728,19610325,  115,    0
  4970,132728,19610326,   82,    0
  4970,132728,19610327,   53,    0
  4970,132728,19610328,   49,    0
  4970,132728,19610329,   26,    0
  4970,132728,19610330,    0,    0
  4970,132728,19610331,   37,    0
  4970,132728,19610401,    0,    0
  4970,132728,19610402,    0,    0
  4970,132728,19610403,    8,    0
  4970,132728,19610404,   39,    0
  4970,132728,19610405,   95,    0
  4970,132728,19610406,   94,    0
  4970,132728,19610407,   67,    0
  4970,132728,19610408,   36,    0
  4970,132728,19610409,   75,    0
  4970,132728,19610410,   80,    0
  4970,132728,19610411,    0,    0
  4970,132728,19610412,   41,    0
  4970,132728,19610413,   98,    0
  4970,132728,19610414,    8,    0
  4970,132728,19610415,    0,    0
  4970,132728,19610416,   83,    0
  4970,132728,19610417,   20,    0
  4970,132728,19610418,    9,    0
  4970,132728,19610419,   22,    0
  4970,132728,19610420,   35,    0
  4970,132728,19610421,   14,    0
  4970,132728,19610422,    7,    0
  4970,132728,19610423,    6,    0
  4970,132728,19610424,    0,    0
  4970,132728,19610425,    9,    0
  4970,132728,19610426,   21,    0
  4970,132728,19610427,   20,    0
  4970,132728,19610428,   48,    0
  4970,132728,19610429,   53,    0
  4970,132728,19610430,    0,    0
  4970,132728,19610501,   20,    0
  4970,132728,19610502,   34,    0
  4970,132728,19610503,   48,    0
  4970,132728,19610504,   65,    0
  4970,132728,19610505,   41,    0
  4970,132728,19610506,   75,    0
  4970,132728,19610507,   23,    0
  4970,132728,19610508,   46,    0
  4970,132728,19610509,   24,    0
  4970,132728,19610510,   46,    0
  4970,132728,19610511,   54,    0
  4970,132728,19610512,   42,    0
  4970,132728,19610513,   61,    0
  4970,132728,19610514,   88,    0
  4970,132728,19610515,  133,    0
  4970,132728,19610516,  122,    0
  4970,132728,19610517,   75,    0
  4970,132728,19610518,  111,    0
  4970,132728,19610519,   77,    0
  4970,132728,19610520,    9,    0
  4970,132728,19610521,    7,    0
  4970,132728,19610522,   91,    0
  4970,132728,19610523,   93,    0
  4970,132728,19610524,  127,    0
  4970,132728,19610525,  112,    0
  4970,132728,19610526,    0,    0
  4970,132728,19610527,    2,    0
  4970,132728,19610528,   31,    0
  4970,132728,19610529,   22,    0
  4970,132728,19610530,   61,    0
  4970,132728,19610531,  104,    0
  4970,132728,19610601,   26,    0
  4970,132728,19610602,    0,    0
  4970,132728,19610603,    0,    0
  4970,132728,19610604,    0,    0
  4970,132728,19610605,   33,    0
  4970,132728,19610606,   21,    0
  4970,132728,19610607,    8,    0
  4970,132728,19610608,   46,    0
  4970,132728,19610609,    2,    0
  4970,132728,19610610,   62,    0
  4970,132728,19610611,   81,    0
  4970,132728,19610612,   52,    0
  4970,132728,19610613,   20,    0
  4970,132728,19610614,   81,    0
  4970,132728,19610615,  155,    0
  4970,132728,19610616,  118,    0
  4970,132728,19610617,   91,    0
  4970,132728,19610618,  129,    0
  4970,132728,19610619,   65,    0
  4970,132728,19610620,  121,    0
  4970,132728,19610621,  143,    0
  4970,132728,19610622,  126,    0
  4970,132728,19610623,  157,    0
  4970,132728,19610624,  162,    0
  4970,132728,19610625,  124,    0
  4970,132728,19610626,  112,    0
  4970,132728,19610627,   45,    0
  4970,132728,19610628,  110,    0
  4970,132728,19610629,  152,    0
  4970,132728,19610630,  155,    0
  4970,132728,19610701,  156,    0
  4970,132728,19610702,  149,    0
  4970,132728,19610703,  101,    0
  4970,132728,19610704,   35,    0
  4970,132728,19610705,   32,    0
  4970,132728,19610706,  127,    0
  4970,132728,19610707,  115,    0
  4970,132728,19610708,   27,    0
  4970,132728,19610709,   38,    0
  4970,132728,19610710,   30,    0
  4970,132728,19610711,  119,    0
  4970,132728,19610712,   81,    0
  4970,132728,19610713,   11,    0
  4970,132728,19610714,   32,    0
  4970,132728,19610715,   87,    0
  4970,132728,19610716,   18,    0
  4970,132728,19610717,   21,    0
  4970,132728,19610718,   32,    0
  4970,132728,19610719,   71,    0
  4970,132728,19610720,   17,    0
  4970,132728,19610721,  102,    0
  4970,132728,19610722,   40,    0
  4970,132728,19610723,   22,    0
  4970,132728,19610724,  125,    0
  4970,132728,19610725,  120,    0
  4970,132728,19610726,  121,    0
  4970,132728,19610727,    0,    0
  4970,132728,19610728,   16,    0
  4970,132728,19610729,   40,    0
  4970,132728,19610730,   36,    0
  4970,132728,19610731,   95,    0
  4970,132728,19610801,  118,    0
  4970,132728,19610802,   71,    0
  4970,132728,19610803,   79,    0
  4970,132728,19610804,   97,    0
  4970,132728,19610805,  134,    0
  4970,132728,19610806,   59,    0
  4970,132728,19610807,   65,    0
  4970,132728,19610808,   73,    0
  4970,132728,19610809,   72,    0
  4970,132728,19610810,    0,    0
  4970,132728,19610811,  104,    0
  4970,132728,19610812,   10,    0
  4970,132728,19610813,   99,    0
  4970,132728,19610814,   81,    0
  4970,132728,19610815,    1,    0
  4970,132728,19610816,   76,    0
  4970,132728,19610817,   51,    0
  4970,132728,19610818,   45,    0
  4970,132728,19610819,   30,    0
  4970,132728,19610820,   19,    0
  4970,132728,19610821,   85,    0
  4970,132728,19610822,   41,    0
  4970,132728,19610823,   13,    0
  4970,132728,19610824,   14,    0
  4970,132728,19610825,   54,    0
  4970,132728,19610826,   94,    0
  4970,132728,19610827,   87,    0
  4970,132728,19610828,  108,    0
  4970,132728,19610829,  130,    0
  4970,132728,19610830,  125,    0
  4970,132728,19610831,  126,    0
  4970,132728,19610901,  124,    0
  4970,132728,19610902,  120,    0
  4970,132728,19610903,  104,    0
  4970,132728,19610904,   82,    0
  4970,132728,19610905,   19,    0
  4970,132728,19610906,    0,    0
  4970,132728,19610907,   46,    0
  4970,132728,19610908,    0,    0
  4970,132728,19610909,   26,    0
  4970,132728,19610910,  114,    0
  4970,132728,19610911,   48,    0
  4970,132728,19610912,   51,    0
  4970,132728,19610913,   75,    0
  4970,132728,19610914,   19,    0
  4970,132728,19610915,  101,    0
  4970,132728,19610916,  118,    0
  4970,132728,19610917,  117,    0
  4970,132728,19610918,  109,    0
  4970,132728,19610919,  115,    0
  4970,132728,19610920,   91,    0
  4970,132728,19610921,    0,    0
  4970,132728,19610922,   76,    0
  4970,132728,19610923,  109,    0
  4970,132728,19610924,  105,    0
  4970,132728,19610925,   32,    0
  4970,132728,19610926,   82,    0
  4970,132728,19610927,   46,    0
  4970,132728,19610928,   51,    0
  4970,132728,19610929,   39,    0
  4970,132728,19610930,   15,    0
  4970,132728,19611001,   12,    0
  4970,132728,19611002,    0,    0
  4970,132728,19611003,    5,    0
  4970,132728,19611004,   38,    0
  4970,132728,19611005,   92,    0
  4970,132728,19611006,   77,    0
  4970,132728,19611007,   32,    0
  4970,132728,19611008,   40,    0
  4970,132728,19611009,  100,    0
  4970,132728,19611010,   98,    0
  4970,132728,19611011,   96,    0
  4970,132728,19611012,   97,    0
  4970,132728,19611013,   69,    0
  4970,132728,19611014,   98,    0
  4970,132728,19611015,   98,    0
  4970,132728,19611016,    0,    0
  4970,132728,19611017,    0,    0
  4970,132728,19611018,    1,    0
  4970,132728,19611019,    4,    0
  4970,132728,19611020,   78,    0
  4970,132728,19611021,   97,    0
  4970,132728,19611022,   54,    0
  4970,132728,19611023,    0,    0
  4970,132728,19611024,   61,    0
  4970,132728,19611025,    0,    0
  4970,132728,19611026,    0,    0
  4970,132728,19611027,    1,    0
  4970,132728,19611028,   62,    0
  4970,132728,19611029,   16,    0
  4970,132728,19611030,   77,    0
  4970,132728,19611031,   20,    0
  4970,132728,19611101,    2,    0
  4970,132728,19611102,   10,    0
  4970,132728,19611103,    1,    0
  4970,132728,19611104,    8,    0
  4970,132728,19611105,   17,    0
  4970,132728,19611106,   45,    0
  4970,132728,19611107,    0,    0
  4970,132728,19611108,    3,    0
  4970,132728,19611109,    0,    0
  4970,132728,19611110,    4,    0
  4970,132728,19611111,   34,    0
  4970,132728,19611112,    0,    0
  4970,132728,19611113,    0,    0
  4970,132728,19611114,    0,    0
  4970,132728,19611115,    0,    0
  4970,132728,19611116,    0,    0
  4970,132728,19611117,    3,    0
  4970,132728,19611118,   33,    0
  4970,132728,19611119,   35,    0
  4970,132728,19611120,   83,    0
  4970,132728,19611121,   83,    0
  4970,132728,19611122,   76,    0
  4970,132728,19611123,   60,    0
  4970,132728,19611124,    0,    0
  4970,132728,19611125,    0,    0
  4970,132728,19611126,    0,    0
  4970,132728,19611127,    3,    0
  4970,132728,19611128,    0,    0
  4970,132728,19611129,   61,    0
  4970,132728,19611130,    0,    0
  4970,132728,19611201,    0,    0
  4970,132728,19611202,   45,    0
  4970,132728,19611203,   18,    0
  4970,132728,19611204,    0,    0
  4970,132728,19611205,    8,    0
  4970,132728,19611206,   54,    0
  4970,132728,19611207,    0,    0
  4970,132728,19611208,   36,    0
  4970,132728,19611209,    0,    0
  4970,132728,19611210,    0,    0
  4970,132728,19611211,    0,    0
  4970,132728,19611212,    0,    0
  4970,132728,19611213,    0,    0
  4970,132728,19611214,    0,    0
  4970,132728,19611215,   64,    0
  4970,132728,19611216,   46,    0
  4970,132728,19611217,   75,    0
  4970,132728,19611218,   73,    0
  4970,132728,19611219,   76,    0
  4970,132728,19611220,    0,    0
  4970,132728,19611221,    0,    0
  4970,132728,19611222,    2,    0
  4970,132728,19611223,   14,    0
  4970,132728,19611224,   67,    0
  4970,132728,19611225,   74,    0
  4970,132728,19611226,    0,    0
  4970,132728,19611227,    0,    0
  4970,132728,19611228,    0,    0
  4970,132728,19611229,   32,    0
  4970,132728,19611230,    0,    0
  4970,132728,19611231,    0,    0
  4970,132728,19620101,    0,    0
  4970,132728,19620102,   41,    0
  4970,132728,19620103,   68,    0
  4970,132728,19620104,   62,    0
  4970,132728,19620105,   42,    0
  4970,132728,19620106,    0,    0
  4970,132728,19620107,    5,    0
  4970,132728,19620108,   41,    0
  4970,132728,19620109,    0,    0
  4970,132728,19620110,   22,    0
  4970,132728,19620111,    0,    0
  4970,132728,19620112,    0,    0
  4970,132728,19620113,    0,    0
  4970,132728,19620114,    0,    0
  4970,132728,19620115,    4,    0
  4970,132728,19620116,   10,    0
  4970,132728,19620117,    0,    0
  4970,132728,19620118,    0,    0
  4970,132728,19620119,   42,    0
  4970,132728,19620120,    0,    0
  4970,132728,19620121,    0,    0
  4970,132728,19620122,   22,    0
  4970,132728,19620123,    1,    0
  4970,132728,19620124,    1,    0
  4970,132728,19620125,    1,    0
  4970,132728,19620126,    0,    0
  4970,132728,19620127,    9,    0
  4970,132728,19620128,   12,    0
  4970,132728,19620129,   62,    0
  4970,132728,19620130,   61,    0
  4970,132728,19620131,   83,    0
  4970,132728,19620201,    0,    0
  4970,132728,19620202,   18,    0
  4970,132728,19620203,   27,    0
  4970,132728,19620204,    0,    0
  4970,132728,19620205,   11,    0
  4970,132728,19620206,    0,    0
  4970,132728,19620207,    0,    0
  4970,132728,19620208,    0,    0
  4970,132728,19620209,   46,    0
  4970,132728,19620210,   89,    0
  4970,132728,19620211,   75,    0
  4970,132728,19620212,    0,    0
  4970,132728,19620213,    2,    0
  4970,132728,19620214,    3,    0
  4970,132728,19620215,   48,    0
  4970,132728,19620216,    0,    0
  4970,132728,19620217,   31,    0
  4970,132728,19620218,   15,    0
  4970,132728,19620219,    0,    0
  4970,132728,19620220,    0,    0
  4970,132728,19620221,   65,    0
  4970,132728,19620222,   11,    0
  4970,132728,19620223,   62,    0
  4970,132728,19620224,   80,    0
  4970,132728,19620225,   58,    0
  4970,132728,19620226,   40,    0
  4970,132728,19620227,   18,    0
  4970,132728,19620228,   77,    0
  4970,132728,19620301,    0,    0
  4970,132728,19620302,   23,    0
  4970,132728,19620303,   16,    0
  4970,132728,19620304,    0,    0
  4970,132728,19620305,    0,    0
  4970,132728,19620306,   80,    0
  4970,132728,19620307,   97,    0
  4970,132728,19620308,   30,    0
  4970,132728,19620309,   24,    0
  4970,132728,19620310,   13,    0
  4970,132728,19620311,    2,    0
  4970,132728,19620312,   13,    0
  4970,132728,19620313,   60,    0
  4970,132728,19620314,   61,    0
  4970,132728,19620315,   45,    0
  4970,132728,19620316,   97,    0
  4970,132728,19620317,   35,    0
  4970,132728,19620318,   32,    0
  4970,132728,19620319,   87,    0
  4970,132728,19620320,  110,    0
  4970,132728,19620321,   18,    0
  4970,132728,19620322,   97,    0
  4970,132728,19620323,   81,    0
  4970,132728,19620324,  104,    0
  4970,132728,19620325,  114,    0
  4970,132728,19620326,   22,    0
  4970,132728,19620327,   27,    0
  4970,132728,19620328,   39,    0
  4970,132728,19620329,    0,    0
  4970,132728,19620330,    0,    0
  4970,132728,19620331,   38,    0
  4970,132728,19620401,   66,    0
  4970,132728,19620402,   36,    0
  4970,132728,19620403,   51,    0
  4970,132728,19620404,   48,    0
  4970,132728,19620405,   11,    0
  4970,132728,19620406,   31,    0
  4970,132728,19620407,    0,    0
  4970,132728,19620408,    7,    0
  4970,132728,19620409,   46,    0
  4970,132728,19620410,   13,    0
  4970,132728,19620411,   61,    0
  4970,132728,19620412,    0,    0
  4970,132728,19620413,   81,    0
  4970,132728,19620414,   25,    0
  4970,132728,19620415,    0,    0
  4970,132728,19620416,   45,    0
  4970,132728,19620417,    7,    0
  4970,132728,19620418,   35,    0
  4970,132728,19620419,   51,    0
  4970,132728,19620420,   49,    0
  4970,132728,19620421,   93,    0
  4970,132728,19620422,   39,    0
  4970,132728,19620423,  101,    0
  4970,132728,19620424,  104,    0
  4970,132728,19620425,  110,    0
  4970,132728,19620426,  118,    0
  4970,132728,19620427,   11,    0
  4970,132728,19620428,   70,    0
  4970,132728,19620429,   75,    0
  4970,132728,19620430,   73,    0
  4970,132728,19620501,  127,    0
  4970,132728,19620502,   65,    0
  4970,132728,19620503,   91,    0
  4970,132728,19620504,    5,    0
  4970,132728,19620505,   56,    0
  4970,132728,19620506,    0,    0
  4970,132728,19620507,   81,    0
  4970,132728,19620508,   32,    0
  4970,132728,19620509,   13,    0
  4970,132728,19620510,   90,    0
  4970,132728,19620511,   73,    0
  4970,132728,19620512,   55,    0
  4970,132728,19620513,   39,    0
  4970,132728,19620514,   15,    0
  4970,132728,19620515,    0,    0
  4970,132728,19620516,   60,    0
  4970,132728,19620517,   13,    0
  4970,132728,19620518,   87,    0
  4970,132728,19620519,   60,    0
  4970,132728,19620520,  108,    0
  4970,132728,19620521,   24,    0
  4970,132728,19620522,    6,    0
  4970,132728,19620523,   66,    0
  4970,132728,19620524,   62,    0
  4970,132728,19620525,   64,    0
  4970,132728,19620526,   15,    0
  4970,132728,19620527,   51,    0
  4970,132728,19620528,   43,    0
  4970,132728,19620529,   75,    0
  4970,132728,19620530,   68,    0
  4970,132728,19620531,  111,    0
  4970,132728,19620601,   24,    0
  4970,132728,19620602,  125,    0
  4970,132728,19620603,  113,    0
  4970,132728,19620604,  138,    0
  4970,132728,19620605,  130,    0
  4970,132728,19620606,  121,    0
  4970,132728,19620607,  135,    0
  4970,132728,19620608,  123,    0
  4970,132728,19620609,  141,    0
  4970,132728,19620610,  121,    0
  4970,132728,19620611,   17,    0
  4970,132728,19620612,   21,    0
  4970,132728,19620613,   97,    0
  4970,132728,19620614,  136,    0
  4970,132728,19620615,  101,    0
  4970,132728,19620616,  103,    0
  4970,132728,19620617,   67,    0
  4970,132728,19620618,   77,    0
  4970,132728,19620619,   87,    0
  4970,132728,19620620,   48,    0
  4970,132728,19620621,   42,    0
  4970,132728,19620622,  120,    0
  4970,132728,19620623,  140,    0
  4970,132728,19620624,  123,    0
  4970,132728,19620625,  106,    0
  4970,132728,19620626,  125,    0
  4970,132728,19620627,   33,    0
  4970,132728,19620628,   16,    0
  4970,132728,19620629,   67,    0
  4970,132728,19620630,   18,    0
  4970,132728,19620701,    0,    0
  4970,132728,19620702,    4,    0
  4970,132728,19620703,    2,    0
  4970,132728,19620704,   19,    0
  4970,132728,19620705,   25,    0
  4970,132728,19620706,   19,    0
  4970,132728,19620707,   42,    0
  4970,132728,19620708,  128,    0
  4970,132728,19620709,  109,    0
  4970,132728,19620710,   78,    0
  4970,132728,19620711,  110,    0
  4970,132728,19620712,   38,    0
  4970,132728,19620713,   13,    0
  4970,132728,19620714,   15,    0
  4970,132728,19620715,   37,    0
  4970,132728,19620716,   12,    0
  4970,132728,19620717,   88,    0
  4970,132728,19620718,   97,    0
  4970,132728,19620719,   40,    0
  4970,132728,19620720,   42,    0
  4970,132728,19620721,   32,    0
  4970,132728,19620722,  113,    0
  4970,132728,19620723,  100,    0
  4970,132728,19620724,  135,    0
  4970,132728,19620725,  117,    0
  4970,132728,19620726,   81,    0
  4970,132728,19620727,   94,    0
  4970,132728,19620728,   53,    0
  4970,132728,19620729,   95,    0
  4970,132728,19620730,  109,    0
  4970,132728,19620731,   97,    0
  4970,132728,19620801,  121,    0
  4970,132728,19620802,   97,    0
  4970,132728,19620803,   75,    0
  4970,132728,19620804,   67,    0
  4970,132728,19620805,   19,    0
  4970,132728,19620806,   38,    0
  4970,132728,19620807,   64,    0
  4970,132728,19620808,  110,    0
  4970,132728,19620809,  120,    0
  4970,132728,19620810,   23,    0
  4970,132728,19620811,   92,    0
  4970,132728,19620812,  134,    0
  4970,132728,19620813,  104,    0
  4970,132728,19620814,   50,    0
  4970,132728,19620815,   78,    0
  4970,132728,19620816,   29,    0
  4970,132728,19620817,   35,    0
  4970,132728,19620818,   73,    0
  4970,132728,19620819,  123,    0
  4970,132728,19620820,  119,    0
  4970,132728,19620821,   67,    0
  4970,132728,19620822,   76,    0
  4970,132728,19620823,   83,    0
  4970,132728,19620824,   12,    0
  4970,132728,19620825,   54,    0
  4970,132728,19620826,  123,    0
  4970,132728,19620827,   95,    0
  4970,132728,19620828,   65,    0
  4970,132728,19620829,   52,    0
  4970,132728,19620830,  131,    0
  4970,132728,19620831,  121,    0
  4970,132728,19620901,  129,    0
  4970,132728,19620902,  118,    0
  4970,132728,19620903,  105,    0
  4970,132728,19620904,    0,    0
  4970,132728,19620905,   68,    0
  4970,132728,19620906,    3,    0
  4970,132728,19620907,   40,    0
  4970,132728,19620908,   50,    0
  4970,132728,19620909,  120,    0
  4970,132728,19620910,  103,    0
  4970,132728,19620911,   32,    0
  4970,132728,19620912,   93,    0
  4970,132728,19620913,   18,    0
  4970,132728,19620914,  115,    0
  4970,132728,19620915,   86,    0
  4970,132728,19620916,    9,    0
  4970,132728,19620917,   48,    0
  4970,132728,19620918,    8,    0
  4970,132728,19620919,    0,    0
  4970,132728,19620920,   24,    0
  4970,132728,19620921,   39,    0
  4970,132728,19620922,    0,    0
  4970,132728,19620923,    0,    0
  4970,132728,19620924,   64,    0
  4970,132728,19620925,   87,    0
  4970,132728,19620926,   58,    0
  4970,132728,19620927,    0,    0
  4970,132728,19620928,    0,    0
  4970,132728,19620929,   49,    0
  4970,132728,19620930,   71,    0
  4970,132728,19621001,   82,    0
  4970,132728,19621002,  110,    0
  4970,132728,19621003,   87,    0
  4970,132728,19621004,   33,    0
  4970,132728,19621005,   93,    0
  4970,132728,19621006,   61,    0
  4970,132728,19621007,   99,    0
  4970,132728,19621008,   86,    0
  4970,132728,19621009,   98,    0
  4970,132728,19621010,   98,    0
  4970,132728,19621011,   95,    0
  4970,132728,19621012,   90,    0
  4970,132728,19621013,   79,    0
  4970,132728,19621014,   10,    0
  4970,132728,19621015,   36,    0
  4970,132728,19621016,   98,    0
  4970,132728,19621017,   63,    0
  4970,132728,19621018,   92,    0
  4970,132728,19621019,   36,    0
  4970,132728,19621020,    0,    0
  4970,132728,19621021,   96,    0
  4970,132728,19621022,   97,    0
  4970,132728,19621023,   65,    0
  4970,132728,19621024,   44,    0
  4970,132728,19621025,    0,    0
  4970,132728,19621026,   54,    0
  4970,132728,19621027,    0,    0
  4970,132728,19621028,    0,    0
  4970,132728,19621029,    7,    0
  4970,132728,19621030,    5,    0
  4970,132728,19621031,   26,    0
  4970,132728,19621101,    0,    0
  4970,132728,19621102,   74,    0
  4970,132728,19621103,   25,    0
  4970,132728,19621104,   64,    0
  4970,132728,19621105,   42,    0
  4970,132728,19621106,   34,    0
  4970,132728,19621107,   29,    0
  4970,132728,19621108,    1,    0
  4970,132728,19621109,    2,    0
  4970,132728,19621110,    0,    0
  4970,132728,19621111,    0,    0
  4970,132728,19621112,    0,    0
  4970,132728,19621113,    0,    0
  4970,132728,19621114,   58,    0
  4970,132728,19621115,    9,    0
  4970,132728,19621116,   21,    0
  4970,132728,19621117,   13,    0
  4970,132728,19621118,    0,    0
  4970,132728,19621119,   25,    0
  4970,132728,19621120,   45,    0
  4970,132728,19621121,    0,    0
  4970,132728,19621122,   41,    0
  4970,132728,19621123,    0,    0
  4970,132728,19621124,    0,    0
  4970,132728,19621125,   52,    0
  4970,132728,19621126,    0,    0
  4970,132728,19621127,    7,    0
  4970,132728,19621128,    0,    0
  4970,132728,19621129,    0,    0
  4970,132728,19621130,    0,    0
  4970,132728,19621201,   53,    0
  4970,132728,19621202,   76,    0
  4970,132728,19621203,   77,    0
  4970,132728,19621204,   77,    0
  4970,132728,19621205,   78,    0
  4970,132728,19621206,   76,    0
  4970,132728,19621207,   75,    0
  4970,132728,19621208,   70,    0
  4970,132728,19621209,    0,    0
  4970,132728,19621210,    5,    0
  4970,132728,19621211,    0,    0
  4970,132728,19621212,    0,    0
  4970,132728,19621213,    2,    0
  4970,132728,19621214,   11,    0
  4970,132728,19621215,    0,    0
  4970,132728,19621216,    0,    0
  4970,132728,19621217,    8,    0
  4970,132728,19621218,    0,    0
  4970,132728,19621219,    0,    0
  4970,132728,19621220,    0,    0
  4970,132728,19621221,    0,    0
  4970,132728,19621222,   13,    0
  4970,132728,19621223,   70,    0
  4970,132728,19621224,   64,    0
  4970,132728,19621225,    0,    0
  4970,132728,19621226,    0,    0
  4970,132728,19621227,    6,    0
  4970,132728,19621228,   56,    0
  4970,132728,19621229,    0,    0
  4970,132728,19621230,    0,    0
  4970,132728,19621231,    0,    0
  4970,132728,19630101,    0,    0
  4970,132728,19630102,    0,    0
  4970,132728,19630103,    0,    0
  4970,132728,19630104,    0,    0
  4970,132728,19630105,    0,    0
  4970,132728,19630106,   48,    0
  4970,132728,19630107,    3,    0
  4970,132728,19630108,    0,    0
  4970,132728,19630109,    0,    0
  4970,132728,19630110,   33,    0
  4970,132728,19630111,   75,    0
  4970,132728,19630112,   26,    0
  4970,132728,19630113,   78,    0
  4970,132728,19630114,    0,    0
  4970,132728,19630115,    9,    0
  4970,132728,19630116,    0,    0
  4970,132728,19630117,   72,    0
  4970,132728,19630118,   67,    0
  4970,132728,19630119,    8,    0
  4970,132728,19630120,   13,    0
  4970,132728,19630121,   82,    0
  4970,132728,19630122,   83,    0
  4970,132728,19630123,    0,    0
  4970,132728,19630124,   48,    0
  4970,132728,19630125,   76,    0
  4970,132728,19630126,    0,    0
  4970,132728,19630127,    0,    0
  4970,132728,19630128,    0,    0
  4970,132728,19630129,   24,    0
  4970,132728,19630130,    7,    0
  4970,132728,19630131,   66,    0
  4970,132728,19630201,   13,    0
  4970,132728,19630202,   51,    0
  4970,132728,19630203,    5,    0
  4970,132728,19630204,   29,    0
  4970,132728,19630205,   78,    0
  4970,132728,19630206,   78,    0
  4970,132728,19630207,    0,    0
  4970,132728,19630208,    3,    0
  4970,132728,19630209,    0,    0
  4970,132728,19630210,   32,    0
  4970,132728,19630211,   18,    0
  4970,132728,19630212,    0,    0
  4970,132728,19630213,    0,    0
  4970,132728,19630214,    9,    0
  4970,132728,19630215,    0,    0
  4970,132728,19630216,    0,    0
  4970,132728,19630217,    0,    0
  4970,132728,19630218,    2,    0
  4970,132728,19630219,    0,    0
  4970,132728,19630220,    0,    0
  4970,132728,19630221,    0,    0
  4970,132728,19630222,   65,    0
  4970,132728,19630223,   76,    0
  4970,132728,19630224,   85,    0
  4970,132728,19630225,   90,    0
  4970,132728,19630226,   98,    0
  4970,132728,19630227,   86,    0
  4970,132728,19630228,   96,    0
  4970,132728,19630301,   97,    0
  4970,132728,19630302,  102,    0
  4970,132728,19630303,  103,    0
  4970,132728,19630304,  100,    0
  4970,132728,19630305,   83,    0
  4970,132728,19630306,   38,    0
  4970,132728,19630307,   41,    0
  4970,132728,19630308,   62,    0
  4970,132728,19630309,   35,    0
  4970,132728,19630310,   21,    0
  4970,132728,19630311,   30,    0
  4970,132728,19630312,    7,    0
  4970,132728,19630313,    0,    0
  4970,132728,19630314,   11,    0
  4970,132728,19630315,   42,    0
  4970,132728,19630316,    1,    0
  4970,132728,19630317,   50,    0
  4970,132728,19630318,   29,    0
  4970,132728,19630319,   21,    0
  4970,132728,19630320,    0,    0
  4970,132728,19630321,    0,    0
  4970,132728,19630322,   12,    0
  4970,132728,19630323,   97,    0
  4970,132728,19630324,   74,    0
  4970,132728,19630325,   76,    0
  4970,132728,19630326,    0,    0
  4970,132728,19630327,    3,    0
  4970,132728,19630328,    0,    0
  4970,132728,19630329,   32,    0
  4970,132728,19630330,   27,    0
  4970,132728,19630331,    0,    0
  4970,132728,19630401,    0,    0
  4970,132728,19630402,   39,    0
  4970,132728,19630403,  112,    0
  4970,132728,19630404,   15,    0
  4970,132728,19630405,   59,    0
  4970,132728,19630406,   87,    0
  4970,132728,19630407,   55,    0
  4970,132728,19630408,   99,    0
  4970,132728,19630409,   11,    0
  4970,132728,19630410,    1,    0
  4970,132728,19630411,   42,    0
  4970,132728,19630412,    4,    0
  4970,132728,19630413,   77,    0
  4970,132728,19630414,  113,    0
  4970,132728,19630415,    7,    0
  4970,132728,19630416,    9,    0
  4970,132728,19630417,   55,    0
  4970,132728,19630418,   70,    0
  4970,132728,19630419,   35,    0
  4970,132728,19630420,   99,    0
  4970,132728,19630421,   37,    0
  4970,132728,19630422,   67,    0
  4970,132728,19630423,   84,    0
  4970,132728,19630424,   26,    0
  4970,132728,19630425,   16,    0
  4970,132728,19630426,   14,    0
  4970,132728,19630427,  121,    0
  4970,132728,19630428,    7,    0
  4970,132728,19630429,    0,    0
  4970,132728,19630430,   19,    0
  4970,132728,19630501,   22,    0
  4970,132728,19630502,    0,    0
  4970,132728,19630503,   74,    0
  4970,132728,19630504,   72,    0
  4970,132728,19630505,   22,    0
  4970,132728,19630506,   56,    0
  4970,132728,19630507,  107,    0
  4970,132728,19630508,  129,    0
  4970,132728,19630509,    0,    0
  4970,132728,19630510,   78,    0
  4970,132728,19630511,   86,    0
  4970,132728,19630512,  135,    0
  4970,132728,19630513,   65,    0
  4970,132728,19630514,   42,    0
  4970,132728,19630515,    3,    0
  4970,132728,19630516,    0,    0
  4970,132728,19630517,   57,    0
  4970,132728,19630518,   94,    0
  4970,132728,19630519,   82,    0
  4970,132728,19630520,   68,    0
  4970,132728,19630521,   52,    0
  4970,132728,19630522,   58,    0
  4970,132728,19630523,    2,    0
  4970,132728,19630524,   31,    0
  4970,132728,19630525,   63,    0
  4970,132728,19630526,   33,    0
  4970,132728,19630527,   72,    0
  4970,132728,19630528,   64,    0
  4970,132728,19630529,   36,    0
  4970,132728,19630530,  143,    0
  4970,132728,19630531,  145,    0
  4970,132728,19630601,  134,    0
  4970,132728,19630602,  144,    0
  4970,132728,19630603,  135,    0
  4970,132728,19630604,   74,    0
  4970,132728,19630605,   21,    0
  4970,132728,19630606,   76,    0
  4970,132728,19630607,    0,    0
  4970,132728,19630608,   56,    0
  4970,132728,19630609,   55,    0
  4970,132728,19630610,   88,    0
  4970,132728,19630611,   52,    0
  4970,132728,19630612,  132,    0
  4970,132728,19630613,   51,    0
  4970,132728,19630614,   41,    0
  4970,132728,19630615,   10,    0
  4970,132728,19630616,   57,    0
  4970,132728,19630617,    2,    0
  4970,132728,19630618,   24,    0
  4970,132728,19630619,   23,    0
  4970,132728,19630620,    0,    0
  4970,132728,19630621,    4,    0
  4970,132728,19630622,    7,    0
  4970,132728,19630623,   61,    0
  4970,132728,19630624,   75,    0
  4970,132728,19630625,   43,    0
  4970,132728,19630626,   15,    0
  4970,132728,19630627,   46,    0
  4970,132728,19630628,   32,    0
  4970,132728,19630629,  126,    0
  4970,132728,19630630,   35,    0
  4970,132728,19630701,   66,    0
  4970,132728,19630702,  120,    0
  4970,132728,19630703,   90,    0
  4970,132728,19630704,   81,    0
  4970,132728,19630705,   57,    0
  4970,132728,19630706,   85,    0
  4970,132728,19630707,  128,    0
  4970,132728,19630708,   81,    0
  4970,132728,19630709,   76,    0
  4970,132728,19630710,   63,    0
  4970,132728,19630711,   14,    0
  4970,132728,19630712,   25,    0
  4970,132728,19630713,   65,    0
  4970,132728,19630714,  129,    0
  4970,132728,19630715,  112,    0
  4970,132728,19630716,  122,    0
  4970,132728,19630717,  119,    0
  4970,132728,19630718,  132,    0
  4970,132728,19630719,  103,    0
  4970,132728,19630720,   66,    0
  4970,132728,19630721,  125,    0
  4970,132728,19630722,   62,    0
  4970,132728,19630723,  119,    0
  4970,132728,19630724,  118,    0
  4970,132728,19630725,   15,    0
  4970,132728,19630726,  110,    0
  4970,132728,19630727,  141,    0
  4970,132728,19630728,  121,    0
  4970,132728,19630729,  143,    0
  4970,132728,19630730,  140,    0
  4970,132728,19630731,  123,    0
  4970,132728,19630801,  121,    0
  4970,132728,19630802,   73,    0
  4970,132728,19630803,   39,    0
  4970,132728,19630804,   35,    0
  4970,132728,19630805,   94,    0
  4970,132728,19630806,   80,    0
  4970,132728,19630807,    0,    0
  4970,132728,19630808,    7,    0
  4970,132728,19630809,   22,    0
  4970,132728,19630810,   41,    0
  4970,132728,19630811,   28,    0
  4970,132728,19630812,   86,    0
  4970,132728,19630813,   51,    0
  4970,132728,19630814,   29,    0
  4970,132728,19630815,   52,    0
  4970,132728,19630816,   62,    0
  4970,132728,19630817,    3,    0
  4970,132728,19630818,    7,    0
  4970,132728,19630819,    3,    0
  4970,132728,19630820,   49,    0
  4970,132728,19630821,   13,    0
  4970,132728,19630822,    4,    0
  4970,132728,19630823,    9,    0
  4970,132728,19630824,   88,    0
  4970,132728,19630825,   31,    0
  4970,132728,19630826,  109,    0
  4970,132728,19630827,   23,    0
  4970,132728,19630828,   76,    0
  4970,132728,19630829,   57,    0
  4970,132728,19630830,   68,    0
  4970,132728,19630831,    2,    0
  4970,132728,19630901,   85,    0
  4970,132728,19630902,   94,    0
  4970,132728,19630903,   92,    0
  4970,132728,19630904,   76,    0
  4970,132728,19630905,   20,    0
  4970,132728,19630906,    3,    0
  4970,132728,19630907,   21,    0
  4970,132728,19630908,   75,    0
  4970,132728,19630909,   46,    0
  4970,132728,19630910,   55,    0
  4970,132728,19630911,   65,    0
  4970,132728,19630912,   29,    0
  4970,132728,19630913,   83,    0
  4970,132728,19630914,  111,    0
  4970,132728,19630915,  105,    0
  4970,132728,19630916,   96,    0
  4970,132728,19630917,   63,    0
  4970,132728,19630918,   98,    0
  4970,132728,19630919,   17,    0
  4970,132728,19630920,    0,    0
  4970,132728,19630921,    0,    0
  4970,132728,19630922,   53,    0
  4970,132728,19630923,   86,    0
  4970,132728,19630924,   19,    0
  4970,132728,19630925,   53,    0
  4970,132728,19630926,    0,    0
  4970,132728,19630927,   76,    0
  4970,132728,19630928,   40,    0
  4970,132728,19630929,    3,    0
  4970,132728,19630930,   14,    0
  4970,132728,19631001,    0,    0
  4970,132728,19631002,   16,    0
  4970,132728,19631003,   85,    0
  4970,132728,19631004,   18,    0
  4970,132728,19631005,   16,    0
  4970,132728,19631006,   33,    0
  4970,132728,19631007,    7,    0
  4970,132728,19631008,  101,    0
  4970,132728,19631009,    0,    0
  4970,132728,19631010,   45,    0
  4970,132728,19631011,   22,    0
  4970,132728,19631012,   75,    0
  4970,132728,19631013,   73,    0
  4970,132728,19631014,   34,    0
  4970,132728,19631015,   89,    0
  4970,132728,19631016,   39,    0
  4970,132728,19631017,   27,    0
  4970,132728,19631018,   44,    0
  4970,132728,19631019,   82,    0
  4970,132728,19631020,   67,    0
  4970,132728,19631021,   40,    0
  4970,132728,19631022,    0,    0
  4970,132728,19631023,    7,    0
  4970,132728,19631024,    1,    0
  4970,132728,19631025,   89,    0
  4970,132728,19631026,   59,    0
  4970,132728,19631027,   84,    0
  4970,132728,19631028,   83,    0
  4970,132728,19631029,   75,    0
  4970,132728,19631030,   72,    0
  4970,132728,19631031,    7,    0
  4970,132728,19631101,   50,    0
  4970,132728,19631102,   27,    0
  4970,132728,19631103,   17,    0
  4970,132728,19631104,   61,    0
  4970,132728,19631105,   66,    0
  4970,132728,19631106,    6,    0
  4970,132728,19631107,    0,    0
  4970,132728,19631108,    0,    0
  4970,132728,19631109,   15,    0
  4970,132728,19631110,    0,    0
  4970,132728,19631111,   21,    0
  4970,132728,19631112,    2,    0
  4970,132728,19631113,   16,    0
  4970,132728,19631114,   61,    0
  4970,132728,19631115,    5,    0
  4970,132728,19631116,    2,    0
  4970,132728,19631117,   13,    0
  4970,132728,19631118,    6,    0
  4970,132728,19631119,    0,    0
  4970,132728,19631120,    0,    0
  4970,132728,19631121,   57,    0
  4970,132728,19631122,    0,    0
  4970,132728,19631123,    6,    0
  4970,132728,19631124,   60,    0
  4970,132728,19631125,    0,    0
  4970,132728,19631126,   13,    0
  4970,132728,19631127,   34,    0
  4970,132728,19631128,    0,    0
  4970,132728,19631129,    0,    0
  4970,132728,19631130,   62,    0
  4970,132728,19631201,   58,    0
  4970,132728,19631202,    2,    0
  4970,132728,19631203,   47,    0
  4970,132728,19631204,    8,    0
  4970,132728,19631205,    0,    0
  4970,132728,19631206,   61,    0
  4970,132728,19631207,   69,    0
  4970,132728,19631208,   72,    0
  4970,132728,19631209,   68,    0
  4970,132728,19631210,    0,    0
  4970,132728,19631211,   56,    0
  4970,132728,19631212,    0,    0
  4970,132728,19631213,   16,    0
  4970,132728,19631214,    0,    0
  4970,132728,19631215,   45,    0
  4970,132728,19631216,    0,    0
  4970,132728,19631217,    0,    0
  4970,132728,19631218,   43,    0
  4970,132728,19631219,    1,    0
  4970,132728,19631220,   66,    0
  4970,132728,19631221,   71,    0
  4970,132728,19631222,   70,    0
  4970,132728,19631223,   57,    0
  4970,132728,19631224,   70,    0
  4970,132728,19631225,   73,    0
  4970,132728,19631226,    7,    0
  4970,132728,19631227,    3,    0
  4970,132728,19631228,    0,    0
  4970,132728,19631229,   57,    0
  4970,132728,19631230,    0,    0
  4970,132728,19631231,    0,    0
  4970,132728,19640101,   11,    0
  4970,132728,19640102,   73,    0
  4970,132728,19640103,   68,    0
  4970,132728,19640104,   75,    0
  4970,132728,19640105,    0,    0
  4970,132728,19640106,   46,    0
  4970,132728,19640107,   10,    0
  4970,132728,19640108,    0,    0
  4970,132728,19640109,    0,    0
  4970,132728,19640110,    0,    0
  4970,132728,19640111,    0,    0
  4970,132728,19640112,   20,    0
  4970,132728,19640113,    0,    0
  4970,132728,19640114,    0,    0
  4970,132728,19640115,   28,    0
  4970,132728,19640116,   76,    0
  4970,132728,19640117,   79,    0
  4970,132728,19640118,   79,    0
  4970,132728,19640119,    0,    0
  4970,132728,19640120,   51,    0
  4970,132728,19640121,   63,    0
  4970,132728,19640122,    0,    0
  4970,132728,19640123,    7,    0
  4970,132728,19640124,    0,    0
  4970,132728,19640125,    0,    0
  4970,132728,19640126,    0,    0
  4970,132728,19640127,    0,    0
  4970,132728,19640128,    0,    0
  4970,132728,19640129,    0,    0
  4970,132728,19640130,    0,    0
  4970,132728,19640131,    0,    0
  4970,132728,19640201,    0,    0
  4970,132728,19640202,    4,    0
  4970,132728,19640203,    0,    0
  4970,132728,19640204,   44,    0
  4970,132728,19640205,   36,    0
  4970,132728,19640206,    0,    0
  4970,132728,19640207,   19,    0
  4970,132728,19640208,    0,    0
  4970,132728,19640209,    0,    0
  4970,132728,19640210,    0,    0
  4970,132728,19640211,    0,    0
  4970,132728,19640212,    0,    0
  4970,132728,19640213,   17,    0
  4970,132728,19640214,   12,    0
  4970,132728,19640215,   48,    0
  4970,132728,19640216,   38,    0
  4970,132728,19640217,    0,    0
  4970,132728,19640218,    0,    0
  4970,132728,19640219,    0,    0
  4970,132728,19640220,   53,    0
  4970,132728,19640221,   92,    0
  4970,132728,19640222,   74,    0
  4970,132728,19640223,    0,    0
  4970,132728,19640224,   37,    0
  4970,132728,19640225,   72,    0
  4970,132728,19640226,   71,    0
  4970,132728,19640227,    0,    0
  4970,132728,19640228,   82,    0
  4970,132728,19640229,    0,    0
  4970,132728,19640301,    0,    0
  4970,132728,19640302,   24,    0
  4970,132728,19640303,   76,    0
  4970,132728,19640304,    0,    0
  4970,132728,19640305,    0,    0
  4970,132728,19640306,   19,    0
  4970,132728,19640307,   39,    0
  4970,132728,19640308,   81,    0
  4970,132728,19640309,   93,    0
  4970,132728,19640310,   27,    0
  4970,132728,19640311,  101,    0
  4970,132728,19640312,   54,    0
  4970,132728,19640313,    0,    0
  4970,132728,19640314,    8,    0
  4970,132728,19640315,    0,    0
  4970,132728,19640316,    2,    0
  4970,132728,19640317,   96,    0
  4970,132728,19640318,   84,    0
  4970,132728,19640319,    0,    0
  4970,132728,19640320,   42,    0
  4970,132728,19640321,   23,    0
  4970,132728,19640322,    9,    0
  4970,132728,19640323,   20,    0
  4970,132728,19640324,   47,    0
  4970,132728,19640325,   12,    0
  4970,132728,19640326,    8,    0
  4970,132728,19640327,    0,    0
  4970,132728,19640328,    0,    0
  4970,132728,19640329,    0,    0
  4970,132728,19640330,    0,    0
  4970,132728,19640331,    0,    0
  4970,132728,19640401,    0,    0
  4970,132728,19640402,    0,    0
  4970,132728,19640403,   16,    0
  4970,132728,19640404,    0,    0
  4970,132728,19640405,    0,    0
  4970,132728,19640406,   77,    0
  4970,132728,19640407,   80,    0
  4970,132728,19640408,   32,    0
  4970,132728,19640409,   93,    0
  4970,132728,19640410,   85,    0
  4970,132728,19640411,   88,    0
  4970,132728,19640412,   51,    0
  4970,132728,19640413,    0,    0
  4970,132728,19640414,   64,    0
  4970,132728,19640415,   85,    0
  4970,132728,19640416,   93,    0
  4970,132728,19640417,   62,    0
  4970,132728,19640418,   65,    0
  4970,132728,19640419,   19,    0
  4970,132728,19640420,   66,    0
  4970,132728,19640421,   88,    0
  4970,132728,19640422,   67,    0
  4970,132728,19640423,   11,    0
  4970,132728,19640424,    0,    0
  4970,132728,19640425,    6,    0
  4970,132728,19640426,  114,    0
  4970,132728,19640427,  117,    0
  4970,132728,19640428,    0,    0
  4970,132728,19640429,    7,    0
  4970,132728,19640430,   51,    0
  4970,132728,19640501,   53,    0
  4970,132728,19640502,    0,    0
  4970,132728,19640503,    0,    0
  4970,132728,19640504,   74,    0
  4970,132728,19640505,   75,    0
  4970,132728,19640506,  100,    0
  4970,132728,19640507,   72,    0
  4970,132728,19640508,   11,    0
  4970,132728,19640509,  131,    0
  4970,132728,19640510,   91,    0
  4970,132728,19640511,   69,    0
  4970,132728,19640512,  142,    0
  4970,132728,19640513,   54,    0
  4970,132728,19640514,   16,    0
  4970,132728,19640515,  133,    0
  4970,132728,19640516,  138,    0
  4970,132728,19640517,  137,    0
  4970,132728,19640518,   75,    0
  4970,132728,19640519,   55,    0
  4970,132728,19640520,   34,    0
  4970,132728,19640521,   81,    0
  4970,132728,19640522,  108,    0
  4970,132728,19640523,  119,    0
  4970,132728,19640524,  101,    0
  4970,132728,19640525,   46,    0
  4970,132728,19640526,   37,    0
  4970,132728,19640527,   48,    0
  4970,132728,19640528,   25,    0
  4970,132728,19640529,   37,    0
  4970,132728,19640530,   97,    0
  4970,132728,19640531,  134,    0
  4970,132728,19640601,  104,    0
  4970,132728,19640602,   53,    0
  4970,132728,19640603,  120,    0
  4970,132728,19640604,  115,    0
  4970,132728,19640605,   61,    0
  4970,132728,19640606,  145,    0
  4970,132728,19640607,  106,    0
  4970,132728,19640608,   46,    0
  4970,132728,19640609,  118,    0
  4970,132728,19640610,  142,    0
  4970,132728,19640611,  112,    0
  4970,132728,19640612,  117,    0
  4970,132728,19640613,  140,    0
  4970,132728,19640614,   57,    0
  4970,132728,19640615,   30,    0
  4970,132728,19640616,  104,    0
  4970,132728,19640617,  111,    0
  4970,132728,19640618,  127,    0
  4970,132728,19640619,   31,    0
  4970,132728,19640620,   16,    0
  4970,132728,19640621,  130,    0
  4970,132728,19640622,   64,    0
  4970,132728,19640623,   44,    0
  4970,132728,19640624,  105,    0
  4970,132728,19640625,  104,    0
  4970,132728,19640626,   44,    0
  4970,132728,19640627,  118,    0
  4970,132728,19640628,   99,    0
  4970,132728,19640629,   39,    0
  4970,132728,19640630,  114,    0
  4970,132728,19640701,   47,    0
  4970,132728,19640702,  112,    0
  4970,132728,19640703,  117,    0
  4970,132728,19640704,   73,    0
  4970,132728,19640705,  122,    0
  4970,132728,19640706,  125,    0
  4970,132728,19640707,  140,    0
  4970,132728,19640708,   80,    0
  4970,132728,19640709,   35,    0
  4970,132728,19640710,   74,    0
  4970,132728,19640711,   51,    0
  4970,132728,19640712,    9,    0
  4970,132728,19640713,   57,    0
  4970,132728,19640714,  120,    0
  4970,132728,19640715,   99,    0
  4970,132728,19640716,   99,    0
  4970,132728,19640717,  141,    0
  4970,132728,19640718,  114,    0
  4970,132728,19640719,   71,    0
  4970,132728,19640720,  126,    0
  4970,132728,19640721,   63,    0
  4970,132728,19640722,   49,    0
  4970,132728,19640723,   60,    0
  4970,132728,19640724,  116,    0
  4970,132728,19640725,  132,    0
  4970,132728,19640726,  133,    0
  4970,132728,19640727,   86,    0
  4970,132728,19640728,   91,    0
  4970,132728,19640729,   63,    0
  4970,132728,19640730,  127,    0
  4970,132728,19640731,  128,    0
  4970,132728,19640801,    6,    0
  4970,132728,19640802,    8,    0
  4970,132728,19640803,   53,    0
  4970,132728,19640804,  103,    0
  4970,132728,19640805,  115,    0
  4970,132728,19640806,  122,    0
  4970,132728,19640807,   47,    0
  4970,132728,19640808,   76,    0
  4970,132728,19640809,   37,    0
  4970,132728,19640810,   64,    0
  4970,132728,19640811,    0,    0
  4970,132728,19640812,    0,    0
  4970,132728,19640813,    0,    0
  4970,132728,19640814,   40,    0
  4970,132728,19640815,   52,    0
  4970,132728,19640816,   52,    0
  4970,132728,19640817,   96,    0
  4970,132728,19640818,   58,    0
  4970,132728,19640819,    9,    0
  4970,132728,19640820,   90,    0
  4970,132728,19640821,   18,    0
  4970,132728,19640822,   96,    0
  4970,132728,19640823,   83,    0
  4970,132728,19640824,   67,    0
  4970,132728,19640825,  121,    0
  4970,132728,19640826,  126,    0
  4970,132728,19640827,  126,    0
  4970,132728,19640828,  119,    0
  4970,132728,19640829,    2,    0
  4970,132728,19640830,  111,    0
  4970,132728,19640831,  114,    0
  4970,132728,19640901,  124,    0
  4970,132728,19640902,  122,    0
  4970,132728,19640903,  111,    0
  4970,132728,19640904,  100,    0
  4970,132728,19640905,   11,    0
  4970,132728,19640906,    1,    0
  4970,132728,19640907,   21,    0
  4970,132728,19640908,   15,    0
  4970,132728,19640909,   40,    0
  4970,132728,19640910,   67,    0
  4970,132728,19640911,  111,    0
  4970,132728,19640912,   90,    0
  4970,132728,19640913,  112,    0
  4970,132728,19640914,  106,    0
  4970,132728,19640915,   60,    0
  4970,132728,19640916,    0,    0
  4970,132728,19640917,   45,    0
  4970,132728,19640918,   42,    0
  4970,132728,19640919,   17,    0
  4970,132728,19640920,   28,    0
  4970,132728,19640921,   48,    0
  4970,132728,19640922,  100,    0
  4970,132728,19640923,  108,    0
  4970,132728,19640924,  107,    0
  4970,132728,19640925,   97,    0
  4970,132728,19640926,   53,    0
  4970,132728,19640927,   26,    0
  4970,132728,19640928,   98,    0
  4970,132728,19640929,   96,    0
  4970,132728,19640930,    4,    0
  4970,132728,19641001,   78,    0
  4970,132728,19641002,   99,    0
  4970,132728,19641003,   93,    0
  4970,132728,19641004,   93,    0
  4970,132728,19641005,   67,    0
  4970,132728,19641006,   66,    0
  4970,132728,19641007,   32,    0
  4970,132728,19641008,   36,    0
  4970,132728,19641009,    9,    0
  4970,132728,19641010,   34,    0
  4970,132728,19641011,   26,    0
  4970,132728,19641012,   45,    0
  4970,132728,19641013,   24,    0
  4970,132728,19641014,   77,    0
  4970,132728,19641015,   13,    0
  4970,132728,19641016,    3,    0
  4970,132728,19641017,    0,    0
  4970,132728,19641018,   10,    0
  4970,132728,19641019,   13,    0
  4970,132728,19641020,   45,    0
  4970,132728,19641021,   31,    0
  4970,132728,19641022,    0,    0
  4970,132728,19641023,   11,    0
  4970,132728,19641024,   18,    0
  4970,132728,19641025,   88,    0
  4970,132728,19641026,   84,    0
  4970,132728,19641027,    0,    0
  4970,132728,19641028,    0,    0
  4970,132728,19641029,    0,    0
  4970,132728,19641030,    0,    0
  4970,132728,19641031,    0,    0
  4970,132728,19641101,    0,    0
  4970,132728,19641102,    0,    0
  4970,132728,19641103,    0,    0
  4970,132728,19641104,   14,    0
  4970,132728,19641105,   50,    0
  4970,132728,19641106,    0,    0
  4970,132728,19641107,   59,    0
  4970,132728,19641108,   79,    0
  4970,132728,19641109,   62,    0
  4970,132728,19641110,   12,    0
  4970,132728,19641111,   14,    0
  4970,132728,19641112,    0,    0
  4970,132728,19641113,   28,    0
  4970,132728,19641114,    0,    0
  4970,132728,19641115,   13,    0
  4970,132728,19641116,    0,    0
  4970,132728,19641117,    0,    0
  4970,132728,19641118,    0,    0
  4970,132728,19641119,    0,    0
  4970,132728,19641120,    0,    0
  4970,132728,19641121,    0,    0
  4970,132728,19641122,    0,    0
  4970,132728,19641123,    0,    0
  4970,132728,19641124,    0,    0
  4970,132728,19641125,    0,    0
  4970,132728,19641126,    0,    0
  4970,132728,19641127,    0,    0
  4970,132728,19641128,    0,    0
  4970,132728,19641129,   20,    0
  4970,132728,19641130,    3,    0
  4970,132728,19641201,   43,    0
  4970,132728,19641202,    0,    0
  4970,132728,19641203,    0,    0
  4970,132728,19641204,    0,    0
  4970,132728,19641205,    0,    0
  4970,132728,19641206,    0,    0
  4970,132728,19641207,    0,    0
  4970,132728,19641208,    1,    0
  4970,132728,19641209,    9,    0
  4970,132728,19641210,   66,    0
  4970,132728,19641211,   31,    0
  4970,132728,19641212,    0,    0
  4970,132728,19641213,    0,    0
  4970,132728,19641214,    0,    0
  4970,132728,19641215,    0,    0
  4970,132728,19641216,    0,    0
  4970,132728,19641217,   29,    0
  4970,132728,19641218,   38,    0
  4970,132728,19641219,    0,    0
  4970,132728,19641220,    0,    0
  4970,132728,19641221,    0,    0
  4970,132728,19641222,   39,    0
  4970,132728,19641223,   61,    0
  4970,132728,19641224,   64,    0
  4970,132728,19641225,    0,    0
  4970,132728,19641226,    2,    0
  4970,132728,19641227,    0,    0
  4970,132728,19641228,    0,    0
  4970,132728,19641229,   18,    0
  4970,132728,19641230,    0,    0
  4970,132728,19641231,    0,    0
  4970,132728,19650101,    2,    0
  4970,132728,19650102,    3,    0
  4970,132728,19650103,   10,    0
  4970,132728,19650104,    7,    0
  4970,132728,19650105,    0,    0
  4970,132728,19650106,    0,    0
  4970,132728,19650107,    0,    0
  4970,132728,19650108,    0,    0
  4970,132728,19650109,   18,    0
  4970,132728,19650110,    0,    0
  4970,132728,19650111,   39,    0
  4970,132728,19650112,    4,    0
  4970,132728,19650113,   44,    0
  4970,132728,19650114,   25,    0
  4970,132728,19650115,    0,    0
  4970,132728,19650116,    0,    0
  4970,132728,19650117,    1,    0
  4970,132728,19650118,    0,    0
  4970,132728,19650119,    2,    0
  4970,132728,19650120,   28,    0
  4970,132728,19650121,   23,    0
  4970,132728,19650122,    0,    0
  4970,132728,19650123,    0,    0
  4970,132728,19650124,    6,    0
  4970,132728,19650125,    0,    0
  4970,132728,19650126,    0,    0
  4970,132728,19650127,    0,    0
  4970,132728,19650128,    0,    0
  4970,132728,19650129,    2,    0
  4970,132728,19650130,    0,    0
  4970,132728,19650131,    0,    0
  4970,132728,19650201,   46,    0
  4970,132728,19650202,   83,    0
  4970,132728,19650203,    0,    0
  4970,132728,19650204,   18,    0
  4970,132728,19650205,    0,    0
  4970,132728,19650206,    0,    0
  4970,132728,19650207,    0,    0
  4970,132728,19650208,   59,    0
  4970,132728,19650209,   52,    0
  4970,132728,19650210,    0,    0
  4970,132728,19650211,    0,    0
  4970,132728,19650212,    0,    0
  4970,132728,19650213,    0,    0
  4970,132728,19650214,   22,    0
  4970,132728,19650215,    7,    0
  4970,132728,19650216,   63,    0
  4970,132728,19650217,   28,    0
  4970,132728,19650218,    1,    0
  4970,132728,19650219,   72,    0
  4970,132728,19650220,   24,    0
  4970,132728,19650221,   65,    0
  4970,132728,19650222,   60,    0
  4970,132728,19650223,   92,    0
  4970,132728,19650224,   24,    0
  4970,132728,19650225,   32,    0
  4970,132728,19650226,   47,    0
  4970,132728,19650227,   38,    0
  4970,132728,19650228,   34,    0
  4970,132728,19650301,   11,    0
  4970,132728,19650302,    0,    0
  4970,132728,19650303,    0,    0
  4970,132728,19650304,   44,    0
  4970,132728,19650305,    1,    0
  4970,132728,19650306,    0,    0
  4970,132728,19650307,   21,    0
  4970,132728,19650308,   18,    0
  4970,132728,19650309,   68,    0
  4970,132728,19650310,   95,    0
  4970,132728,19650311,   96,    0
  4970,132728,19650312,   97,    0
  4970,132728,19650313,   74,    0
  4970,132728,19650314,    4,    0
  4970,132728,19650315,   13,    0
  4970,132728,19650316,   46,    0
  4970,132728,19650317,   53,    0
  4970,132728,19650318,    1,    0
  4970,132728,19650319,    4,    0
  4970,132728,19650320,   14,    0
  4970,132728,19650321,    8,    0
  4970,132728,19650322,    9,    0
  4970,132728,19650323,   17,    0
  4970,132728,19650324,   13,    0
  4970,132728,19650325,   41,    0
  4970,132728,19650326,   20,    0
  4970,132728,19650327,    2,    0
  4970,132728,19650328,   82,    0
  4970,132728,19650329,  105,    0
  4970,132728,19650330,   83,    0
  4970,132728,19650331,  113,    0
  4970,132728,19650401,  113,    0
  4970,132728,19650402,  114,    0
  4970,132728,19650403,  113,    0
  4970,132728,19650404,   88,    0
  4970,132728,19650405,   49,    0
  4970,132728,19650406,   24,    0
  4970,132728,19650407,   19,    0
  4970,132728,19650408,   45,    0
  4970,132728,19650409,   59,    0
  4970,132728,19650410,   62,    0
  4970,132728,19650411,   34,    0
  4970,132728,19650412,   16,    0
  4970,132728,19650413,   38,    0
  4970,132728,19650414,   71,    0
  4970,132728,19650415,    0,    0
  4970,132728,19650416,   12,    0
  4970,132728,19650417,    0,    0
  4970,132728,19650418,   35,    0
  4970,132728,19650419,   11,    0
  4970,132728,19650420,   10,    0
  4970,132728,19650421,    0,    0
  4970,132728,19650422,   11,    0
  4970,132728,19650423,    0,    0
  4970,132728,19650424,   27,    0
  4970,132728,19650425,   38,    0
  4970,132728,19650426,   23,    0
  4970,132728,19650427,   19,    0
  4970,132728,19650428,   21,    0
  4970,132728,19650429,    0,    0
  4970,132728,19650430,   82,    0
  4970,132728,19650501,  120,    0
  4970,132728,19650502,   68,    0
  4970,132728,19650503,   46,    0
  4970,132728,19650504,   69,    0
  4970,132728,19650505,   14,    0
  4970,132728,19650506,   10,    0
  4970,132728,19650507,    2,    0
  4970,132728,19650508,   14,    0
  4970,132728,19650509,   24,    0
  4970,132728,19650510,   43,    0
  4970,132728,19650511,   73,    0
  4970,132728,19650512,  134,    0
  4970,132728,19650513,  135,    0
  4970,132728,19650514,  124,    0
  4970,132728,19650515,   83,    0
  4970,132728,19650516,   57,    0
  4970,132728,19650517,   37,    0
  4970,132728,19650518,   22,    0
  4970,132728,19650519,   17,    0
  4970,132728,19650520,  111,    0
  4970,132728,19650521,  138,    0
  4970,132728,19650522,  135,    0
  4970,132728,19650523,   67,    0
  4970,132728,19650524,  115,    0
  4970,132728,19650525,   57,    0
  4970,132728,19650526,   79,    0
  4970,132728,19650527,    0,    0
  4970,132728,19650528,    0,    0
  4970,132728,19650529,   79,    0
  4970,132728,19650530,   38,    0
  4970,132728,19650531,    9,    0
  4970,132728,19650601,    0,    0
  4970,132728,19650602,   69,    0
  4970,132728,19650603,    0,    0
  4970,132728,19650604,   40,    0
  4970,132728,19650605,    0,    0
  4970,132728,19650606,    0,    0
  4970,132728,19650607,   57,    0
  4970,132728,19650608,    4,    0
  4970,132728,19650609,    0,    0
  4970,132728,19650610,   91,    0
  4970,132728,19650611,   11,    0
  4970,132728,19650612,   61,    0
  4970,132728,19650613,   16,    0
  4970,132728,19650614,   64,    0
  4970,132728,19650615,  130,    0
  4970,132728,19650616,   34,    0
  4970,132728,19650617,   48,    0
  4970,132728,19650618,    7,    0
  4970,132728,19650619,  109,    0
  4970,132728,19650620,  131,    0
  4970,132728,19650621,  110,    0
  4970,132728,19650622,   31,    0
  4970,132728,19650623,  121,    0
  4970,132728,19650624,   81,    0
  4970,132728,19650625,  142,    0
  4970,132728,19650626,  120,    0
  4970,132728,19650627,   85,    0
  4970,132728,19650628,  140,    0
  4970,132728,19650629,  145,    0
  4970,132728,19650630,   96,    0
  4970,132728,19650701,    0,    0
  4970,132728,19650702,  104,    0
  4970,132728,19650703,   36,    0
  4970,132728,19650704,   63,    0
  4970,132728,19650705,   64,    0
  4970,132728,19650706,    8,    0
  4970,132728,19650707,   53,    0
  4970,132728,19650708,   32,    0
  4970,132728,19650709,   49,    0
  4970,132728,19650710,   63,    0
  4970,132728,19650711,   48,    0
  4970,132728,19650712,   78,    0
  4970,132728,19650713,   79,    0
  4970,132728,19650714,   69,    0
  4970,132728,19650715,   58,    0
  4970,132728,19650716,    0,    0
  4970,132728,19650717,    0,    0
  4970,132728,19650718,    0,    0
  4970,132728,19650719,    7,    0
  4970,132728,19650720,   63,    0
  4970,132728,19650721,   52,    0
  4970,132728,19650722,   33,    0
  4970,132728,19650723,   64,    0
  4970,132728,19650724,  125,    0
  4970,132728,19650725,  118,    0
  4970,132728,19650726,   75,    0
  4970,132728,19650727,   14,    0
  4970,132728,19650728,   24,    0
  4970,132728,19650729,    9,    0
  4970,132728,19650730,   42,    0
  4970,132728,19650731,   15,    0
  4970,132728,19650801,  109,    0
  4970,132728,19650802,   77,    0
  4970,132728,19650803,   62,    0
  4970,132728,19650804,  128,    0
  4970,132728,19650805,  118,    0
  4970,132728,19650806,   40,    0
  4970,132728,19650807,   24,    0
  4970,132728,19650808,   43,    0
  4970,132728,19650809,   66,    0
  4970,132728,19650810,   50,    0
  4970,132728,19650811,   78,    0
  4970,132728,19650812,  127,    0
  4970,132728,19650813,  108,    0
  4970,132728,19650814,   86,    0
  4970,132728,19650815,    1,    0
  4970,132728,19650816,   44,    0
  4970,132728,19650817,   30,    0
  4970,132728,19650818,   78,    0
  4970,132728,19650819,  100,    0
  4970,132728,19650820,   62,    0
  4970,132728,19650821,   64,    0
  4970,132728,19650822,    5,    0
  4970,132728,19650823,   23,    0
  4970,132728,19650824,   76,    0
  4970,132728,19650825,   48,    0
  4970,132728,19650826,   24,    0
  4970,132728,19650827,   26,    0
  4970,132728,19650828,   90,    0
  4970,132728,19650829,   64,    0
  4970,132728,19650830,  108,    0
  4970,132728,19650831,    0,    0
  4970,132728,19650901,    0,    0
  4970,132728,19650902,    0,    0
  4970,132728,19650903,   31,    0
  4970,132728,19650904,   31,    0
  4970,132728,19650905,   10,    0
  4970,132728,19650906,   11,    0
  4970,132728,19650907,    0,    0
  4970,132728,19650908,   60,    0
  4970,132728,19650909,   37,    0
  4970,132728,19650910,   61,    0
  4970,132728,19650911,   68,    0
  4970,132728,19650912,   11,    0
  4970,132728,19650913,    0,    0
  4970,132728,19650914,   19,    0
  4970,132728,19650915,   85,    0
  4970,132728,19650916,  111,    0
  4970,132728,19650917,   72,    0
  4970,132728,19650918,   37,    0
  4970,132728,19650919,   83,    0
  4970,132728,19650920,  104,    0
  4970,132728,19650921,   98,    0
  4970,132728,19650922,  107,    0
  4970,132728,19650923,   95,    0
  4970,132728,19650924,  100,    0
  4970,132728,19650925,   82,    0
  4970,132728,19650926,    1,    0
  4970,132728,19650927,   67,    0
  4970,132728,19650928,    8,    0
  4970,132728,19650929,   62,    0
  4970,132728,19650930,   15,    0
  4970,132728,19651001,   46,    0
  4970,132728,19651002,   62,    0
  4970,132728,19651003,   89,    0
  4970,132728,19651004,   96,    0
  4970,132728,19651005,   94,    0
  4970,132728,19651006,  100,    0
  4970,132728,19651007,  100,    0
  4970,132728,19651008,    2,    0
  4970,132728,19651009,   16,    0
  4970,132728,19651010,   99,    0
  4970,132728,19651011,   99,    0
  4970,132728,19651012,   95,    0
  4970,132728,19651013,   95,    0
  4970,132728,19651014,   84,    0
  4970,132728,19651015,   47,    0
  4970,132728,19651016,   27,    0
  4970,132728,19651017,   81,    0
  4970,132728,19651018,   93,    0
  4970,132728,19651019,   71,    0
  4970,132728,19651020,   86,    0
  4970,132728,19651021,   77,    0
  4970,132728,19651022,   82,    0
  4970,132728,19651023,   83,    0
  4970,132728,19651024,   76,    0
  4970,132728,19651025,   86,    0
  4970,132728,19651026,   94,    0
  4970,132728,19651027,    1,    0
  4970,132728,19651028,   57,    0
  4970,132728,19651029,   34,    0
  4970,132728,19651030,   77,    0
  4970,132728,19651031,    0,    0
  4970,132728,19651101,    0,    0
  4970,132728,19651102,   19,    0
  4970,132728,19651103,    2,    0
  4970,132728,19651104,   29,    0
  4970,132728,19651105,   78,    0
  4970,132728,19651106,   81,    0
  4970,132728,19651107,   65,    0
  4970,132728,19651108,   82,    0
  4970,132728,19651109,   69,    0
  4970,132728,19651110,    5,    0
  4970,132728,19651111,    0,    0
  4970,132728,19651112,   11,    0
  4970,132728,19651113,    0,    0
  4970,132728,19651114,    0,    0
  4970,132728,19651115,    0,    0
  4970,132728,19651116,    0,    0
  4970,132728,19651117,    0,    0
  4970,132728,19651118,   25,    0
  4970,132728,19651119,   12,    0
  4970,132728,19651120,    0,    0
  4970,132728,19651121,    0,    0
  4970,132728,19651122,    0,    0
  4970,132728,19651123,   63,    0
  4970,132728,19651124,   24,    0
  4970,132728,19651125,    0,    0
  4970,132728,19651126,   14,    0
  4970,132728,19651127,    0,    0
  4970,132728,19651128,    9,    0
  4970,132728,19651129,    0,    0
  4970,132728,19651130,    0,    0
  4970,132728,19651201,    0,    0
  4970,132728,19651202,    0,    0
  4970,132728,19651203,    0,    0
  4970,132728,19651204,    0,    0
  4970,132728,19651205,    0,    0
  4970,132728,19651206,    0,    0
  4970,132728,19651207,    0,    0
  4970,132728,19651208,   11,    0
  4970,132728,19651209,    0,    0
  4970,132728,19651210,    0,    0
  4970,132728,19651211,    0,    0
  4970,132728,19651212,    0,    0
  4970,132728,19651213,    0,    0
  4970,132728,19651214,    0,    0
  4970,132728,19651215,   63,    0
  4970,132728,19651216,   15,    0
  4970,132728,19651217,    0,    0
  4970,132728,19651218,    0,    0
  4970,132728,19651219,    0,    0
  4970,132728,19651220,    0,    0
  4970,132728,19651221,    0,    0
  4970,132728,19651222,   32,    0
  4970,132728,19651223,    0,    0
  4970,132728,19651224,    0,    0
  4970,132728,19651225,    0,    0
  4970,132728,19651226,    2,    0
  4970,132728,19651227,    1,    0
  4970,132728,19651228,   22,    0
  4970,132728,19651229,   61,    0
  4970,132728,19651230,    0,    0
  4970,132728,19651231,    0,    0
  4970,132728,19660101,    0,    0
  4970,132728,19660102,    0,    0
  4970,132728,19660103,    4,    0
  4970,132728,19660104,   25,    0
  4970,132728,19660105,   75,    0
  4970,132728,19660106,   69,    0
  4970,132728,19660107,   42,    0
  4970,132728,19660108,   74,    0
  4970,132728,19660109,   46,    0
  4970,132728,19660110,   53,    0
  4970,132728,19660111,    0,    0
  4970,132728,19660112,    0,    0
  4970,132728,19660113,    0,    0
  4970,132728,19660114,    0,    0
  4970,132728,19660115,   37,    0
  4970,132728,19660116,   27,    0
  4970,132728,19660117,    0,    0
  4970,132728,19660118,   45,    0
  4970,132728,19660119,   76,    0
  4970,132728,19660120,   15,    0
  4970,132728,19660121,    0,    0
  4970,132728,19660122,   12,    0
  4970,132728,19660123,    3,    0
  4970,132728,19660124,    3,    0
  4970,132728,19660125,   35,    0
  4970,132728,19660126,    0,    0
  4970,132728,19660127,    0,    0
  4970,132728,19660128,    0,    0
  4970,132728,19660129,    0,    0
  4970,132728,19660130,    0,    0
  4970,132728,19660131,    0,    0
  4970,132728,19660201,   10,    0
  4970,132728,19660202,    8,    0
  4970,132728,19660203,   45,    0
  4970,132728,19660204,    0,    0
  4970,132728,19660205,    0,    0
  4970,132728,19660206,   61,    0
  4970,132728,19660207,    0,    0
  4970,132728,19660208,    0,    0
  4970,132728,19660209,    0,    0
  4970,132728,19660210,    0,    0
  4970,132728,19660211,    0,    0
  4970,132728,19660212,    0,    0
  4970,132728,19660213,    0,    0
  4970,132728,19660214,    0,    0
  4970,132728,19660215,   49,    0
  4970,132728,19660216,   71,    0
  4970,132728,19660217,    0,    0
  4970,132728,19660218,    0,    0
  4970,132728,19660219,    0,    0
  4970,132728,19660220,   11,    0
  4970,132728,19660221,    0,    0
  4970,132728,19660222,   88,    0
  4970,132728,19660223,   66,    0
  4970,132728,19660224,   25,    0
  4970,132728,19660225,    0,    0
  4970,132728,19660226,   51,    0
  4970,132728,19660227,   59,    0
  4970,132728,19660228,    0,    0
  4970,132728,19660301,   26,    0
  4970,132728,19660302,   79,    0
  4970,132728,19660303,    2,    0
  4970,132728,19660304,    0,    0
  4970,132728,19660305,    0,    0
  4970,132728,19660306,   81,    0
  4970,132728,19660307,   87,    0
  4970,132728,19660308,   96,    0
  4970,132728,19660309,   14,    0
  4970,132728,19660310,   11,    0
  4970,132728,19660311,    0,    0
  4970,132728,19660312,   18,    0
  4970,132728,19660313,   16,    0
  4970,132728,19660314,   95,    0
  4970,132728,19660315,    0,    0
  4970,132728,19660316,   78,    0
  4970,132728,19660317,    0,    0
  4970,132728,19660318,    7,    0
  4970,132728,19660319,   38,    0
  4970,132728,19660320,  106,    0
  4970,132728,19660321,   90,    0
  4970,132728,19660322,    2,    0
  4970,132728,19660323,   23,    0
  4970,132728,19660324,   62,    0
  4970,132728,19660325,   21,    0
  4970,132728,19660326,    0,    0
  4970,132728,19660327,    0,    0
  4970,132728,19660328,    0,    0
  4970,132728,19660329,   29,    0
  4970,132728,19660330,   15,    0
  4970,132728,19660331,    1,    0
  4970,132728,19660401,   96,    0
  4970,132728,19660402,    9,    0
  4970,132728,19660403,   61,    0
  4970,132728,19660404,   57,    0
  4970,132728,19660405,  109,    0
  4970,132728,19660406,   49,    0
  4970,132728,19660407,    1,    0
  4970,132728,19660408,    7,    0
  4970,132728,19660409,    9,    0
  4970,132728,19660410,   14,    0
  4970,132728,19660411,   43,    0
  4970,132728,19660412,   91,    0
  4970,132728,19660413,   32,    0
  4970,132728,19660414,    0,    0
  4970,132728,19660415,   14,    0
  4970,132728,19660416,    3,    0
  4970,132728,19660417,   63,    0
  4970,132728,19660418,    0,    0
  4970,132728,19660419,   32,    0
  4970,132728,19660420,   42,    0
  4970,132728,19660421,   37,    0
  4970,132728,19660422,  102,    0
  4970,132728,19660423,   36,    0
  4970,132728,19660424,    0,    0
  4970,132728,19660425,   11,    0
  4970,132728,19660426,   64,    0
  4970,132728,19660427,   49,    0
  4970,132728,19660428,    0,    0
  4970,132728,19660429,  121,    0
  4970,132728,19660430,  124,    0
  4970,132728,19660501,  132,    0
  4970,132728,19660502,  129,    0
  4970,132728,19660503,   82,    0
  4970,132728,19660504,   38,    0
  4970,132728,19660505,    0,    0
  4970,132728,19660506,   33,    0
  4970,132728,19660507,   62,    0
  4970,132728,19660508,   48,    0
  4970,132728,19660509,   20,    0
  4970,132728,19660510,   33,    0
  4970,132728,19660511,   65,    0
  4970,132728,19660512,  105,    0
  4970,132728,19660513,  107,    0
  4970,132728,19660514,  115,    0
  4970,132728,19660515,  105,    0
  4970,132728,19660516,  123,    0
  4970,132728,19660517,  118,    0
  4970,132728,19660518,   54,    0
  4970,132728,19660519,   88,    0
  4970,132728,19660520,   66,    0
  4970,132728,19660521,   20,    0
  4970,132728,19660522,  108,    0
  4970,132728,19660523,   96,    0
  4970,132728,19660524,  100,    0
  4970,132728,19660525,    6,    0
  4970,132728,19660526,   11,    0
  4970,132728,19660527,   74,    0
  4970,132728,19660528,   23,    0
  4970,132728,19660529,   67,    0
  4970,132728,19660530,  129,    0
  4970,132728,19660531,   38,    0
  4970,132728,19660601,  117,    0
  4970,132728,19660602,   72,    0
  4970,132728,19660603,  133,    0
  4970,132728,19660604,  134,    0
  4970,132728,19660605,  115,    0
  4970,132728,19660606,   26,    0
  4970,132728,19660607,  130,    0
  4970,132728,19660608,   76,    0
  4970,132728,19660609,  124,    0
  4970,132728,19660610,  129,    0
  4970,132728,19660611,  113,    0
  4970,132728,19660612,    2,    0
  4970,132728,19660613,  131,    0
  4970,132728,19660614,   12,    0
  4970,132728,19660615,  104,    0
  4970,132728,19660616,   86,    0
  4970,132728,19660617,   90,    0
  4970,132728,19660618,   23,    0
  4970,132728,19660619,   70,    0
  4970,132728,19660620,   17,    0
  4970,132728,19660621,   62,    0
  4970,132728,19660622,   98,    0
  4970,132728,19660623,   54,    0
  4970,132728,19660624,   49,    0
  4970,132728,19660625,    6,    0
  4970,132728,19660626,    1,    0
  4970,132728,19660627,    0,    0
  4970,132728,19660628,   75,    0
  4970,132728,19660629,    0,    0
  4970,132728,19660630,   83,    0
  4970,132728,19660701,  136,    0
  4970,132728,19660702,  116,    0
  4970,132728,19660703,  114,    0
  4970,132728,19660704,   73,    0
  4970,132728,19660705,   38,    0
  4970,132728,19660706,    0,    0
  4970,132728,19660707,   16,    0
  4970,132728,19660708,   21,    0
  4970,132728,19660709,   14,    0
  4970,132728,19660710,   40,    0
  4970,132728,19660711,    2,    0
  4970,132728,19660712,  116,    0
  4970,132728,19660713,  104,    0
  4970,132728,19660714,   59,    0
  4970,132728,19660715,   51,    0
  4970,132728,19660716,    2,    0
  4970,132728,19660717,   52,    0
  4970,132728,19660718,    0,    0
  4970,132728,19660719,    1,    0
  4970,132728,19660720,   13,    0
  4970,132728,19660721,   94,    0
  4970,132728,19660722,    0,    0
  4970,132728,19660723,   97,    0
  4970,132728,19660724,  105,    0
  4970,132728,19660725,   55,    0
  4970,132728,19660726,   37,    0
  4970,132728,19660727,   63,    0
  4970,132728,19660728,   17,    0
  4970,132728,19660729,   71,    0
  4970,132728,19660730,   56,    0
  4970,132728,19660731,   66,    0
  4970,132728,19660801,   27,    0
  4970,132728,19660802,   21,    0
  4970,132728,19660803,   53,    0
  4970,132728,19660804,   54,    0
  4970,132728,19660805,   94,    0
  4970,132728,19660806,   67,    0
  4970,132728,19660807,   46,    0
  4970,132728,19660808,   43,    0
  4970,132728,19660809,   92,    0
  4970,132728,19660810,   93,    0
  4970,132728,19660811,  132,    0
  4970,132728,19660812,  125,    0
  4970,132728,19660813,  131,    0
  4970,132728,19660814,  134,    0
  4970,132728,19660815,    7,    0
  4970,132728,19660816,   56,    0
  4970,132728,19660817,   56,    0
  4970,132728,19660818,   71,    0
  4970,132728,19660819,   33,    0
  4970,132728,19660820,   39,    0
  4970,132728,19660821,   61,    0
  4970,132728,19660822,    8,    0
  4970,132728,19660823,   17,    0
  4970,132728,19660824,   94,    0
  4970,132728,19660825,   61,    0
  4970,132728,19660826,   63,    0
  4970,132728,19660827,   81,    0
  4970,132728,19660828,   53,    0
  4970,132728,19660829,  103,    0
  4970,132728,19660830,   51,    0
  4970,132728,19660831,   64,    0
  4970,132728,19660901,   17,    0
  4970,132728,19660902,   24,    0
  4970,132728,19660903,  109,    0
  4970,132728,19660904,   56,    0
  4970,132728,19660905,   34,    0
  4970,132728,19660906,   92,    0
  4970,132728,19660907,  101,    0
  4970,132728,19660908,  102,    0
  4970,132728,19660909,  106,    0
  4970,132728,19660910,   45,    0
  4970,132728,19660911,   96,    0
  4970,132728,19660912,   95,    0
  4970,132728,19660913,   60,    0
  4970,132728,19660914,   23,    0
  4970,132728,19660915,   30,    0
  4970,132728,19660916,   43,    0
  4970,132728,19660917,  106,    0
  4970,132728,19660918,   89,    0
  4970,132728,19660919,   91,    0
  4970,132728,19660920,  102,    0
  4970,132728,19660921,   95,    0
  4970,132728,19660922,   99,    0
  4970,132728,19660923,  100,    0
  4970,132728,19660924,   67,    0
  4970,132728,19660925,   56,    0
  4970,132728,19660926,   94,    0
  4970,132728,19660927,   65,    0
  4970,132728,19660928,   62,    0
  4970,132728,19660929,   48,    0
  4970,132728,19660930,   30,    0
  4970,132728,19661001,   45,    0
  4970,132728,19661002,   52,    0
  4970,132728,19661003,   62,    0
  4970,132728,19661004,   54,    0
  4970,132728,19661005,   89,    0
  4970,132728,19661006,   30,    0
  4970,132728,19661007,   41,    0
  4970,132728,19661008,   63,    0
  4970,132728,19661009,   57,    0
  4970,132728,19661010,    2,    0
  4970,132728,19661011,   65,    0
  4970,132728,19661012,    0,    0
  4970,132728,19661013,    0,    0
  4970,132728,19661014,   54,    0
  4970,132728,19661015,   30,    0
  4970,132728,19661016,   52,    0
  4970,132728,19661017,   64,    0
  4970,132728,19661018,   44,    0
  4970,132728,19661019,    0,    0
  4970,132728,19661020,   24,    0
  4970,132728,19661021,   12,    0
  4970,132728,19661022,   16,    0
  4970,132728,19661023,    0,    0
  4970,132728,19661024,    5,    0
  4970,132728,19661025,    0,    0
  4970,132728,19661026,    0,    0
  4970,132728,19661027,   11,    0
  4970,132728,19661028,    0,    0
  4970,132728,19661029,    0,    0
  4970,132728,19661030,   64,    0
  4970,132728,19661031,   65,    0
  4970,132728,19661101,   82,    0
  4970,132728,19661102,   80,    0
  4970,132728,19661103,    7,    0
  4970,132728,19661104,    0,    0
  4970,132728,19661105,    5,    0
  4970,132728,19661106,   12,    0
  4970,132728,19661107,   19,    0
  4970,132728,19661108,   19,    0
  4970,132728,19661109,    3,    0
  4970,132728,19661110,   27,    0
  4970,132728,19661111,    0,    0
  4970,132728,19661112,   25,    0
  4970,132728,19661113,   68,    0
  4970,132728,19661114,    0,    0
  4970,132728,19661115,    0,    0
  4970,132728,19661116,    0,    0
  4970,132728,19661117,    0,    0
  4970,132728,19661118,    0,    0
  4970,132728,19661119,    0,    0
  4970,132728,19661120,    0,    0
  4970,132728,19661121,    0,    0
  4970,132728,19661122,    0,    0
  4970,132728,19661123,   16,    0
  4970,132728,19661124,   17,    0
  4970,132728,19661125,    0,    0
  4970,132728,19661126,    0,    0
  4970,132728,19661127,    0,    0
  4970,132728,19661128,    0,    0
  4970,132728,19661129,    9,    0
  4970,132728,19661130,    0,    0
  4970,132728,19661201,    1,    0
  4970,132728,19661202,    0,    0
  4970,132728,19661203,    0,    0
  4970,132728,19661204,    0,    0
  4970,132728,19661205,    2,    0
  4970,132728,19661206,   40,    0
  4970,132728,19661207,    6,    0
  4970,132728,19661208,    0,    0
  4970,132728,19661209,   47,    0
  4970,132728,19661210,    0,    0
  4970,132728,19661211,    3,    0
  4970,132728,19661212,    0,    0
  4970,132728,19661213,    0,    0
  4970,132728,19661214,    3,    0
  4970,132728,19661215,    7,    0
  4970,132728,19661216,    5,    0
  4970,132728,19661217,    0,    0
  4970,132728,19661218,    0,    0
  4970,132728,19661219,    0,    0
  4970,132728,19661220,    0,    0
  4970,132728,19661221,   13,    0
  4970,132728,19661222,    0,    0
  4970,132728,19661223,    0,    0
  4970,132728,19661224,    0,    0
  4970,132728,19661225,   10,    0
  4970,132728,19661226,   81,    0
  4970,132728,19661227,    3,    0
  4970,132728,19661228,    0,    0
  4970,132728,19661229,    0,    0
  4970,132728,19661230,    0,    0
  4970,132728,19661231,    0,    0
