2003      11       1     3.4    14.0     8.0
2003      11       2    14.1     8.5     5.5
2003      11       3     3.4    10.0     7.5
2003      11       4      .7     7.5     1.0
2003      11       5      .2    13.0     1.0
2003      11       6      .0     7.0     4.0
2003      11       7      .0     7.5     2.0
2003      11       8      .0     3.5    -6.5
2003      11       9      .0     5.0    -6.5
2003      11      10      .0     6.5    -2.0
2003      11      11     5.0    10.0     2.0
2003      11      12     6.8    13.0     6.0
2003      11      13     1.0     5.0     -.5
2003      11      14      .2     1.0    -6.0
2003      11      15      .0     4.0    -6.0
2003      11      16     5.0     5.0    -1.5
2003      11      17      .0     6.0      .5
2003      11      18     7.5    11.5     -.5
2003      11      19    56.2    13.5     9.0
2003      11      20      .0    10.0     3.5
2003      11      21      .0    16.0     2.0
2003      11      22      .0    10.0     1.5
2003      11      23      .0    13.0     2.5
2003      11      24     2.8    12.5     2.5
2003      11      25      .0     3.5    -1.0
2003      11      26      .0     7.0     1.5
2003      11      27    10.6     6.0    -1.5
2003      11      28    19.5     5.0     3.5
2003      11      29     1.7     3.5    -2.0
2003      11      30      .0     7.0     1.5
2003      11      31   -99.9   -99.9   -99.9
2003      12       1      .5     3.5    -1.5
2003      12       2      .8    -4.5    -9.0
2003      12       3      .0    -1.0   -11.0
2003      12       4      .0      .5    -3.0
2003      12       5      .0    -2.0   -10.0
2003      12       6      .0    -4.0   -10.5
2003      12       7      .0     -.5    -9.5
2003      12       8      .0     -.5   -10.5
2003      12       9      .0     2.0    -8.0
2003      12      10    33.4     7.0    -2.0
2003      12      11      .4     6.5      .0
2003      12      12      .0      .0    -6.5
2003      12      13      .0    -3.0   -10.0
2003      12      14    12.4    -5.0    -9.0
2003      12      15      .0      .5    -7.0
2003      12      16     1.4     5.5   -12.0
2003      12      17     1.3     2.5     -.5
2003      12      18      .0      .0    -5.0
2003      12      19      .0     2.0    -6.0
2003      12      20      .0     1.0    -9.0
2003      12      21      .0     4.5    -9.0
2003      12      22     1.6     5.5      .5
2003      12      23    10.1     7.0     2.0
2003      12      24     7.6     5.0     2.0
2003      12      25      .0     2.0    -1.0
2003      12      26      .0     5.0    -2.5
2003      12      27      .0     4.0    -4.0
2003      12      28      .0     7.5    -4.0
2003      12      29    13.6     8.0      .5
2003      12      30      .4     4.5     2.0
2003      12      31      .0     6.0    -1.5
