EUROPEAN CLIMATE ASSESSMENT & DATASET (ECA&D), file created on: 21-12-2020
THESE DATA CAN BE USED FOR NON-COMMERCIAL RESEARCH AND EDUCATION PROVIDED THAT THE FOLLOWING SOURCE IS ACKNOWLEDGED: 

Klein Tank, A.M.G. and Coauthors, 2002. Daily dataset of 20th-century surface
air temperature and precipitation series for the European Climate Assessment.
Int. J. of Climatol., 22, 1441-1453.
Data and metadata available at http://www.ecad.eu

FILE FORMAT (MISSING VALUE CODE = -9999):

01-06 STAID: Station identifier
08-13 SOUID: Source identifier
15-22 DATE : Date YYYYMMDD
24-28 TN   : Minimum temperature in 0.1 &#176;C
30-34 Q_TN : quality code for TN (0='valid'; 1='suspect'; 9='missing')

This is the non-blended series (SOUID: 132733) of station Deuselbach, GERMANY (STAID:   4970)

 STAID,    SOUID,    DATE,   TN, Q_TN
  4970,132733,19610101,  -10,    0
  4970,132733,19610102,   -2,    0
  4970,132733,19610103,    4,    0
  4970,132733,19610104,   -4,    0
  4970,132733,19610105,  -10,    0
  4970,132733,19610106,  -12,    0
  4970,132733,19610107,    2,    0
  4970,132733,19610108,   -2,    0
  4970,132733,19610109,    6,    0
  4970,132733,19610110,    5,    0
  4970,132733,19610111,  -30,    0
  4970,132733,19610112,  -46,    0
  4970,132733,19610113,  -65,    0
  4970,132733,19610114,  -18,    0
  4970,132733,19610115,  -16,    0
  4970,132733,19610116,  -25,    0
  4970,132733,19610117,  -49,    0
  4970,132733,19610118,  -65,    0
  4970,132733,19610119,  -74,    0
  4970,132733,19610120,   -5,    0
  4970,132733,19610121,    9,    0
  4970,132733,19610122,  -15,    0
  4970,132733,19610123,  -15,    0
  4970,132733,19610124,  -30,    0
  4970,132733,19610125,  -65,    0
  4970,132733,19610126,  -74,    0
  4970,132733,19610127,  -84,    0
  4970,132733,19610128,  -66,    0
  4970,132733,19610129,   15,    0
  4970,132733,19610130,   40,    0
  4970,132733,19610131,   45,    0
  4970,132733,19610201,    0,    0
  4970,132733,19610202,    0,    0
  4970,132733,19610203,   -4,    0
  4970,132733,19610204,  -14,    0
  4970,132733,19610205,  -19,    0
  4970,132733,19610206,   27,    0
  4970,132733,19610207,   14,    0
  4970,132733,19610208,   20,    0
  4970,132733,19610209,   40,    0
  4970,132733,19610210,    7,    0
  4970,132733,19610211,   30,    0
  4970,132733,19610212,   24,    0
  4970,132733,19610213,   32,    0
  4970,132733,19610214,   31,    0
  4970,132733,19610215,   48,    0
  4970,132733,19610216,   37,    0
  4970,132733,19610217,    5,    0
  4970,132733,19610218,  -33,    0
  4970,132733,19610219,   31,    0
  4970,132733,19610220,   14,    0
  4970,132733,19610221,   10,    0
  4970,132733,19610222,   10,    0
  4970,132733,19610223,   16,    0
  4970,132733,19610224,   54,    0
  4970,132733,19610225,   73,    0
  4970,132733,19610226,   66,    0
  4970,132733,19610227,   94,    0
  4970,132733,19610228,   21,    0
  4970,132733,19610301,    0,    0
  4970,132733,19610302,   -2,    0
  4970,132733,19610303,   15,    0
  4970,132733,19610304,   -7,    0
  4970,132733,19610305,    5,    0
  4970,132733,19610306,   39,    0
  4970,132733,19610307,   40,    0
  4970,132733,19610308,   55,    0
  4970,132733,19610309,   60,    0
  4970,132733,19610310,   62,    0
  4970,132733,19610311,   48,    0
  4970,132733,19610312,   17,    0
  4970,132733,19610313,   60,    0
  4970,132733,19610314,   60,    0
  4970,132733,19610315,   55,    0
  4970,132733,19610316,   42,    0
  4970,132733,19610317,  100,    0
  4970,132733,19610318,   20,    0
  4970,132733,19610319,  -10,    0
  4970,132733,19610320,  -26,    0
  4970,132733,19610321,  -11,    0
  4970,132733,19610322,  -46,    0
  4970,132733,19610323,   13,    0
  4970,132733,19610324,   11,    0
  4970,132733,19610325,   12,    0
  4970,132733,19610326,   36,    0
  4970,132733,19610327,    1,    0
  4970,132733,19610328,  -36,    0
  4970,132733,19610329,    0,    0
  4970,132733,19610330,   45,    0
  4970,132733,19610331,   62,    0
  4970,132733,19610401,   55,    0
  4970,132733,19610402,   78,    0
  4970,132733,19610403,   46,    0
  4970,132733,19610404,   85,    0
  4970,132733,19610405,  108,    0
  4970,132733,19610406,  106,    0
  4970,132733,19610407,  138,    0
  4970,132733,19610408,   60,    0
  4970,132733,19610409,   46,    0
  4970,132733,19610410,   86,    0
  4970,132733,19610411,  102,    0
  4970,132733,19610412,   90,    0
  4970,132733,19610413,   87,    0
  4970,132733,19610414,   61,    0
  4970,132733,19610415,   64,    0
  4970,132733,19610416,   30,    0
  4970,132733,19610417,   47,    0
  4970,132733,19610418,   59,    0
  4970,132733,19610419,   72,    0
  4970,132733,19610420,   76,    0
  4970,132733,19610421,   64,    0
  4970,132733,19610422,   95,    0
  4970,132733,19610423,   68,    0
  4970,132733,19610424,   53,    0
  4970,132733,19610425,   56,    0
  4970,132733,19610426,   82,    0
  4970,132733,19610427,   68,    0
  4970,132733,19610428,   55,    0
  4970,132733,19610429,   58,    0
  4970,132733,19610430,   66,    0
  4970,132733,19610501,   62,    0
  4970,132733,19610502,   80,    0
  4970,132733,19610503,   60,    0
  4970,132733,19610504,   94,    0
  4970,132733,19610505,  110,    0
  4970,132733,19610506,  100,    0
  4970,132733,19610507,   76,    0
  4970,132733,19610508,   53,    0
  4970,132733,19610509,   55,    0
  4970,132733,19610510,   33,    0
  4970,132733,19610511,   38,    0
  4970,132733,19610512,   25,    0
  4970,132733,19610513,   69,    0
  4970,132733,19610514,   80,    0
  4970,132733,19610515,   53,    0
  4970,132733,19610516,   36,    0
  4970,132733,19610517,   45,    0
  4970,132733,19610518,   50,    0
  4970,132733,19610519,   52,    0
  4970,132733,19610520,   53,    0
  4970,132733,19610521,   40,    0
  4970,132733,19610522,   23,    0
  4970,132733,19610523,   61,    0
  4970,132733,19610524,   49,    0
  4970,132733,19610525,   94,    0
  4970,132733,19610526,   71,    0
  4970,132733,19610527,   34,    0
  4970,132733,19610528,    6,    0
  4970,132733,19610529,   26,    0
  4970,132733,19610530,   24,    0
  4970,132733,19610531,   28,    0
  4970,132733,19610601,  113,    0
  4970,132733,19610602,   95,    0
  4970,132733,19610603,   80,    0
  4970,132733,19610604,   80,    0
  4970,132733,19610605,  116,    0
  4970,132733,19610606,  110,    0
  4970,132733,19610607,  130,    0
  4970,132733,19610608,  111,    0
  4970,132733,19610609,  102,    0
  4970,132733,19610610,   70,    0
  4970,132733,19610611,   95,    0
  4970,132733,19610612,   88,    0
  4970,132733,19610613,  103,    0
  4970,132733,19610614,   87,    0
  4970,132733,19610615,   54,    0
  4970,132733,19610616,   86,    0
  4970,132733,19610617,  109,    0
  4970,132733,19610618,  146,    0
  4970,132733,19610619,  126,    0
  4970,132733,19610620,   95,    0
  4970,132733,19610621,   94,    0
  4970,132733,19610622,  128,    0
  4970,132733,19610623,  100,    0
  4970,132733,19610624,   95,    0
  4970,132733,19610625,  136,    0
  4970,132733,19610626,  152,    0
  4970,132733,19610627,  102,    0
  4970,132733,19610628,   66,    0
  4970,132733,19610629,   90,    0
  4970,132733,19610630,  145,    0
  4970,132733,19610701,  140,    0
  4970,132733,19610702,  171,    0
  4970,132733,19610703,  153,    0
  4970,132733,19610704,   94,    0
  4970,132733,19610705,   50,    0
  4970,132733,19610706,   50,    0
  4970,132733,19610707,   66,    0
  4970,132733,19610708,   93,    0
  4970,132733,19610709,  112,    0
  4970,132733,19610710,  120,    0
  4970,132733,19610711,  130,    0
  4970,132733,19610712,  132,    0
  4970,132733,19610713,   98,    0
  4970,132733,19610714,   83,    0
  4970,132733,19610715,   92,    0
  4970,132733,19610716,   93,    0
  4970,132733,19610717,   86,    0
  4970,132733,19610718,  105,    0
  4970,132733,19610719,   87,    0
  4970,132733,19610720,   84,    0
  4970,132733,19610721,   95,    0
  4970,132733,19610722,   98,    0
  4970,132733,19610723,  100,    0
  4970,132733,19610724,   76,    0
  4970,132733,19610725,   62,    0
  4970,132733,19610726,  107,    0
  4970,132733,19610727,  124,    0
  4970,132733,19610728,  114,    0
  4970,132733,19610729,   64,    0
  4970,132733,19610730,   75,    0
  4970,132733,19610731,   86,    0
  4970,132733,19610801,  114,    0
  4970,132733,19610802,  116,    0
  4970,132733,19610803,   80,    0
  4970,132733,19610804,  125,    0
  4970,132733,19610805,  158,    0
  4970,132733,19610806,  136,    0
  4970,132733,19610807,  112,    0
  4970,132733,19610808,  132,    0
  4970,132733,19610809,  119,    0
  4970,132733,19610810,  111,    0
  4970,132733,19610811,  130,    0
  4970,132733,19610812,   90,    0
  4970,132733,19610813,   65,    0
  4970,132733,19610814,  104,    0
  4970,132733,19610815,  100,    0
  4970,132733,19610816,   60,    0
  4970,132733,19610817,   93,    0
  4970,132733,19610818,   76,    0
  4970,132733,19610819,  104,    0
  4970,132733,19610820,  100,    0
  4970,132733,19610821,  108,    0
  4970,132733,19610822,  117,    0
  4970,132733,19610823,  112,    0
  4970,132733,19610824,  104,    0
  4970,132733,19610825,  125,    0
  4970,132733,19610826,  126,    0
  4970,132733,19610827,  140,    0
  4970,132733,19610828,  152,    0
  4970,132733,19610829,  165,    0
  4970,132733,19610830,  163,    0
  4970,132733,19610831,  179,    0
  4970,132733,19610901,  164,    0
  4970,132733,19610902,  177,    0
  4970,132733,19610903,  152,    0
  4970,132733,19610904,  158,    0
  4970,132733,19610905,  135,    0
  4970,132733,19610906,  100,    0
  4970,132733,19610907,   82,    0
  4970,132733,19610908,   75,    0
  4970,132733,19610909,   82,    0
  4970,132733,19610910,   73,    0
  4970,132733,19610911,   88,    0
  4970,132733,19610912,  105,    0
  4970,132733,19610913,  118,    0
  4970,132733,19610914,  128,    0
  4970,132733,19610915,  103,    0
  4970,132733,19610916,  140,    0
  4970,132733,19610917,  181,    0
  4970,132733,19610918,  160,    0
  4970,132733,19610919,  171,    0
  4970,132733,19610920,  166,    0
  4970,132733,19610921,  154,    0
  4970,132733,19610922,  150,    0
  4970,132733,19610923,  130,    0
  4970,132733,19610924,  145,    0
  4970,132733,19610925,  133,    0
  4970,132733,19610926,  102,    0
  4970,132733,19610927,  104,    0
  4970,132733,19610928,  168,    0
  4970,132733,19610929,  156,    0
  4970,132733,19610930,  134,    0
  4970,132733,19611001,  110,    0
  4970,132733,19611002,  115,    0
  4970,132733,19611003,  134,    0
  4970,132733,19611004,  112,    0
  4970,132733,19611005,  104,    0
  4970,132733,19611006,  142,    0
  4970,132733,19611007,   90,    0
  4970,132733,19611008,   76,    0
  4970,132733,19611009,   92,    0
  4970,132733,19611010,   94,    0
  4970,132733,19611011,  102,    0
  4970,132733,19611012,   96,    0
  4970,132733,19611013,   85,    0
  4970,132733,19611014,   55,    0
  4970,132733,19611015,   55,    0
  4970,132733,19611016,   80,    0
  4970,132733,19611017,   64,    0
  4970,132733,19611018,   37,    0
  4970,132733,19611019,   25,    0
  4970,132733,19611020,   40,    0
  4970,132733,19611021,   30,    0
  4970,132733,19611022,   54,    0
  4970,132733,19611023,   72,    0
  4970,132733,19611024,   53,    0
  4970,132733,19611025,   90,    0
  4970,132733,19611026,   91,    0
  4970,132733,19611027,   65,    0
  4970,132733,19611028,   62,    0
  4970,132733,19611029,   62,    0
  4970,132733,19611030,   31,    0
  4970,132733,19611031,   40,    0
  4970,132733,19611101,   49,    0
  4970,132733,19611102,   55,    0
  4970,132733,19611103,    8,    0
  4970,132733,19611104,  -10,    0
  4970,132733,19611105,  -14,    0
  4970,132733,19611106,  -47,    0
  4970,132733,19611107,  -10,    0
  4970,132733,19611108,   -2,    0
  4970,132733,19611109,   52,    0
  4970,132733,19611110,   28,    0
  4970,132733,19611111,   22,    0
  4970,132733,19611112,   20,    0
  4970,132733,19611113,   25,    0
  4970,132733,19611114,   14,    0
  4970,132733,19611115,   14,    0
  4970,132733,19611116,   21,    0
  4970,132733,19611117,   -1,    0
  4970,132733,19611118,  -11,    0
  4970,132733,19611119,   15,    0
  4970,132733,19611120,   -8,    0
  4970,132733,19611121,  -34,    0
  4970,132733,19611122,  -28,    0
  4970,132733,19611123,   25,    0
  4970,132733,19611124,   42,    0
  4970,132733,19611125,   41,    0
  4970,132733,19611126,   52,    0
  4970,132733,19611127,   50,    0
  4970,132733,19611128,   30,    0
  4970,132733,19611129,   -4,    0
  4970,132733,19611130,    3,    0
  4970,132733,19611201,   60,    0
  4970,132733,19611202,    8,    0
  4970,132733,19611203,   -4,    0
  4970,132733,19611204,   75,    0
  4970,132733,19611205,   29,    0
  4970,132733,19611206,  -26,    0
  4970,132733,19611207,  -46,    0
  4970,132733,19611208,  -53,    0
  4970,132733,19611209,  -15,    0
  4970,132733,19611210,   46,    0
  4970,132733,19611211,   80,    0
  4970,132733,19611212,   84,    0
  4970,132733,19611213,   55,    0
  4970,132733,19611214,   50,    0
  4970,132733,19611215,  -60,    0
  4970,132733,19611216,  -76,    0
  4970,132733,19611217, -132,    0
  4970,132733,19611218, -115,    0
  4970,132733,19611219,  -98,    0
  4970,132733,19611220,  -56,    0
  4970,132733,19611221,   -4,    0
  4970,132733,19611222,  -22,    0
  4970,132733,19611223,  -84,    0
  4970,132733,19611224, -107,    0
  4970,132733,19611225, -114,    0
  4970,132733,19611226, -102,    0
  4970,132733,19611227,  -60,    0
  4970,132733,19611228,  -55,    0
  4970,132733,19611229,   -6,    0
  4970,132733,19611230,   30,    0
  4970,132733,19611231,   18,    0
  4970,132733,19620101,  -31,    0
  4970,132733,19620102,  -36,    0
  4970,132733,19620103,  -57,    0
  4970,132733,19620104,  -38,    0
  4970,132733,19620105,  -64,    0
  4970,132733,19620106,  -18,    0
  4970,132733,19620107,   -8,    0
  4970,132733,19620108,   -6,    0
  4970,132733,19620109,   -6,    0
  4970,132733,19620110,   28,    0
  4970,132733,19620111,   47,    0
  4970,132733,19620112,    6,    0
  4970,132733,19620113,    6,    0
  4970,132733,19620114,    1,    0
  4970,132733,19620115,    0,    0
  4970,132733,19620116,    0,    0
  4970,132733,19620117,   32,    0
  4970,132733,19620118,   46,    0
  4970,132733,19620119,   17,    0
  4970,132733,19620120,   50,    0
  4970,132733,19620121,   66,    0
  4970,132733,19620122,   12,    0
  4970,132733,19620123,    6,    0
  4970,132733,19620124,    6,    0
  4970,132733,19620125,   51,    0
  4970,132733,19620126,   48,    0
  4970,132733,19620127,   15,    0
  4970,132733,19620128,  -18,    0
  4970,132733,19620129,  -80,    0
  4970,132733,19620130, -108,    0
  4970,132733,19620131, -105,    0
  4970,132733,19620201,  -85,    0
  4970,132733,19620202,  -57,    0
  4970,132733,19620203,  -35,    0
  4970,132733,19620204,  -26,    0
  4970,132733,19620205,    8,    0
  4970,132733,19620206,    0,    0
  4970,132733,19620207,   46,    0
  4970,132733,19620208,   30,    0
  4970,132733,19620209,  -16,    0
  4970,132733,19620210,  -42,    0
  4970,132733,19620211,   -4,    0
  4970,132733,19620212,   -4,    0
  4970,132733,19620213,  -18,    0
  4970,132733,19620214,  -33,    0
  4970,132733,19620215,  -68,    0
  4970,132733,19620216,  -20,    0
  4970,132733,19620217,   -5,    0
  4970,132733,19620218,   -8,    0
  4970,132733,19620219,   16,    0
  4970,132733,19620220,    4,    0
  4970,132733,19620221,    4,    0
  4970,132733,19620222,  -36,    0
  4970,132733,19620223,  -60,    0
  4970,132733,19620224,  -53,    0
  4970,132733,19620225,  -70,    0
  4970,132733,19620226,  -73,    0
  4970,132733,19620227,  -60,    0
  4970,132733,19620228,  -46,    0
  4970,132733,19620301,  -33,    0
  4970,132733,19620302,  -35,    0
  4970,132733,19620303,  -46,    0
  4970,132733,19620304,  -30,    0
  4970,132733,19620305,  -34,    0
  4970,132733,19620306,  -58,    0
  4970,132733,19620307,  -66,    0
  4970,132733,19620308,  -58,    0
  4970,132733,19620309,  -11,    0
  4970,132733,19620310,   32,    0
  4970,132733,19620311,   34,    0
  4970,132733,19620312,  -24,    0
  4970,132733,19620313,  -60,    0
  4970,132733,19620314,  -66,    0
  4970,132733,19620315,  -58,    0
  4970,132733,19620316,  -55,    0
  4970,132733,19620317,  -82,    0
  4970,132733,19620318,  -44,    0
  4970,132733,19620319,  -60,    0
  4970,132733,19620320,  -60,    0
  4970,132733,19620321,  -45,    0
  4970,132733,19620322,  -46,    0
  4970,132733,19620323,  -52,    0
  4970,132733,19620324,  -31,    0
  4970,132733,19620325,  -45,    0
  4970,132733,19620326,   -4,    0
  4970,132733,19620327,    0,    0
  4970,132733,19620328,    3,    0
  4970,132733,19620329,   14,    0
  4970,132733,19620330,   68,    0
  4970,132733,19620331,   22,    0
  4970,132733,19620401,    6,    0
  4970,132733,19620402,   21,    0
  4970,132733,19620403,   36,    0
  4970,132733,19620404,   20,    0
  4970,132733,19620405,   10,    0
  4970,132733,19620406,   10,    0
  4970,132733,19620407,   -2,    0
  4970,132733,19620408,   28,    0
  4970,132733,19620409,    5,    0
  4970,132733,19620410,   -8,    0
  4970,132733,19620411,    8,    0
  4970,132733,19620412,   56,    0
  4970,132733,19620413,    0,    0
  4970,132733,19620414,  -25,    0
  4970,132733,19620415,    0,    0
  4970,132733,19620416,   14,    0
  4970,132733,19620417,   26,    0
  4970,132733,19620418,   77,    0
  4970,132733,19620419,   78,    0
  4970,132733,19620420,   82,    0
  4970,132733,19620421,   72,    0
  4970,132733,19620422,  114,    0
  4970,132733,19620423,   90,    0
  4970,132733,19620424,  110,    0
  4970,132733,19620425,  123,    0
  4970,132733,19620426,   94,    0
  4970,132733,19620427,   43,    0
  4970,132733,19620428,   36,    0
  4970,132733,19620429,   12,    0
  4970,132733,19620430,   10,    0
  4970,132733,19620501,  -25,    0
  4970,132733,19620502,   32,    0
  4970,132733,19620503,   20,    0
  4970,132733,19620504,   32,    0
  4970,132733,19620505,   62,    0
  4970,132733,19620506,  104,    0
  4970,132733,19620507,  115,    0
  4970,132733,19620508,  120,    0
  4970,132733,19620509,   87,    0
  4970,132733,19620510,   57,    0
  4970,132733,19620511,   42,    0
  4970,132733,19620512,   45,    0
  4970,132733,19620513,   18,    0
  4970,132733,19620514,   47,    0
  4970,132733,19620515,   32,    0
  4970,132733,19620516,    4,    0
  4970,132733,19620517,   50,    0
  4970,132733,19620518,   40,    0
  4970,132733,19620519,   76,    0
  4970,132733,19620520,   30,    0
  4970,132733,19620521,   62,    0
  4970,132733,19620522,   70,    0
  4970,132733,19620523,   85,    0
  4970,132733,19620524,   40,    0
  4970,132733,19620525,   31,    0
  4970,132733,19620526,   40,    0
  4970,132733,19620527,   37,    0
  4970,132733,19620528,   60,    0
  4970,132733,19620529,   32,    0
  4970,132733,19620530,   47,    0
  4970,132733,19620531,   50,    0
  4970,132733,19620601,    9,    0
  4970,132733,19620602,   14,    0
  4970,132733,19620603,   16,    0
  4970,132733,19620604,   41,    0
  4970,132733,19620605,   49,    0
  4970,132733,19620606,   76,    0
  4970,132733,19620607,   57,    0
  4970,132733,19620608,   92,    0
  4970,132733,19620609,  105,    0
  4970,132733,19620610,   93,    0
  4970,132733,19620611,   75,    0
  4970,132733,19620612,   60,    0
  4970,132733,19620613,  104,    0
  4970,132733,19620614,  120,    0
  4970,132733,19620615,  167,    0
  4970,132733,19620616,  155,    0
  4970,132733,19620617,  118,    0
  4970,132733,19620618,  160,    0
  4970,132733,19620619,  125,    0
  4970,132733,19620620,  104,    0
  4970,132733,19620621,  133,    0
  4970,132733,19620622,  132,    0
  4970,132733,19620623,  127,    0
  4970,132733,19620624,  126,    0
  4970,132733,19620625,   82,    0
  4970,132733,19620626,   57,    0
  4970,132733,19620627,   60,    0
  4970,132733,19620628,   44,    0
  4970,132733,19620629,   64,    0
  4970,132733,19620630,   32,    0
  4970,132733,19620701,   69,    0
  4970,132733,19620702,   91,    0
  4970,132733,19620703,   71,    0
  4970,132733,19620704,   55,    0
  4970,132733,19620705,   51,    0
  4970,132733,19620706,   57,    0
  4970,132733,19620707,   65,    0
  4970,132733,19620708,   74,    0
  4970,132733,19620709,  105,    0
  4970,132733,19620710,  153,    0
  4970,132733,19620711,  140,    0
  4970,132733,19620712,  106,    0
  4970,132733,19620713,  105,    0
  4970,132733,19620714,  108,    0
  4970,132733,19620715,  125,    0
  4970,132733,19620716,  124,    0
  4970,132733,19620717,  104,    0
  4970,132733,19620718,   65,    0
  4970,132733,19620719,   90,    0
  4970,132733,19620720,  137,    0
  4970,132733,19620721,  149,    0
  4970,132733,19620722,  125,    0
  4970,132733,19620723,  102,    0
  4970,132733,19620724,   96,    0
  4970,132733,19620725,  137,    0
  4970,132733,19620726,  160,    0
  4970,132733,19620727,  136,    0
  4970,132733,19620728,  100,    0
  4970,132733,19620729,   66,    0
  4970,132733,19620730,   87,    0
  4970,132733,19620731,  128,    0
  4970,132733,19620801,  119,    0
  4970,132733,19620802,  124,    0
  4970,132733,19620803,  135,    0
  4970,132733,19620804,  146,    0
  4970,132733,19620805,  144,    0
  4970,132733,19620806,  136,    0
  4970,132733,19620807,   99,    0
  4970,132733,19620808,   87,    0
  4970,132733,19620809,   63,    0
  4970,132733,19620810,  134,    0
  4970,132733,19620811,  130,    0
  4970,132733,19620812,  170,    0
  4970,132733,19620813,  184,    0
  4970,132733,19620814,  154,    0
  4970,132733,19620815,  152,    0
  4970,132733,19620816,  132,    0
  4970,132733,19620817,   90,    0
  4970,132733,19620818,   84,    0
  4970,132733,19620819,   84,    0
  4970,132733,19620820,  125,    0
  4970,132733,19620821,  120,    0
  4970,132733,19620822,   98,    0
  4970,132733,19620823,   84,    0
  4970,132733,19620824,  120,    0
  4970,132733,19620825,   94,    0
  4970,132733,19620826,   79,    0
  4970,132733,19620827,  104,    0
  4970,132733,19620828,   79,    0
  4970,132733,19620829,  138,    0
  4970,132733,19620830,   68,    0
  4970,132733,19620831,   88,    0
  4970,132733,19620901,   80,    0
  4970,132733,19620902,  112,    0
  4970,132733,19620903,  144,    0
  4970,132733,19620904,  137,    0
  4970,132733,19620905,  110,    0
  4970,132733,19620906,  110,    0
  4970,132733,19620907,  106,    0
  4970,132733,19620908,   76,    0
  4970,132733,19620909,   50,    0
  4970,132733,19620910,   76,    0
  4970,132733,19620911,  160,    0
  4970,132733,19620912,  153,    0
  4970,132733,19620913,   74,    0
  4970,132733,19620914,   60,    0
  4970,132733,19620915,   98,    0
  4970,132733,19620916,   81,    0
  4970,132733,19620917,   43,    0
  4970,132733,19620918,   47,    0
  4970,132733,19620919,   40,    0
  4970,132733,19620920,   50,    0
  4970,132733,19620921,   36,    0
  4970,132733,19620922,   65,    0
  4970,132733,19620923,   62,    0
  4970,132733,19620924,   79,    0
  4970,132733,19620925,   74,    0
  4970,132733,19620926,   64,    0
  4970,132733,19620927,   95,    0
  4970,132733,19620928,   92,    0
  4970,132733,19620929,   96,    0
  4970,132733,19620930,   93,    0
  4970,132733,19621001,  146,    0
  4970,132733,19621002,  146,    0
  4970,132733,19621003,  130,    0
  4970,132733,19621004,  116,    0
  4970,132733,19621005,   71,    0
  4970,132733,19621006,   60,    0
  4970,132733,19621007,   74,    0
  4970,132733,19621008,   82,    0
  4970,132733,19621009,   92,    0
  4970,132733,19621010,   68,    0
  4970,132733,19621011,   78,    0
  4970,132733,19621012,   12,    0
  4970,132733,19621013,   42,    0
  4970,132733,19621014,   39,    0
  4970,132733,19621015,   36,    0
  4970,132733,19621016,   24,    0
  4970,132733,19621017,   52,    0
  4970,132733,19621018,   32,    0
  4970,132733,19621019,   66,    0
  4970,132733,19621020,   66,    0
  4970,132733,19621021,   45,    0
  4970,132733,19621022,   25,    0
  4970,132733,19621023,   20,    0
  4970,132733,19621024,   79,    0
  4970,132733,19621025,   74,    0
  4970,132733,19621026,   95,    0
  4970,132733,19621027,   -4,    0
  4970,132733,19621028,   -6,    0
  4970,132733,19621029,   16,    0
  4970,132733,19621030,   -5,    0
  4970,132733,19621031,   23,    0
  4970,132733,19621101,   -2,    0
  4970,132733,19621102,  -23,    0
  4970,132733,19621103,   48,    0
  4970,132733,19621104,   50,    0
  4970,132733,19621105,    3,    0
  4970,132733,19621106,   50,    0
  4970,132733,19621107,   54,    0
  4970,132733,19621108,   85,    0
  4970,132733,19621109,   66,    0
  4970,132733,19621110,   36,    0
  4970,132733,19621111,   -6,    0
  4970,132733,19621112,   -5,    0
  4970,132733,19621113,  -20,    0
  4970,132733,19621114,  -22,    0
  4970,132733,19621115,  -15,    0
  4970,132733,19621116,  -18,    0
  4970,132733,19621117,  -22,    0
  4970,132733,19621118,   -7,    0
  4970,132733,19621119,   -9,    0
  4970,132733,19621120,  -34,    0
  4970,132733,19621121,  -34,    0
  4970,132733,19621122,  -39,    0
  4970,132733,19621123,  -56,    0
  4970,132733,19621124,  -62,    0
  4970,132733,19621125,  -36,    0
  4970,132733,19621126,   12,    0
  4970,132733,19621127,  -13,    0
  4970,132733,19621128,    0,    0
  4970,132733,19621129,   -4,    0
  4970,132733,19621130,   12,    0
  4970,132733,19621201,  -34,    0
  4970,132733,19621202,  -47,    0
  4970,132733,19621203,  -64,    0
  4970,132733,19621204,  -37,    0
  4970,132733,19621205,   -6,    0
  4970,132733,19621206,    3,    0
  4970,132733,19621207,  -32,    0
  4970,132733,19621208,  -27,    0
  4970,132733,19621209,  -22,    0
  4970,132733,19621210,    8,    0
  4970,132733,19621211,    7,    0
  4970,132733,19621212,   16,    0
  4970,132733,19621213,  -10,    0
  4970,132733,19621214,  -20,    0
  4970,132733,19621215,  -10,    0
  4970,132733,19621216,    9,    0
  4970,132733,19621217,    1,    0
  4970,132733,19621218,    2,    0
  4970,132733,19621219,   -9,    0
  4970,132733,19621220,  -14,    0
  4970,132733,19621221,   -6,    0
  4970,132733,19621222, -108,    0
  4970,132733,19621223, -146,    0
  4970,132733,19621224, -120,    0
  4970,132733,19621225, -116,    0
  4970,132733,19621226, -119,    0
  4970,132733,19621227, -117,    0
  4970,132733,19621228, -121,    0
  4970,132733,19621229, -118,    0
  4970,132733,19621230,  -75,    0
  4970,132733,19621231,  -52,    0
  4970,132733,19630101,  -64,    0
  4970,132733,19630102,  -54,    0
  4970,132733,19630103,  -40,    0
  4970,132733,19630104,  -21,    0
  4970,132733,19630105,   -9,    0
  4970,132733,19630106,  -21,    0
  4970,132733,19630107,  -43,    0
  4970,132733,19630108,  -44,    0
  4970,132733,19630109,  -58,    0
  4970,132733,19630110, -121,    0
  4970,132733,19630111, -145,    0
  4970,132733,19630112, -154,    0
  4970,132733,19630113, -165,    0
  4970,132733,19630114, -142,    0
  4970,132733,19630115, -115,    0
  4970,132733,19630116,  -91,    0
  4970,132733,19630117, -125,    0
  4970,132733,19630118, -148,    0
  4970,132733,19630119, -155,    0
  4970,132733,19630120, -100,    0
  4970,132733,19630121, -119,    0
  4970,132733,19630122, -119,    0
  4970,132733,19630123,  -80,    0
  4970,132733,19630124, -114,    0
  4970,132733,19630125, -114,    0
  4970,132733,19630126, -107,    0
  4970,132733,19630127,  -61,    0
  4970,132733,19630128,  -78,    0
  4970,132733,19630129,  -65,    0
  4970,132733,19630130, -102,    0
  4970,132733,19630131, -152,    0
  4970,132733,19630201, -141,    0
  4970,132733,19630202, -129,    0
  4970,132733,19630203, -136,    0
  4970,132733,19630204, -140,    0
  4970,132733,19630205, -104,    0
  4970,132733,19630206, -101,    0
  4970,132733,19630207,  -62,    0
  4970,132733,19630208,   -4,    0
  4970,132733,19630209,  -23,    0
  4970,132733,19630210,  -57,    0
  4970,132733,19630211,  -42,    0
  4970,132733,19630212,  -34,    0
  4970,132733,19630213,  -34,    0
  4970,132733,19630214,  -48,    0
  4970,132733,19630215,  -57,    0
  4970,132733,19630216,   -4,    0
  4970,132733,19630217,  -36,    0
  4970,132733,19630218,  -75,    0
  4970,132733,19630219,  -91,    0
  4970,132733,19630220,  -66,    0
  4970,132733,19630221,  -70,    0
  4970,132733,19630222, -100,    0
  4970,132733,19630223, -100,    0
  4970,132733,19630224, -114,    0
  4970,132733,19630225,  -99,    0
  4970,132733,19630226,  -71,    0
  4970,132733,19630227,  -52,    0
  4970,132733,19630228,  -81,    0
  4970,132733,19630301,  -82,    0
  4970,132733,19630302,  -60,    0
  4970,132733,19630303,  -45,    0
  4970,132733,19630304,  -34,    0
  4970,132733,19630305,  -14,    0
  4970,132733,19630306,   25,    0
  4970,132733,19630307,   45,    0
  4970,132733,19630308,   36,    0
  4970,132733,19630309,   34,    0
  4970,132733,19630310,   36,    0
  4970,132733,19630311,   30,    0
  4970,132733,19630312,   20,    0
  4970,132733,19630313,    6,    0
  4970,132733,19630314,    6,    0
  4970,132733,19630315,   35,    0
  4970,132733,19630316,   49,    0
  4970,132733,19630317,   33,    0
  4970,132733,19630318,   55,    0
  4970,132733,19630319,   46,    0
  4970,132733,19630320,   22,    0
  4970,132733,19630321,   -2,    0
  4970,132733,19630322,  -12,    0
  4970,132733,19630323,  -48,    0
  4970,132733,19630324,  -49,    0
  4970,132733,19630325,  -23,    0
  4970,132733,19630326,   12,    0
  4970,132733,19630327,   14,    0
  4970,132733,19630328,   14,    0
  4970,132733,19630329,   24,    0
  4970,132733,19630330,    8,    0
  4970,132733,19630331,    9,    0
  4970,132733,19630401,   10,    0
  4970,132733,19630402,    7,    0
  4970,132733,19630403,  -17,    0
  4970,132733,19630404,    3,    0
  4970,132733,19630405,    2,    0
  4970,132733,19630406,   24,    0
  4970,132733,19630407,   32,    0
  4970,132733,19630408,   63,    0
  4970,132733,19630409,   75,    0
  4970,132733,19630410,   73,    0
  4970,132733,19630411,   63,    0
  4970,132733,19630412,   58,    0
  4970,132733,19630413,   22,    0
  4970,132733,19630414,   15,    0
  4970,132733,19630415,   60,    0
  4970,132733,19630416,   65,    0
  4970,132733,19630417,   73,    0
  4970,132733,19630418,   58,    0
  4970,132733,19630419,   50,    0
  4970,132733,19630420,   64,    0
  4970,132733,19630421,   82,    0
  4970,132733,19630422,   61,    0
  4970,132733,19630423,   73,    0
  4970,132733,19630424,   80,    0
  4970,132733,19630425,   66,    0
  4970,132733,19630426,   55,    0
  4970,132733,19630427,   13,    0
  4970,132733,19630428,   45,    0
  4970,132733,19630429,  102,    0
  4970,132733,19630430,   78,    0
  4970,132733,19630501,   48,    0
  4970,132733,19630502,   35,    0
  4970,132733,19630503,   10,    0
  4970,132733,19630504,   28,    0
  4970,132733,19630505,    8,    0
  4970,132733,19630506,   64,    0
  4970,132733,19630507,   49,    0
  4970,132733,19630508,  102,    0
  4970,132733,19630509,   84,    0
  4970,132733,19630510,   58,    0
  4970,132733,19630511,   54,    0
  4970,132733,19630512,   32,    0
  4970,132733,19630513,   76,    0
  4970,132733,19630514,   53,    0
  4970,132733,19630515,   52,    0
  4970,132733,19630516,   63,    0
  4970,132733,19630517,   72,    0
  4970,132733,19630518,   70,    0
  4970,132733,19630519,   32,    0
  4970,132733,19630520,   13,    0
  4970,132733,19630521,   71,    0
  4970,132733,19630522,  110,    0
  4970,132733,19630523,   94,    0
  4970,132733,19630524,   58,    0
  4970,132733,19630525,   46,    0
  4970,132733,19630526,   94,    0
  4970,132733,19630527,  113,    0
  4970,132733,19630528,  118,    0
  4970,132733,19630529,  136,    0
  4970,132733,19630530,  107,    0
  4970,132733,19630531,  118,    0
  4970,132733,19630601,  140,    0
  4970,132733,19630602,  104,    0
  4970,132733,19630603,   76,    0
  4970,132733,19630604,  103,    0
  4970,132733,19630605,   99,    0
  4970,132733,19630606,  102,    0
  4970,132733,19630607,  114,    0
  4970,132733,19630608,  114,    0
  4970,132733,19630609,  111,    0
  4970,132733,19630610,  112,    0
  4970,132733,19630611,  113,    0
  4970,132733,19630612,   94,    0
  4970,132733,19630613,  114,    0
  4970,132733,19630614,   86,    0
  4970,132733,19630615,   59,    0
  4970,132733,19630616,   66,    0
  4970,132733,19630617,  114,    0
  4970,132733,19630618,  108,    0
  4970,132733,19630619,   76,    0
  4970,132733,19630620,   72,    0
  4970,132733,19630621,  143,    0
  4970,132733,19630622,  143,    0
  4970,132733,19630623,  104,    0
  4970,132733,19630624,   73,    0
  4970,132733,19630625,  108,    0
  4970,132733,19630626,  104,    0
  4970,132733,19630627,   96,    0
  4970,132733,19630628,  101,    0
  4970,132733,19630629,   92,    0
  4970,132733,19630630,  104,    0
  4970,132733,19630701,  117,    0
  4970,132733,19630702,  115,    0
  4970,132733,19630703,  110,    0
  4970,132733,19630704,  134,    0
  4970,132733,19630705,  104,    0
  4970,132733,19630706,  126,    0
  4970,132733,19630707,  144,    0
  4970,132733,19630708,   92,    0
  4970,132733,19630709,   99,    0
  4970,132733,19630710,  102,    0
  4970,132733,19630711,  105,    0
  4970,132733,19630712,  104,    0
  4970,132733,19630713,   88,    0
  4970,132733,19630714,   88,    0
  4970,132733,19630715,  114,    0
  4970,132733,19630716,  140,    0
  4970,132733,19630717,  140,    0
  4970,132733,19630718,  126,    0
  4970,132733,19630719,  110,    0
  4970,132733,19630720,  122,    0
  4970,132733,19630721,  142,    0
  4970,132733,19630722,  167,    0
  4970,132733,19630723,  163,    0
  4970,132733,19630724,  167,    0
  4970,132733,19630725,  118,    0
  4970,132733,19630726,   76,    0
  4970,132733,19630727,   86,    0
  4970,132733,19630728,   98,    0
  4970,132733,19630729,  110,    0
  4970,132733,19630730,  128,    0
  4970,132733,19630731,  112,    0
  4970,132733,19630801,  107,    0
  4970,132733,19630802,  179,    0
  4970,132733,19630803,  195,    0
  4970,132733,19630804,  129,    0
  4970,132733,19630805,  129,    0
  4970,132733,19630806,  144,    0
  4970,132733,19630807,  142,    0
  4970,132733,19630808,  112,    0
  4970,132733,19630809,  114,    0
  4970,132733,19630810,   83,    0
  4970,132733,19630811,  139,    0
  4970,132733,19630812,  120,    0
  4970,132733,19630813,  103,    0
  4970,132733,19630814,  108,    0
  4970,132733,19630815,  118,    0
  4970,132733,19630816,   94,    0
  4970,132733,19630817,  102,    0
  4970,132733,19630818,   91,    0
  4970,132733,19630819,   89,    0
  4970,132733,19630820,  101,    0
  4970,132733,19630821,   88,    0
  4970,132733,19630822,   91,    0
  4970,132733,19630823,  124,    0
  4970,132733,19630824,  100,    0
  4970,132733,19630825,  106,    0
  4970,132733,19630826,  146,    0
  4970,132733,19630827,  103,    0
  4970,132733,19630828,   78,    0
  4970,132733,19630829,   51,    0
  4970,132733,19630830,   61,    0
  4970,132733,19630831,  121,    0
  4970,132733,19630901,   96,    0
  4970,132733,19630902,  112,    0
  4970,132733,19630903,   96,    0
  4970,132733,19630904,   89,    0
  4970,132733,19630905,   90,    0
  4970,132733,19630906,   64,    0
  4970,132733,19630907,   54,    0
  4970,132733,19630908,   51,    0
  4970,132733,19630909,   86,    0
  4970,132733,19630910,   88,    0
  4970,132733,19630911,  102,    0
  4970,132733,19630912,  128,    0
  4970,132733,19630913,  105,    0
  4970,132733,19630914,  118,    0
  4970,132733,19630915,   98,    0
  4970,132733,19630916,  120,    0
  4970,132733,19630917,  135,    0
  4970,132733,19630918,  130,    0
  4970,132733,19630919,  130,    0
  4970,132733,19630920,  132,    0
  4970,132733,19630921,  140,    0
  4970,132733,19630922,  138,    0
  4970,132733,19630923,  132,    0
  4970,132733,19630924,  138,    0
  4970,132733,19630925,   52,    0
  4970,132733,19630926,   37,    0
  4970,132733,19630927,   54,    0
  4970,132733,19630928,   43,    0
  4970,132733,19630929,   54,    0
  4970,132733,19630930,   90,    0
  4970,132733,19631001,   70,    0
  4970,132733,19631002,   58,    0
  4970,132733,19631003,   45,    0
  4970,132733,19631004,   68,    0
  4970,132733,19631005,   34,    0
  4970,132733,19631006,   44,    0
  4970,132733,19631007,   56,    0
  4970,132733,19631008,   27,    0
  4970,132733,19631009,   64,    0
  4970,132733,19631010,   22,    0
  4970,132733,19631011,   89,    0
  4970,132733,19631012,   65,    0
  4970,132733,19631013,   80,    0
  4970,132733,19631014,   34,    0
  4970,132733,19631015,    5,    0
  4970,132733,19631016,   24,    0
  4970,132733,19631017,   52,    0
  4970,132733,19631018,   70,    0
  4970,132733,19631019,   64,    0
  4970,132733,19631020,   84,    0
  4970,132733,19631021,  103,    0
  4970,132733,19631022,   98,    0
  4970,132733,19631023,   66,    0
  4970,132733,19631024,   57,    0
  4970,132733,19631025,   46,    0
  4970,132733,19631026,   46,    0
  4970,132733,19631027,   26,    0
  4970,132733,19631028,   21,    0
  4970,132733,19631029,    0,    0
  4970,132733,19631030,  -16,    0
  4970,132733,19631031,    6,    0
  4970,132733,19631101,   42,    0
  4970,132733,19631102,   67,    0
  4970,132733,19631103,   65,    0
  4970,132733,19631104,   52,    0
  4970,132733,19631105,   96,    0
  4970,132733,19631106,   77,    0
  4970,132733,19631107,   50,    0
  4970,132733,19631108,   59,    0
  4970,132733,19631109,   81,    0
  4970,132733,19631110,   82,    0
  4970,132733,19631111,   87,    0
  4970,132733,19631112,   74,    0
  4970,132733,19631113,   55,    0
  4970,132733,19631114,   21,    0
  4970,132733,19631115,   24,    0
  4970,132733,19631116,   49,    0
  4970,132733,19631117,   30,    0
  4970,132733,19631118,   61,    0
  4970,132733,19631119,  107,    0
  4970,132733,19631120,   22,    0
  4970,132733,19631121,  -11,    0
  4970,132733,19631122,   22,    0
  4970,132733,19631123,   37,    0
  4970,132733,19631124,   44,    0
  4970,132733,19631125,   44,    0
  4970,132733,19631126,   39,    0
  4970,132733,19631127,   19,    0
  4970,132733,19631128,    4,    0
  4970,132733,19631129,   32,    0
  4970,132733,19631130,    4,    0
  4970,132733,19631201,    2,    0
  4970,132733,19631202,   -6,    0
  4970,132733,19631203,  -20,    0
  4970,132733,19631204,  -24,    0
  4970,132733,19631205,  -32,    0
  4970,132733,19631206,  -20,    0
  4970,132733,19631207,  -32,    0
  4970,132733,19631208,  -35,    0
  4970,132733,19631209,  -66,    0
  4970,132733,19631210,  -70,    0
  4970,132733,19631211,  -22,    0
  4970,132733,19631212,  -73,    0
  4970,132733,19631213,  -61,    0
  4970,132733,19631214, -111,    0
  4970,132733,19631215, -115,    0
  4970,132733,19631216,  -72,    0
  4970,132733,19631217,  -73,    0
  4970,132733,19631218, -112,    0
  4970,132733,19631219, -145,    0
  4970,132733,19631220, -113,    0
  4970,132733,19631221, -133,    0
  4970,132733,19631222, -112,    0
  4970,132733,19631223, -112,    0
  4970,132733,19631224,  -96,    0
  4970,132733,19631225, -107,    0
  4970,132733,19631226,   16,    0
  4970,132733,19631227,   22,    0
  4970,132733,19631228,  -30,    0
  4970,132733,19631229,  -54,    0
  4970,132733,19631230,  -29,    0
  4970,132733,19631231,  -52,    0
  4970,132733,19640101,  -21,    0
  4970,132733,19640102,  -38,    0
  4970,132733,19640103,  -23,    0
  4970,132733,19640104,  -22,    0
  4970,132733,19640105,  -72,    0
  4970,132733,19640106,  -46,    0
  4970,132733,19640107,  -13,    0
  4970,132733,19640108,  -28,    0
  4970,132733,19640109,    4,    0
  4970,132733,19640110,  -40,    0
  4970,132733,19640111,  -54,    0
  4970,132733,19640112,  -66,    0
  4970,132733,19640113,  -61,    0
  4970,132733,19640114,   16,    0
  4970,132733,19640115,  -70,    0
  4970,132733,19640116,  -92,    0
  4970,132733,19640117,  -80,    0
  4970,132733,19640118,  -87,    0
  4970,132733,19640119,  -51,    0
  4970,132733,19640120,  -67,    0
  4970,132733,19640121, -120,    0
  4970,132733,19640122, -100,    0
  4970,132733,19640123,  -32,    0
  4970,132733,19640124,  -44,    0
  4970,132733,19640125,  -18,    0
  4970,132733,19640126,  -15,    0
  4970,132733,19640127,  -20,    0
  4970,132733,19640128,  -42,    0
  4970,132733,19640129,  -28,    0
  4970,132733,19640130,  -20,    0
  4970,132733,19640131,   -6,    0
  4970,132733,19640201,    3,    0
  4970,132733,19640202,   37,    0
  4970,132733,19640203,   28,    0
  4970,132733,19640204,    6,    0
  4970,132733,19640205,  -15,    0
  4970,132733,19640206,  -38,    0
  4970,132733,19640207,  -41,    0
  4970,132733,19640208,  -30,    0
  4970,132733,19640209,    3,    0
  4970,132733,19640210,   12,    0
  4970,132733,19640211,    0,    0
  4970,132733,19640212,    8,    0
  4970,132733,19640213,  -17,    0
  4970,132733,19640214,  -55,    0
  4970,132733,19640215,  -47,    0
  4970,132733,19640216,  -23,    0
  4970,132733,19640217,   -6,    0
  4970,132733,19640218,   -9,    0
  4970,132733,19640219,  -36,    0
  4970,132733,19640220,  -54,    0
  4970,132733,19640221,  -80,    0
  4970,132733,19640222,  -54,    0
  4970,132733,19640223,   -3,    0
  4970,132733,19640224,   50,    0
  4970,132733,19640225,   44,    0
  4970,132733,19640226,   28,    0
  4970,132733,19640227,   64,    0
  4970,132733,19640228,   40,    0
  4970,132733,19640229,   34,    0
  4970,132733,19640301,   22,    0
  4970,132733,19640302,   14,    0
  4970,132733,19640303,  -42,    0
  4970,132733,19640304,  -39,    0
  4970,132733,19640305,  -48,    0
  4970,132733,19640306,  -69,    0
  4970,132733,19640307,  -69,    0
  4970,132733,19640308,  -97,    0
  4970,132733,19640309,  -72,    0
  4970,132733,19640310,  -41,    0
  4970,132733,19640311,  -26,    0
  4970,132733,19640312,   -1,    0
  4970,132733,19640313,    8,    0
  4970,132733,19640314,    6,    0
  4970,132733,19640315,  -30,    0
  4970,132733,19640316,  -52,    0
  4970,132733,19640317,  -77,    0
  4970,132733,19640318,  -70,    0
  4970,132733,19640319,  -26,    0
  4970,132733,19640320,   59,    0
  4970,132733,19640321,   48,    0
  4970,132733,19640322,   42,    0
  4970,132733,19640323,   31,    0
  4970,132733,19640324,   21,    0
  4970,132733,19640325,   48,    0
  4970,132733,19640326,   18,    0
  4970,132733,19640327,    5,    0
  4970,132733,19640328,    2,    0
  4970,132733,19640329,   -6,    0
  4970,132733,19640330,   -1,    0
  4970,132733,19640331,  -11,    0
  4970,132733,19640401,   13,    0
  4970,132733,19640402,   32,    0
  4970,132733,19640403,   32,    0
  4970,132733,19640404,    4,    0
  4970,132733,19640405,    0,    0
  4970,132733,19640406,    0,    0
  4970,132733,19640407,  -30,    0
  4970,132733,19640408,  -22,    0
  4970,132733,19640409,   22,    0
  4970,132733,19640410,   45,    0
  4970,132733,19640411,   65,    0
  4970,132733,19640412,   31,    0
  4970,132733,19640413,   66,    0
  4970,132733,19640414,   33,    0
  4970,132733,19640415,   40,    0
  4970,132733,19640416,   81,    0
  4970,132733,19640417,  121,    0
  4970,132733,19640418,   86,    0
  4970,132733,19640419,   80,    0
  4970,132733,19640420,   65,    0
  4970,132733,19640421,   64,    0
  4970,132733,19640422,   56,    0
  4970,132733,19640423,   62,    0
  4970,132733,19640424,   30,    0
  4970,132733,19640425,   44,    0
  4970,132733,19640426,   26,    0
  4970,132733,19640427,   35,    0
  4970,132733,19640428,  107,    0
  4970,132733,19640429,   74,    0
  4970,132733,19640430,   46,    0
  4970,132733,19640501,   25,    0
  4970,132733,19640502,   43,    0
  4970,132733,19640503,   96,    0
  4970,132733,19640504,   72,    0
  4970,132733,19640505,   66,    0
  4970,132733,19640506,   39,    0
  4970,132733,19640507,  100,    0
  4970,132733,19640508,   94,    0
  4970,132733,19640509,   44,    0
  4970,132733,19640510,   74,    0
  4970,132733,19640511,   58,    0
  4970,132733,19640512,   97,    0
  4970,132733,19640513,  145,    0
  4970,132733,19640514,   76,    0
  4970,132733,19640515,   44,    0
  4970,132733,19640516,   33,    0
  4970,132733,19640517,   97,    0
  4970,132733,19640518,  120,    0
  4970,132733,19640519,  124,    0
  4970,132733,19640520,   92,    0
  4970,132733,19640521,   43,    0
  4970,132733,19640522,   78,    0
  4970,132733,19640523,   76,    0
  4970,132733,19640524,  107,    0
  4970,132733,19640525,  128,    0
  4970,132733,19640526,  106,    0
  4970,132733,19640527,   88,    0
  4970,132733,19640528,  117,    0
  4970,132733,19640529,  107,    0
  4970,132733,19640530,  106,    0
  4970,132733,19640531,  136,    0
  4970,132733,19640601,  155,    0
  4970,132733,19640602,  116,    0
  4970,132733,19640603,  114,    0
  4970,132733,19640604,  106,    0
  4970,132733,19640605,  130,    0
  4970,132733,19640606,   90,    0
  4970,132733,19640607,  139,    0
  4970,132733,19640608,  109,    0
  4970,132733,19640609,   85,    0
  4970,132733,19640610,  125,    0
  4970,132733,19640611,  130,    0
  4970,132733,19640612,  144,    0
  4970,132733,19640613,  194,    0
  4970,132733,19640614,  127,    0
  4970,132733,19640615,   99,    0
  4970,132733,19640616,   95,    0
  4970,132733,19640617,   92,    0
  4970,132733,19640618,  143,    0
  4970,132733,19640619,  108,    0
  4970,132733,19640620,   74,    0
  4970,132733,19640621,   19,    0
  4970,132733,19640622,   47,    0
  4970,132733,19640623,   46,    0
  4970,132733,19640624,   64,    0
  4970,132733,19640625,   84,    0
  4970,132733,19640626,  111,    0
  4970,132733,19640627,  122,    0
  4970,132733,19640628,  122,    0
  4970,132733,19640629,  105,    0
  4970,132733,19640630,   55,    0
  4970,132733,19640701,  110,    0
  4970,132733,19640702,   57,    0
  4970,132733,19640703,   84,    0
  4970,132733,19640704,   90,    0
  4970,132733,19640705,   49,    0
  4970,132733,19640706,   64,    0
  4970,132733,19640707,   67,    0
  4970,132733,19640708,  121,    0
  4970,132733,19640709,  100,    0
  4970,132733,19640710,   74,    0
  4970,132733,19640711,   63,    0
  4970,132733,19640712,  106,    0
  4970,132733,19640713,   98,    0
  4970,132733,19640714,  149,    0
  4970,132733,19640715,  156,    0
  4970,132733,19640716,  190,    0
  4970,132733,19640717,  163,    0
  4970,132733,19640718,  218,    0
  4970,132733,19640719,  177,    0
  4970,132733,19640720,  132,    0
  4970,132733,19640721,  168,    0
  4970,132733,19640722,  141,    0
  4970,132733,19640723,   96,    0
  4970,132733,19640724,   94,    0
  4970,132733,19640725,  124,    0
  4970,132733,19640726,  182,    0
  4970,132733,19640727,  168,    0
  4970,132733,19640728,  158,    0
  4970,132733,19640729,  127,    0
  4970,132733,19640730,  109,    0
  4970,132733,19640731,  150,    0
  4970,132733,19640801,  132,    0
  4970,132733,19640802,  114,    0
  4970,132733,19640803,   74,    0
  4970,132733,19640804,  143,    0
  4970,132733,19640805,  131,    0
  4970,132733,19640806,  166,    0
  4970,132733,19640807,  162,    0
  4970,132733,19640808,  110,    0
  4970,132733,19640809,   96,    0
  4970,132733,19640810,   80,    0
  4970,132733,19640811,   85,    0
  4970,132733,19640812,  103,    0
  4970,132733,19640813,  111,    0
  4970,132733,19640814,  121,    0
  4970,132733,19640815,  125,    0
  4970,132733,19640816,  113,    0
  4970,132733,19640817,  158,    0
  4970,132733,19640818,  126,    0
  4970,132733,19640819,  110,    0
  4970,132733,19640820,   85,    0
  4970,132733,19640821,   85,    0
  4970,132733,19640822,   74,    0
  4970,132733,19640823,   92,    0
  4970,132733,19640824,  124,    0
  4970,132733,19640825,  145,    0
  4970,132733,19640826,  176,    0
  4970,132733,19640827,  190,    0
  4970,132733,19640828,  181,    0
  4970,132733,19640829,  116,    0
  4970,132733,19640830,   55,    0
  4970,132733,19640831,   65,    0
  4970,132733,19640901,   64,    0
  4970,132733,19640902,   78,    0
  4970,132733,19640903,  104,    0
  4970,132733,19640904,  161,    0
  4970,132733,19640905,  160,    0
  4970,132733,19640906,  121,    0
  4970,132733,19640907,  102,    0
  4970,132733,19640908,  102,    0
  4970,132733,19640909,  109,    0
  4970,132733,19640910,  141,    0
  4970,132733,19640911,  138,    0
  4970,132733,19640912,  101,    0
  4970,132733,19640913,   65,    0
  4970,132733,19640914,  118,    0
  4970,132733,19640915,  137,    0
  4970,132733,19640916,  122,    0
  4970,132733,19640917,   98,    0
  4970,132733,19640918,   77,    0
  4970,132733,19640919,   90,    0
  4970,132733,19640920,   73,    0
  4970,132733,19640921,   53,    0
  4970,132733,19640922,   23,    0
  4970,132733,19640923,   64,    0
  4970,132733,19640924,   70,    0
  4970,132733,19640925,   94,    0
  4970,132733,19640926,  124,    0
  4970,132733,19640927,  100,    0
  4970,132733,19640928,   67,    0
  4970,132733,19640929,   81,    0
  4970,132733,19640930,   76,    0
  4970,132733,19641001,   66,    0
  4970,132733,19641002,   82,    0
  4970,132733,19641003,   82,    0
  4970,132733,19641004,   74,    0
  4970,132733,19641005,   64,    0
  4970,132733,19641006,   83,    0
  4970,132733,19641007,  124,    0
  4970,132733,19641008,   66,    0
  4970,132733,19641009,   44,    0
  4970,132733,19641010,   43,    0
  4970,132733,19641011,   39,    0
  4970,132733,19641012,   36,    0
  4970,132733,19641013,   12,    0
  4970,132733,19641014,   12,    0
  4970,132733,19641015,   35,    0
  4970,132733,19641016,   53,    0
  4970,132733,19641017,   43,    0
  4970,132733,19641018,   50,    0
  4970,132733,19641019,   31,    0
  4970,132733,19641020,    2,    0
  4970,132733,19641021,   -6,    0
  4970,132733,19641022,   -6,    0
  4970,132733,19641023,   10,    0
  4970,132733,19641024,    3,    0
  4970,132733,19641025,    0,    0
  4970,132733,19641026,   -9,    0
  4970,132733,19641027,   -3,    0
  4970,132733,19641028,   27,    0
  4970,132733,19641029,   58,    0
  4970,132733,19641030,   67,    0
  4970,132733,19641031,   59,    0
  4970,132733,19641101,   50,    0
  4970,132733,19641102,   23,    0
  4970,132733,19641103,    9,    0
  4970,132733,19641104,    4,    0
  4970,132733,19641105,   -5,    0
  4970,132733,19641106,  -22,    0
  4970,132733,19641107,   -9,    0
  4970,132733,19641108,   -3,    0
  4970,132733,19641109,    2,    0
  4970,132733,19641110,   -6,    0
  4970,132733,19641111,   12,    0
  4970,132733,19641112,   38,    0
  4970,132733,19641113,   46,    0
  4970,132733,19641114,   76,    0
  4970,132733,19641115,   58,    0
  4970,132733,19641116,   44,    0
  4970,132733,19641117,   57,    0
  4970,132733,19641118,   60,    0
  4970,132733,19641119,   54,    0
  4970,132733,19641120,   60,    0
  4970,132733,19641121,   59,    0
  4970,132733,19641122,   18,    0
  4970,132733,19641123,   14,    0
  4970,132733,19641124,   33,    0
  4970,132733,19641125,   56,    0
  4970,132733,19641126,   70,    0
  4970,132733,19641127,   36,    0
  4970,132733,19641128,   -1,    0
  4970,132733,19641129,  -18,    0
  4970,132733,19641130,  -34,    0
  4970,132733,19641201,  -20,    0
  4970,132733,19641202,  -36,    0
  4970,132733,19641203,  -49,    0
  4970,132733,19641204,  -34,    0
  4970,132733,19641205,  -19,    0
  4970,132733,19641206,  -19,    0
  4970,132733,19641207,   34,    0
  4970,132733,19641208,   18,    0
  4970,132733,19641209,   56,    0
  4970,132733,19641210,   42,    0
  4970,132733,19641211,  -17,    0
  4970,132733,19641212,  -17,    0
  4970,132733,19641213,   11,    0
  4970,132733,19641214,   19,    0
  4970,132733,19641215,   53,    0
  4970,132733,19641216,   29,    0
  4970,132733,19641217,   10,    0
  4970,132733,19641218,  -10,    0
  4970,132733,19641219,   -8,    0
  4970,132733,19641220,  -29,    0
  4970,132733,19641221,  -45,    0
  4970,132733,19641222,  -33,    0
  4970,132733,19641223,  -54,    0
  4970,132733,19641224,  -98,    0
  4970,132733,19641225, -102,    0
  4970,132733,19641226,  -67,    0
  4970,132733,19641227,  -88,    0
  4970,132733,19641228,  -88,    0
  4970,132733,19641229, -114,    0
  4970,132733,19641230, -113,    0
  4970,132733,19641231,    7,    0
  4970,132733,19650101,   14,    0
  4970,132733,19650102,   -4,    0
  4970,132733,19650103,  -22,    0
  4970,132733,19650104,  -43,    0
  4970,132733,19650105,  -59,    0
  4970,132733,19650106,  -20,    0
  4970,132733,19650107,   -1,    0
  4970,132733,19650108,    4,    0
  4970,132733,19650109,   10,    0
  4970,132733,19650110,   28,    0
  4970,132733,19650111,    7,    0
  4970,132733,19650112,   26,    0
  4970,132733,19650113,   14,    0
  4970,132733,19650114,    2,    0
  4970,132733,19650115,    2,    0
  4970,132733,19650116,   -6,    0
  4970,132733,19650117,    0,    0
  4970,132733,19650118,   -6,    0
  4970,132733,19650119,  -27,    0
  4970,132733,19650120,  -42,    0
  4970,132733,19650121,  -38,    0
  4970,132733,19650122,  -21,    0
  4970,132733,19650123,   -4,    0
  4970,132733,19650124,    4,    0
  4970,132733,19650125,    7,    0
  4970,132733,19650126,  -31,    0
  4970,132733,19650127,  -42,    0
  4970,132733,19650128,  -38,    0
  4970,132733,19650129,  -19,    0
  4970,132733,19650130,   24,    0
  4970,132733,19650131,  -10,    0
  4970,132733,19650201,  -56,    0
  4970,132733,19650202,  -65,    0
  4970,132733,19650203,  -68,    0
  4970,132733,19650204,  -19,    0
  4970,132733,19650205,   -2,    0
  4970,132733,19650206,  -10,    0
  4970,132733,19650207,  -19,    0
  4970,132733,19650208,  -39,    0
  4970,132733,19650209,  -75,    0
  4970,132733,19650210, -102,    0
  4970,132733,19650211,  -10,    0
  4970,132733,19650212,   -2,    0
  4970,132733,19650213,   -4,    0
  4970,132733,19650214,  -27,    0
  4970,132733,19650215,  -28,    0
  4970,132733,19650216,  -56,    0
  4970,132733,19650217,  -75,    0
  4970,132733,19650218,  -95,    0
  4970,132733,19650219,  -96,    0
  4970,132733,19650220,  -66,    0
  4970,132733,19650221,  -91,    0
  4970,132733,19650222, -116,    0
  4970,132733,19650223,  -55,    0
  4970,132733,19650224,  -51,    0
  4970,132733,19650225,  -56,    0
  4970,132733,19650226,  -41,    0
  4970,132733,19650227,  -41,    0
  4970,132733,19650228,  -24,    0
  4970,132733,19650301,  -51,    0
  4970,132733,19650302,  -52,    0
  4970,132733,19650303,  -78,    0
  4970,132733,19650304, -100,    0
  4970,132733,19650305,  -52,    0
  4970,132733,19650306,  -38,    0
  4970,132733,19650307,  -58,    0
  4970,132733,19650308,  -83,    0
  4970,132733,19650309,  -33,    0
  4970,132733,19650310,  -61,    0
  4970,132733,19650311,  -46,    0
  4970,132733,19650312,    3,    0
  4970,132733,19650313,    9,    0
  4970,132733,19650314,   48,    0
  4970,132733,19650315,   62,    0
  4970,132733,19650316,   64,    0
  4970,132733,19650317,   33,    0
  4970,132733,19650318,   44,    0
  4970,132733,19650319,   35,    0
  4970,132733,19650320,   25,    0
  4970,132733,19650321,   45,    0
  4970,132733,19650322,   12,    0
  4970,132733,19650323,   28,    0
  4970,132733,19650324,   54,    0
  4970,132733,19650325,   15,    0
  4970,132733,19650326,   35,    0
  4970,132733,19650327,   28,    0
  4970,132733,19650328,   54,    0
  4970,132733,19650329,   48,    0
  4970,132733,19650330,   57,    0
  4970,132733,19650331,   12,    0
  4970,132733,19650401,   34,    0
  4970,132733,19650402,   21,    0
  4970,132733,19650403,   35,    0
  4970,132733,19650404,   80,    0
  4970,132733,19650405,   68,    0
  4970,132733,19650406,   84,    0
  4970,132733,19650407,   38,    0
  4970,132733,19650408,   36,    0
  4970,132733,19650409,   22,    0
  4970,132733,19650410,   10,    0
  4970,132733,19650411,   54,    0
  4970,132733,19650412,   34,    0
  4970,132733,19650413,   14,    0
  4970,132733,19650414,   -1,    0
  4970,132733,19650415,   34,    0
  4970,132733,19650416,   42,    0
  4970,132733,19650417,   16,    0
  4970,132733,19650418,   14,    0
  4970,132733,19650419,   -2,    0
  4970,132733,19650420,  -21,    0
  4970,132733,19650421,   16,    0
  4970,132733,19650422,   42,    0
  4970,132733,19650423,   21,    0
  4970,132733,19650424,   38,    0
  4970,132733,19650425,   27,    0
  4970,132733,19650426,   10,    0
  4970,132733,19650427,    7,    0
  4970,132733,19650428,    8,    0
  4970,132733,19650429,   26,    0
  4970,132733,19650430,   40,    0
  4970,132733,19650501,   44,    0
  4970,132733,19650502,   81,    0
  4970,132733,19650503,   97,    0
  4970,132733,19650504,   98,    0
  4970,132733,19650505,   63,    0
  4970,132733,19650506,   56,    0
  4970,132733,19650507,   53,    0
  4970,132733,19650508,   86,    0
  4970,132733,19650509,   90,    0
  4970,132733,19650510,   64,    0
  4970,132733,19650511,   34,    0
  4970,132733,19650512,   24,    0
  4970,132733,19650513,   66,    0
  4970,132733,19650514,  102,    0
  4970,132733,19650515,  134,    0
  4970,132733,19650516,  115,    0
  4970,132733,19650517,   92,    0
  4970,132733,19650518,   97,    0
  4970,132733,19650519,   36,    0
  4970,132733,19650520,   -8,    0
  4970,132733,19650521,   17,    0
  4970,132733,19650522,   46,    0
  4970,132733,19650523,   98,    0
  4970,132733,19650524,   96,    0
  4970,132733,19650525,   84,    0
  4970,132733,19650526,   61,    0
  4970,132733,19650527,   72,    0
  4970,132733,19650528,   78,    0
  4970,132733,19650529,   66,    0
  4970,132733,19650530,   62,    0
  4970,132733,19650531,   68,    0
  4970,132733,19650601,   66,    0
  4970,132733,19650602,   76,    0
  4970,132733,19650603,   66,    0
  4970,132733,19650604,   90,    0
  4970,132733,19650605,  104,    0
  4970,132733,19650606,  102,    0
  4970,132733,19650607,   82,    0
  4970,132733,19650608,  100,    0
  4970,132733,19650609,   85,    0
  4970,132733,19650610,   92,    0
  4970,132733,19650611,   75,    0
  4970,132733,19650612,   72,    0
  4970,132733,19650613,  124,    0
  4970,132733,19650614,  122,    0
  4970,132733,19650615,  118,    0
  4970,132733,19650616,  167,    0
  4970,132733,19650617,   98,    0
  4970,132733,19650618,   96,    0
  4970,132733,19650619,  122,    0
  4970,132733,19650620,   94,    0
  4970,132733,19650621,  121,    0
  4970,132733,19650622,  138,    0
  4970,132733,19650623,   92,    0
  4970,132733,19650624,  112,    0
  4970,132733,19650625,  122,    0
  4970,132733,19650626,  143,    0
  4970,132733,19650627,   84,    0
  4970,132733,19650628,   80,    0
  4970,132733,19650629,  100,    0
  4970,132733,19650630,  140,    0
  4970,132733,19650701,  118,    0
  4970,132733,19650702,   58,    0
  4970,132733,19650703,   85,    0
  4970,132733,19650704,   63,    0
  4970,132733,19650705,   54,    0
  4970,132733,19650706,   75,    0
  4970,132733,19650707,   86,    0
  4970,132733,19650708,   76,    0
  4970,132733,19650709,   72,    0
  4970,132733,19650710,   68,    0
  4970,132733,19650711,  104,    0
  4970,132733,19650712,  144,    0
  4970,132733,19650713,  134,    0
  4970,132733,19650714,  166,    0
  4970,132733,19650715,  114,    0
  4970,132733,19650716,  137,    0
  4970,132733,19650717,  119,    0
  4970,132733,19650718,  126,    0
  4970,132733,19650719,  134,    0
  4970,132733,19650720,  136,    0
  4970,132733,19650721,  123,    0
  4970,132733,19650722,  100,    0
  4970,132733,19650723,  107,    0
  4970,132733,19650724,  107,    0
  4970,132733,19650725,  108,    0
  4970,132733,19650726,   94,    0
  4970,132733,19650727,  113,    0
  4970,132733,19650728,  104,    0
  4970,132733,19650729,  121,    0
  4970,132733,19650730,  110,    0
  4970,132733,19650731,   78,    0
  4970,132733,19650801,   61,    0
  4970,132733,19650802,   73,    0
  4970,132733,19650803,  108,    0
  4970,132733,19650804,  117,    0
  4970,132733,19650805,  118,    0
  4970,132733,19650806,  166,    0
  4970,132733,19650807,  149,    0
  4970,132733,19650808,   95,    0
  4970,132733,19650809,   64,    0
  4970,132733,19650810,  106,    0
  4970,132733,19650811,  100,    0
  4970,132733,19650812,  108,    0
  4970,132733,19650813,  103,    0
  4970,132733,19650814,  132,    0
  4970,132733,19650815,  122,    0
  4970,132733,19650816,  127,    0
  4970,132733,19650817,  123,    0
  4970,132733,19650818,  115,    0
  4970,132733,19650819,  130,    0
  4970,132733,19650820,  134,    0
  4970,132733,19650821,  123,    0
  4970,132733,19650822,  114,    0
  4970,132733,19650823,  104,    0
  4970,132733,19650824,   74,    0
  4970,132733,19650825,   76,    0
  4970,132733,19650826,   76,    0
  4970,132733,19650827,   96,    0
  4970,132733,19650828,   70,    0
  4970,132733,19650829,  108,    0
  4970,132733,19650830,   60,    0
  4970,132733,19650831,   70,    0
  4970,132733,19650901,   77,    0
  4970,132733,19650902,   88,    0
  4970,132733,19650903,   88,    0
  4970,132733,19650904,   95,    0
  4970,132733,19650905,   82,    0
  4970,132733,19650906,   77,    0
  4970,132733,19650907,   77,    0
  4970,132733,19650908,  107,    0
  4970,132733,19650909,  102,    0
  4970,132733,19650910,   78,    0
  4970,132733,19650911,   62,    0
  4970,132733,19650912,   74,    0
  4970,132733,19650913,   78,    0
  4970,132733,19650914,   78,    0
  4970,132733,19650915,   79,    0
  4970,132733,19650916,  113,    0
  4970,132733,19650917,  135,    0
  4970,132733,19650918,   97,    0
  4970,132733,19650919,   66,    0
  4970,132733,19650920,   60,    0
  4970,132733,19650921,   70,    0
  4970,132733,19650922,   77,    0
  4970,132733,19650923,   98,    0
  4970,132733,19650924,  119,    0
  4970,132733,19650925,  126,    0
  4970,132733,19650926,  102,    0
  4970,132733,19650927,   64,    0
  4970,132733,19650928,   83,    0
  4970,132733,19650929,   76,    0
  4970,132733,19650930,   88,    0
  4970,132733,19651001,  100,    0
  4970,132733,19651002,   91,    0
  4970,132733,19651003,   54,    0
  4970,132733,19651004,   98,    0
  4970,132733,19651005,  116,    0
  4970,132733,19651006,   95,    0
  4970,132733,19651007,   96,    0
  4970,132733,19651008,   94,    0
  4970,132733,19651009,   65,    0
  4970,132733,19651010,   24,    0
  4970,132733,19651011,   40,    0
  4970,132733,19651012,   47,    0
  4970,132733,19651013,   60,    0
  4970,132733,19651014,   43,    0
  4970,132733,19651015,   84,    0
  4970,132733,19651016,   54,    0
  4970,132733,19651017,   40,    0
  4970,132733,19651018,   22,    0
  4970,132733,19651019,   39,    0
  4970,132733,19651020,   36,    0
  4970,132733,19651021,   27,    0
  4970,132733,19651022,   13,    0
  4970,132733,19651023,    2,    0
  4970,132733,19651024,   23,    0
  4970,132733,19651025,   28,    0
  4970,132733,19651026,   54,    0
  4970,132733,19651027,   96,    0
  4970,132733,19651028,   89,    0
  4970,132733,19651029,   50,    0
  4970,132733,19651030,   34,    0
  4970,132733,19651031,   60,    0
  4970,132733,19651101,   76,    0
  4970,132733,19651102,   54,    0
  4970,132733,19651103,    5,    0
  4970,132733,19651104,  -14,    0
  4970,132733,19651105,  -20,    0
  4970,132733,19651106,   -8,    0
  4970,132733,19651107,   55,    0
  4970,132733,19651108,   56,    0
  4970,132733,19651109,   58,    0
  4970,132733,19651110,   51,    0
  4970,132733,19651111,   38,    0
  4970,132733,19651112,  -17,    0
  4970,132733,19651113,  -37,    0
  4970,132733,19651114,  -58,    0
  4970,132733,19651115,  -66,    0
  4970,132733,19651116,  -94,    0
  4970,132733,19651117,  -55,    0
  4970,132733,19651118,   16,    0
  4970,132733,19651119,   40,    0
  4970,132733,19651120,   49,    0
  4970,132733,19651121,  -34,    0
  4970,132733,19651122,  -52,    0
  4970,132733,19651123,  -90,    0
  4970,132733,19651124,  -43,    0
  4970,132733,19651125,  -24,    0
  4970,132733,19651126,  -14,    0
  4970,132733,19651127,  -17,    0
  4970,132733,19651128,  -12,    0
  4970,132733,19651129,  -14,    0
  4970,132733,19651130,  -18,    0
  4970,132733,19651201,   -7,    0
  4970,132733,19651202,   -8,    0
  4970,132733,19651203,   18,    0
  4970,132733,19651204,   13,    0
  4970,132733,19651205,   15,    0
  4970,132733,19651206,   14,    0
  4970,132733,19651207,    8,    0
  4970,132733,19651208,   -6,    0
  4970,132733,19651209,  -20,    0
  4970,132733,19651210,    5,    0
  4970,132733,19651211,   -9,    0
  4970,132733,19651212,    3,    0
  4970,132733,19651213,   24,    0
  4970,132733,19651214,    4,    0
  4970,132733,19651215,  -14,    0
  4970,132733,19651216,   -9,    0
  4970,132733,19651217,   34,    0
  4970,132733,19651218,   82,    0
  4970,132733,19651219,   75,    0
  4970,132733,19651220,   60,    0
  4970,132733,19651221,    2,    0
  4970,132733,19651222,    3,    0
  4970,132733,19651223,    4,    0
  4970,132733,19651224,   20,    0
  4970,132733,19651225,   43,    0
  4970,132733,19651226,   -6,    0
  4970,132733,19651227,   -8,    0
  4970,132733,19651228,  -45,    0
  4970,132733,19651229,  -52,    0
  4970,132733,19651230,  -37,    0
  4970,132733,19651231,    5,    0
  4970,132733,19660101,   41,    0
  4970,132733,19660102,   20,    0
  4970,132733,19660103,   -1,    0
  4970,132733,19660104,  -25,    0
  4970,132733,19660105,  -65,    0
  4970,132733,19660106,  -64,    0
  4970,132733,19660107,  -43,    0
  4970,132733,19660108,  -24,    0
  4970,132733,19660109,  -74,    0
  4970,132733,19660110,  -75,    0
  4970,132733,19660111, -101,    0
  4970,132733,19660112, -102,    0
  4970,132733,19660113,  -86,    0
  4970,132733,19660114, -112,    0
  4970,132733,19660115, -137,    0
  4970,132733,19660116, -140,    0
  4970,132733,19660117, -135,    0
  4970,132733,19660118, -132,    0
  4970,132733,19660119, -146,    0
  4970,132733,19660120, -104,    0
  4970,132733,19660121,  -46,    0
  4970,132733,19660122,    8,    0
  4970,132733,19660123,   -4,    0
  4970,132733,19660124,   -8,    0
  4970,132733,19660125,    6,    0
  4970,132733,19660126,    2,    0
  4970,132733,19660127,   36,    0
  4970,132733,19660128,    8,    0
  4970,132733,19660129,   26,    0
  4970,132733,19660130,   74,    0
  4970,132733,19660131,   59,    0
  4970,132733,19660201,   65,    0
  4970,132733,19660202,   50,    0
  4970,132733,19660203,   16,    0
  4970,132733,19660204,   -4,    0
  4970,132733,19660205,   28,    0
  4970,132733,19660206,   81,    0
  4970,132733,19660207,   47,    0
  4970,132733,19660208,   43,    0
  4970,132733,19660209,   49,    0
  4970,132733,19660210,   51,    0
  4970,132733,19660211,   22,    0
  4970,132733,19660212,   12,    0
  4970,132733,19660213,    4,    0
  4970,132733,19660214,  -12,    0
  4970,132733,19660215,   -8,    0
  4970,132733,19660216,  -20,    0
  4970,132733,19660217,   19,    0
  4970,132733,19660218,   39,    0
  4970,132733,19660219,   50,    0
  4970,132733,19660220,   66,    0
  4970,132733,19660221,   57,    0
  4970,132733,19660222,   45,    0
  4970,132733,19660223,   40,    0
  4970,132733,19660224,   32,    0
  4970,132733,19660225,   59,    0
  4970,132733,19660226,   66,    0
  4970,132733,19660227,   62,    0
  4970,132733,19660228,   48,    0
  4970,132733,19660301,   34,    0
  4970,132733,19660302,   -7,    0
  4970,132733,19660303,    5,    0
  4970,132733,19660304,   24,    0
  4970,132733,19660305,   33,    0
  4970,132733,19660306,    6,    0
  4970,132733,19660307,   11,    0
  4970,132733,19660308,   11,    0
  4970,132733,19660309,   14,    0
  4970,132733,19660310,   25,    0
  4970,132733,19660311,    6,    0
  4970,132733,19660312,   -2,    0
  4970,132733,19660313,  -14,    0
  4970,132733,19660314,  -47,    0
  4970,132733,19660315,  -20,    0
  4970,132733,19660316,   -6,    0
  4970,132733,19660317,   29,    0
  4970,132733,19660318,   15,    0
  4970,132733,19660319,    5,    0
  4970,132733,19660320,  -26,    0
  4970,132733,19660321,  -24,    0
  4970,132733,19660322,   35,    0
  4970,132733,19660323,   27,    0
  4970,132733,19660324,   -8,    0
  4970,132733,19660325,  -39,    0
  4970,132733,19660326,  -27,    0
  4970,132733,19660327,   -2,    0
  4970,132733,19660328,   -5,    0
  4970,132733,19660329,  -17,    0
  4970,132733,19660330,  -24,    0
  4970,132733,19660331,   17,    0
  4970,132733,19660401,    5,    0
  4970,132733,19660402,   48,    0
  4970,132733,19660403,   46,    0
  4970,132733,19660404,   12,    0
  4970,132733,19660405,   -6,    0
  4970,132733,19660406,   82,    0
  4970,132733,19660407,   75,    0
  4970,132733,19660408,   79,    0
  4970,132733,19660409,   69,    0
  4970,132733,19660410,   66,    0
  4970,132733,19660411,   46,    0
  4970,132733,19660412,   43,    0
  4970,132733,19660413,   24,    0
  4970,132733,19660414,  -14,    0
  4970,132733,19660415,   37,    0
  4970,132733,19660416,   69,    0
  4970,132733,19660417,   52,    0
  4970,132733,19660418,   68,    0
  4970,132733,19660419,   87,    0
  4970,132733,19660420,   71,    0
  4970,132733,19660421,   21,    0
  4970,132733,19660422,   18,    0
  4970,132733,19660423,   84,    0
  4970,132733,19660424,   75,    0
  4970,132733,19660425,   66,    0
  4970,132733,19660426,   68,    0
  4970,132733,19660427,   93,    0
  4970,132733,19660428,   89,    0
  4970,132733,19660429,   36,    0
  4970,132733,19660430,   84,    0
  4970,132733,19660501,   87,    0
  4970,132733,19660502,  102,    0
  4970,132733,19660503,  123,    0
  4970,132733,19660504,  103,    0
  4970,132733,19660505,   83,    0
  4970,132733,19660506,   64,    0
  4970,132733,19660507,   42,    0
  4970,132733,19660508,   46,    0
  4970,132733,19660509,   50,    0
  4970,132733,19660510,   44,    0
  4970,132733,19660511,   30,    0
  4970,132733,19660512,   87,    0
  4970,132733,19660513,  122,    0
  4970,132733,19660514,  116,    0
  4970,132733,19660515,  106,    0
  4970,132733,19660516,  124,    0
  4970,132733,19660517,  156,    0
  4970,132733,19660518,  110,    0
  4970,132733,19660519,   90,    0
  4970,132733,19660520,   80,    0
  4970,132733,19660521,   76,    0
  4970,132733,19660522,  108,    0
  4970,132733,19660523,   56,    0
  4970,132733,19660524,   33,    0
  4970,132733,19660525,   76,    0
  4970,132733,19660526,   80,    0
  4970,132733,19660527,   66,    0
  4970,132733,19660528,   44,    0
  4970,132733,19660529,   45,    0
  4970,132733,19660530,   35,    0
  4970,132733,19660531,   76,    0
  4970,132733,19660601,   60,    0
  4970,132733,19660602,   54,    0
  4970,132733,19660603,   74,    0
  4970,132733,19660604,  122,    0
  4970,132733,19660605,  148,    0
  4970,132733,19660606,  131,    0
  4970,132733,19660607,  139,    0
  4970,132733,19660608,  127,    0
  4970,132733,19660609,  150,    0
  4970,132733,19660610,  143,    0
  4970,132733,19660611,  170,    0
  4970,132733,19660612,  146,    0
  4970,132733,19660613,  132,    0
  4970,132733,19660614,  137,    0
  4970,132733,19660615,  132,    0
  4970,132733,19660616,  150,    0
  4970,132733,19660617,  166,    0
  4970,132733,19660618,  104,    0
  4970,132733,19660619,   83,    0
  4970,132733,19660620,   96,    0
  4970,132733,19660621,   96,    0
  4970,132733,19660622,  103,    0
  4970,132733,19660623,  138,    0
  4970,132733,19660624,  106,    0
  4970,132733,19660625,   97,    0
  4970,132733,19660626,  114,    0
  4970,132733,19660627,  107,    0
  4970,132733,19660628,   81,    0
  4970,132733,19660629,   78,    0
  4970,132733,19660630,   90,    0
  4970,132733,19660701,   77,    0
  4970,132733,19660702,  108,    0
  4970,132733,19660703,  147,    0
  4970,132733,19660704,  137,    0
  4970,132733,19660705,  124,    0
  4970,132733,19660706,  108,    0
  4970,132733,19660707,   88,    0
  4970,132733,19660708,   87,    0
  4970,132733,19660709,  105,    0
  4970,132733,19660710,  144,    0
  4970,132733,19660711,  126,    0
  4970,132733,19660712,   89,    0
  4970,132733,19660713,  145,    0
  4970,132733,19660714,  110,    0
  4970,132733,19660715,   73,    0
  4970,132733,19660716,   99,    0
  4970,132733,19660717,   75,    0
  4970,132733,19660718,   75,    0
  4970,132733,19660719,   96,    0
  4970,132733,19660720,   95,    0
  4970,132733,19660721,   82,    0
  4970,132733,19660722,  124,    0
  4970,132733,19660723,  122,    0
  4970,132733,19660724,  103,    0
  4970,132733,19660725,   98,    0
  4970,132733,19660726,   81,    0
  4970,132733,19660727,  126,    0
  4970,132733,19660728,  102,    0
  4970,132733,19660729,   94,    0
  4970,132733,19660730,   98,    0
  4970,132733,19660731,   94,    0
  4970,132733,19660801,  106,    0
  4970,132733,19660802,   84,    0
  4970,132733,19660803,  114,    0
  4970,132733,19660804,  126,    0
  4970,132733,19660805,   91,    0
  4970,132733,19660806,   79,    0
  4970,132733,19660807,  122,    0
  4970,132733,19660808,  108,    0
  4970,132733,19660809,   82,    0
  4970,132733,19660810,  124,    0
  4970,132733,19660811,  156,    0
  4970,132733,19660812,  157,    0
  4970,132733,19660813,  191,    0
  4970,132733,19660814,  120,    0
  4970,132733,19660815,   88,    0
  4970,132733,19660816,   80,    0
  4970,132733,19660817,   77,    0
  4970,132733,19660818,  148,    0
  4970,132733,19660819,  146,    0
  4970,132733,19660820,  137,    0
  4970,132733,19660821,  137,    0
  4970,132733,19660822,  129,    0
  4970,132733,19660823,   87,    0
  4970,132733,19660824,   77,    0
  4970,132733,19660825,   34,    0
  4970,132733,19660826,   42,    0
  4970,132733,19660827,  100,    0
  4970,132733,19660828,  112,    0
  4970,132733,19660829,  113,    0
  4970,132733,19660830,  110,    0
  4970,132733,19660831,   80,    0
  4970,132733,19660901,  108,    0
  4970,132733,19660902,  118,    0
  4970,132733,19660903,  117,    0
  4970,132733,19660904,  116,    0
  4970,132733,19660905,  126,    0
  4970,132733,19660906,  116,    0
  4970,132733,19660907,  130,    0
  4970,132733,19660908,  118,    0
  4970,132733,19660909,   98,    0
  4970,132733,19660910,  117,    0
  4970,132733,19660911,  132,    0
  4970,132733,19660912,  160,    0
  4970,132733,19660913,  113,    0
  4970,132733,19660914,  104,    0
  4970,132733,19660915,   96,    0
  4970,132733,19660916,   68,    0
  4970,132733,19660917,   28,    0
  4970,132733,19660918,   45,    0
  4970,132733,19660919,   73,    0
  4970,132733,19660920,   62,    0
  4970,132733,19660921,   86,    0
  4970,132733,19660922,   75,    0
  4970,132733,19660923,   66,    0
  4970,132733,19660924,   92,    0
  4970,132733,19660925,   84,    0
  4970,132733,19660926,   64,    0
  4970,132733,19660927,   69,    0
  4970,132733,19660928,   68,    0
  4970,132733,19660929,   95,    0
  4970,132733,19660930,  115,    0
  4970,132733,19661001,  128,    0
  4970,132733,19661002,  112,    0
  4970,132733,19661003,  138,    0
  4970,132733,19661004,  176,    0
  4970,132733,19661005,  135,    0
  4970,132733,19661006,  145,    0
  4970,132733,19661007,  127,    0
  4970,132733,19661008,   84,    0
  4970,132733,19661009,   87,    0
  4970,132733,19661010,  113,    0
  4970,132733,19661011,   83,    0
  4970,132733,19661012,   78,    0
  4970,132733,19661013,  111,    0
  4970,132733,19661014,  110,    0
  4970,132733,19661015,  112,    0
  4970,132733,19661016,  103,    0
  4970,132733,19661017,   81,    0
  4970,132733,19661018,   74,    0
  4970,132733,19661019,   82,    0
  4970,132733,19661020,   77,    0
  4970,132733,19661021,   77,    0
  4970,132733,19661022,   72,    0
  4970,132733,19661023,   93,    0
  4970,132733,19661024,   62,    0
  4970,132733,19661025,   56,    0
  4970,132733,19661026,   49,    0
  4970,132733,19661027,   40,    0
  4970,132733,19661028,   31,    0
  4970,132733,19661029,   20,    0
  4970,132733,19661030,    4,    0
  4970,132733,19661031,  -18,    0
  4970,132733,19661101,  -36,    0
  4970,132733,19661102,  -52,    0
  4970,132733,19661103,  -42,    0
  4970,132733,19661104,  -24,    0
  4970,132733,19661105,  -27,    0
  4970,132733,19661106,   32,    0
  4970,132733,19661107,   68,    0
  4970,132733,19661108,   50,    0
  4970,132733,19661109,   70,    0
  4970,132733,19661110,   12,    0
  4970,132733,19661111,  -28,    0
  4970,132733,19661112,  -54,    0
  4970,132733,19661113,  -36,    0
  4970,132733,19661114,  -52,    0
  4970,132733,19661115,  -12,    0
  4970,132733,19661116,   16,    0
  4970,132733,19661117,    6,    0
  4970,132733,19661118,    2,    0
  4970,132733,19661119,   -9,    0
  4970,132733,19661120,  -12,    0
  4970,132733,19661121,   -6,    0
  4970,132733,19661122,   12,    0
  4970,132733,19661123,   -3,    0
  4970,132733,19661124,  -15,    0
  4970,132733,19661125,  -16,    0
  4970,132733,19661126,  -21,    0
  4970,132733,19661127,   -2,    0
  4970,132733,19661128,   31,    0
  4970,132733,19661129,  -20,    0
  4970,132733,19661130,  -16,    0
  4970,132733,19661201,    4,    0
  4970,132733,19661202,   24,    0
  4970,132733,19661203,  -19,    0
  4970,132733,19661204,  -32,    0
  4970,132733,19661205,   -9,    0
  4970,132733,19661206,  -43,    0
  4970,132733,19661207,  -64,    0
  4970,132733,19661208,  -77,    0
  4970,132733,19661209,  -10,    0
  4970,132733,19661210,   22,    0
  4970,132733,19661211,    7,    0
  4970,132733,19661212,    7,    0
  4970,132733,19661213,    4,    0
  4970,132733,19661214,    0,    0
  4970,132733,19661215,  -26,    0
  4970,132733,19661216,  -39,    0
  4970,132733,19661217,    7,    0
  4970,132733,19661218,   23,    0
  4970,132733,19661219,   18,    0
  4970,132733,19661220,    5,    0
  4970,132733,19661221,   -6,    0
  4970,132733,19661222,  -16,    0
  4970,132733,19661223,   10,    0
  4970,132733,19661224,   26,    0
  4970,132733,19661225,   -8,    0
  4970,132733,19661226,  -44,    0
  4970,132733,19661227,  -26,    0
  4970,132733,19661228,   14,    0
  4970,132733,19661229,   18,    0
  4970,132733,19661230,    3,    0
  4970,132733,19661231,   -2,    0
