EUROPEAN CLIMATE ASSESSMENT & DATASET (ECA&D), file created on: 15-03-2021
THESE DATA CAN BE USED FOR NON-COMMERCIAL RESEARCH AND EDUCATION PROVIDED THAT THE FOLLOWING SOURCE IS ACKNOWLEDGED: 

Klein Tank, A.M.G. and Coauthors, 2002. Daily dataset of 20th-century surface
air temperature and precipitation series for the European Climate Assessment.
Int. J. of Climatol., 22, 1441-1453.
Data and metadata available at http://www.ecad.eu

FILE FORMAT (MISSING VALUE CODE = -9999):

01-06 STAID: Station identifier
08-13 SOUID: Source identifier
15-22 DATE : Date YYYYMMDD
24-28 TN   : Minimum temperature in 0.1 &#176;C
30-34 Q_TN : quality code for TN (0='valid'; 1='suspect'; 9='missing')

This is the blended series of station FALUN, SWEDEN (STAID: 2)
Blended and updated with sources:6 36439 
See files sources.txt and stations.txt for more info.

STAID, SOUID,    DATE,   TN, Q_TN
     2, 36439,19610101,  -20,    0
     2, 36439,19610102,  -45,    0
     2, 36439,19610103,  -31,    0
     2, 36439,19610104,  -11,    0
     2, 36439,19610105,  -24,    0
     2, 36439,19610106,  -26,    0
     2, 36439,19610107, -136,    0
     2, 36439,19610108, -221,    0
     2, 36439,19610109, -142,    0
     2, 36439,19610110, -105,    0
     2, 36439,19610111, -138,    0
     2, 36439,19610112, -251,    0
     2, 36439,19610113, -112,    0
     2, 36439,19610114, -183,    0
     2, 36439,19610115,  -58,    0
     2, 36439,19610116,  -41,    0
     2, 36439,19610117,  -31,    0
     2, 36439,19610118,  -58,    0
     2, 36439,19610119, -166,    0
     2, 36439,19610120, -248,    0
     2, 36439,19610121, -251,    0
     2, 36439,19610122, -228,    0
     2, 36439,19610123,  -88,    0
     2, 36439,19610124, -161,    0
     2, 36439,19610125, -264,    0
     2, 36439,19610126, -211,    0
     2, 36439,19610127, -206,    0
     2, 36439,19610128,  -64,    0
     2, 36439,19610129,  -40,    0
     2, 36439,19610130,  -13,    0
     2, 36439,19610131, -113,    0
     2, 36439,19610201,  -76,    0
     2, 36439,19610202,  -35,    0
     2, 36439,19610203,  -78,    0
     2, 36439,19610204, -130,    0
     2, 36439,19610205, -240,    0
     2, 36439,19610206, -245,    0
     2, 36439,19610207,  -10,    0
     2, 36439,19610208, -106,    0
     2, 36439,19610209, -195,    0
     2, 36439,19610210, -108,    0
     2, 36439,19610211,  -36,    0
     2, 36439,19610212, -110,    0
     2, 36439,19610213, -167,    0
     2, 36439,19610214,  -20,    0
     2, 36439,19610215,  -41,    0
     2, 36439,19610216,  -72,    0
     2, 36439,19610217,  -28,    0
     2, 36439,19610218,  -20,    0
     2, 36439,19610219,  -40,    0
     2, 36439,19610220,  -34,    0
     2, 36439,19610221,  -20,    0
     2, 36439,19610222, -108,    0
     2, 36439,19610223, -101,    0
     2, 36439,19610224, -106,    0
     2, 36439,19610225,  -60,    0
     2, 36439,19610226,    3,    0
     2, 36439,19610227,   20,    0
     2, 36439,19610228,   -8,    0
     2, 36439,19610301,  -70,    0
     2, 36439,19610302,  -54,    0
     2, 36439,19610303,    4,    0
     2, 36439,19610304,  -18,    0
     2, 36439,19610305,   15,    0
     2, 36439,19610306,   -4,    0
     2, 36439,19610307,   41,    0
     2, 36439,19610308,  -14,    0
     2, 36439,19610309,   -7,    0
     2, 36439,19610310,    6,    0
     2, 36439,19610311,   17,    0
     2, 36439,19610312,   16,    0
     2, 36439,19610313,  -19,    0
     2, 36439,19610314,  -47,    0
     2, 36439,19610315,  -20,    0
     2, 36439,19610316,  -29,    0
     2, 36439,19610317,   -5,    0
     2, 36439,19610318,  -43,    0
     2, 36439,19610319,  -99,    0
     2, 36439,19610320, -135,    0
     2, 36439,19610321, -119,    0
     2, 36439,19610322, -109,    0
     2, 36439,19610323,  -31,    0
     2, 36439,19610324,  -19,    0
     2, 36439,19610325,  -39,    0
     2, 36439,19610326,   18,    0
     2, 36439,19610327,    0,    0
     2, 36439,19610328,   -3,    0
     2, 36439,19610329,  -89,    0
     2, 36439,19610330,  -21,    0
     2, 36439,19610331,  -99,    0
     2, 36439,19610401,  -90,    0
     2, 36439,19610402,  -97,    0
     2, 36439,19610403,  -93,    0
     2, 36439,19610404,  -47,    0
     2, 36439,19610405, -127,    0
     2, 36439,19610406,  -14,    0
     2, 36439,19610407,    1,    0
     2, 36439,19610408,  -89,    0
     2, 36439,19610409,  -59,    0
     2, 36439,19610410,  -62,    0
     2, 36439,19610411,  -52,    0
     2, 36439,19610412,  -45,    0
     2, 36439,19610413,  -27,    0
     2, 36439,19610414,   11,    0
     2, 36439,19610415,   27,    0
     2, 36439,19610416,  -14,    0
     2, 36439,19610417,  -37,    0
     2, 36439,19610418,    6,    0
     2, 36439,19610419,   -5,    0
     2, 36439,19610420,  -64,    0
     2, 36439,19610421,  -54,    0
     2, 36439,19610422,  -22,    0
     2, 36439,19610423,  -19,    0
     2, 36439,19610424,  -24,    0
     2, 36439,19610425,  -24,    0
     2, 36439,19610426,   -9,    0
     2, 36439,19610427,   -7,    0
     2, 36439,19610428,    1,    0
     2, 36439,19610429,  -25,    0
     2, 36439,19610430,   23,    0
     2, 36439,19610501,    8,    0
     2, 36439,19610502,   47,    0
     2, 36439,19610503,  -27,    0
     2, 36439,19610504,   81,    0
     2, 36439,19610505,   11,    0
     2, 36439,19610506,   86,    0
     2, 36439,19610507,   61,    0
     2, 36439,19610508,   61,    0
     2, 36439,19610509,   51,    0
     2, 36439,19610510,   42,    0
     2, 36439,19610511,   21,    0
     2, 36439,19610512,   14,    0
     2, 36439,19610513,   61,    0
     2, 36439,19610514,   61,    0
     2, 36439,19610515,   51,    0
     2, 36439,19610516,   11,    0
     2, 36439,19610517,    6,    0
     2, 36439,19610518,   56,    0
     2, 36439,19610519,   63,    0
     2, 36439,19610520,   43,    0
     2, 36439,19610521,   21,    0
     2, 36439,19610522,    6,    0
     2, 36439,19610523,    7,    0
     2, 36439,19610524,   51,    0
     2, 36439,19610525,   65,    0
     2, 36439,19610526,   13,    0
     2, 36439,19610527,    1,    0
     2, 36439,19610528,   31,    0
     2, 36439,19610529,   66,    0
     2, 36439,19610530,   71,    0
     2, 36439,19610531,  111,    0
     2, 36439,19610601,  154,    0
     2, 36439,19610602,  126,    0
     2, 36439,19610603,   93,    0
     2, 36439,19610604,  101,    0
     2, 36439,19610605,  119,    0
     2, 36439,19610606,  104,    0
     2, 36439,19610607,  118,    0
     2, 36439,19610608,  103,    0
     2, 36439,19610609,   96,    0
     2, 36439,19610610,  106,    0
     2, 36439,19610611,   71,    0
     2, 36439,19610612,   91,    0
     2, 36439,19610613,  119,    0
     2, 36439,19610614,  116,    0
     2, 36439,19610615,   61,    0
     2, 36439,19610616,   81,    0
     2, 36439,19610617,  110,    0
     2, 36439,19610618,  117,    0
     2, 36439,19610619,   96,    0
     2, 36439,19610620,   33,    0
     2, 36439,19610621,   96,    0
     2, 36439,19610622,   59,    0
     2, 36439,19610623,  109,    0
     2, 36439,19610624,   86,    0
     2, 36439,19610625,   41,    0
     2, 36439,19610626,   62,    0
     2, 36439,19610627,   81,    0
     2, 36439,19610628,   89,    0
     2, 36439,19610629,   87,    0
     2, 36439,19610630,  101,    0
     2, 36439,19610701,  124,    0
     2, 36439,19610702,  151,    0
     2, 36439,19610703,  151,    0
     2, 36439,19610704,   69,    0
     2, 36439,19610705,   92,    0
     2, 36439,19610706,   91,    0
     2, 36439,19610707,   71,    0
     2, 36439,19610708,   93,    0
     2, 36439,19610709,   73,    0
     2, 36439,19610710,  121,    0
     2, 36439,19610711,  121,    0
     2, 36439,19610712,  107,    0
     2, 36439,19610713,  131,    0
     2, 36439,19610714,  101,    0
     2, 36439,19610715,  141,    0
     2, 36439,19610716,   86,    0
     2, 36439,19610717,   86,    0
     2, 36439,19610718,  116,    0
     2, 36439,19610719,  121,    0
     2, 36439,19610720,  101,    0
     2, 36439,19610721,  101,    0
     2, 36439,19610722,  102,    0
     2, 36439,19610723,  101,    0
     2, 36439,19610724,   80,    0
     2, 36439,19610725,   65,    0
     2, 36439,19610726,   99,    0
     2, 36439,19610727,  122,    0
     2, 36439,19610728,  112,    0
     2, 36439,19610729,  112,    0
     2, 36439,19610730,   79,    0
     2, 36439,19610731,   96,    0
     2, 36439,19610801,  131,    0
     2, 36439,19610802,  126,    0
     2, 36439,19610803,  111,    0
     2, 36439,19610804,   86,    0
     2, 36439,19610805,  108,    0
     2, 36439,19610806,   67,    0
     2, 36439,19610807,   81,    0
     2, 36439,19610808,   60,    0
     2, 36439,19610809,   81,    0
     2, 36439,19610810,   96,    0
     2, 36439,19610811,   73,    0
     2, 36439,19610812,   81,    0
     2, 36439,19610813,   93,    0
     2, 36439,19610814,   56,    0
     2, 36439,19610815,  111,    0
     2, 36439,19610816,  106,    0
     2, 36439,19610817,  106,    0
     2, 36439,19610818,   91,    0
     2, 36439,19610819,  111,    0
     2, 36439,19610820,   81,    0
     2, 36439,19610821,   77,    0
     2, 36439,19610822,   14,    0
     2, 36439,19610823,   93,    0
     2, 36439,19610824,   44,    0
     2, 36439,19610825,   90,    0
     2, 36439,19610826,   30,    0
     2, 36439,19610827,  109,    0
     2, 36439,19610828,   51,    0
     2, 36439,19610829,   61,    0
     2, 36439,19610830,   76,    0
     2, 36439,19610831,  101,    0
     2, 36439,19610901,   73,    0
     2, 36439,19610902,   67,    0
     2, 36439,19610903,   88,    0
     2, 36439,19610904,   37,    0
     2, 36439,19610905,   36,    0
     2, 36439,19610906,   85,    0
     2, 36439,19610907,   72,    0
     2, 36439,19610908,   15,    0
     2, 36439,19610909,   56,    0
     2, 36439,19610910,   32,    0
     2, 36439,19610911,   67,    0
     2, 36439,19610912,  107,    0
     2, 36439,19610913,   82,    0
     2, 36439,19610914,   97,    0
     2, 36439,19610915,   57,    0
     2, 36439,19610916,   98,    0
     2, 36439,19610917,  127,    0
     2, 36439,19610918,   92,    0
     2, 36439,19610919,   33,    0
     2, 36439,19610920,   25,    0
     2, 36439,19610921,   22,    0
     2, 36439,19610922,   34,    0
     2, 36439,19610923,   47,    0
     2, 36439,19610924,   76,    0
     2, 36439,19610925,   82,    0
     2, 36439,19610926,   22,    0
     2, 36439,19610927,   18,    0
     2, 36439,19610928,   70,    0
     2, 36439,19610929,  107,    0
     2, 36439,19610930,  104,    0
     2, 36439,19611001,  101,    0
     2, 36439,19611002,   46,    0
     2, 36439,19611003,   31,    0
     2, 36439,19611004,   53,    0
     2, 36439,19611005,   78,    0
     2, 36439,19611006,  103,    0
     2, 36439,19611007,  105,    0
     2, 36439,19611008,   61,    0
     2, 36439,19611009,   86,    0
     2, 36439,19611010,   83,    0
     2, 36439,19611011,  121,    0
     2, 36439,19611012,   61,    0
     2, 36439,19611013,   39,    0
     2, 36439,19611014,   35,    0
     2, 36439,19611015,   37,    0
     2, 36439,19611016,    5,    0
     2, 36439,19611017,   31,    0
     2, 36439,19611018,   21,    0
     2, 36439,19611019,   78,    0
     2, 36439,19611020,  103,    0
     2, 36439,19611021,   99,    0
     2, 36439,19611022,   91,    0
     2, 36439,19611023,   70,    0
     2, 36439,19611024,   29,    0
     2, 36439,19611025,   16,    0
     2, 36439,19611026,    6,    0
     2, 36439,19611027,   70,    0
     2, 36439,19611028,   71,    0
     2, 36439,19611029,   73,    0
     2, 36439,19611030,    5,    0
     2, 36439,19611031,  -29,    0
     2, 36439,19611101,    1,    0
     2, 36439,19611102,  -27,    0
     2, 36439,19611103,   11,    0
     2, 36439,19611104,   11,    0
     2, 36439,19611105,  -45,    0
     2, 36439,19611106,  -69,    0
     2, 36439,19611107,   -9,    0
     2, 36439,19611108,    1,    0
     2, 36439,19611109,   46,    0
     2, 36439,19611110,   51,    0
     2, 36439,19611111,   39,    0
     2, 36439,19611112,   16,    0
     2, 36439,19611113,  -10,    0
     2, 36439,19611114,  -34,    0
     2, 36439,19611115,  -32,    0
     2, 36439,19611116,  -50,    0
     2, 36439,19611117,  -29,    0
     2, 36439,19611118,    1,    0
     2, 36439,19611119,  -69,    0
     2, 36439,19611120,  -69,    0
     2, 36439,19611121,   -5,    0
     2, 36439,19611122,  -55,    0
     2, 36439,19611123,  -72,    0
     2, 36439,19611124,  -29,    0
     2, 36439,19611125,   15,    0
     2, 36439,19611126,  -29,    0
     2, 36439,19611127,  -64,    0
     2, 36439,19611128, -100,    0
     2, 36439,19611129, -101,    0
     2, 36439,19611130,   -7,    0
     2, 36439,19611201,  -91,    0
     2, 36439,19611202, -112,    0
     2, 36439,19611203,  -86,    0
     2, 36439,19611204, -141,    0
     2, 36439,19611205, -149,    0
     2, 36439,19611206,  -16,    0
     2, 36439,19611207,  -97,    0
     2, 36439,19611208, -163,    0
     2, 36439,19611209, -183,    0
     2, 36439,19611210, -181,    0
     2, 36439,19611211, -151,    0
     2, 36439,19611212, -114,    0
     2, 36439,19611213, -172,    0
     2, 36439,19611214, -221,    0
     2, 36439,19611215, -223,    0
     2, 36439,19611216, -199,    0
     2, 36439,19611217,  -56,    0
     2, 36439,19611218, -139,    0
     2, 36439,19611219,  -61,    0
     2, 36439,19611220,    2,    0
     2, 36439,19611221, -103,    0
     2, 36439,19611222, -121,    0
     2, 36439,19611223, -178,    0
     2, 36439,19611224, -156,    0
     2, 36439,19611225, -116,    0
     2, 36439,19611226, -230,    0
     2, 36439,19611227, -256,    0
     2, 36439,19611228,  -62,    0
     2, 36439,19611229,  -90,    0
     2, 36439,19611230,  -76,    0
     2, 36439,19611231,  -41,    0
     2, 36439,19620101,  -88,    0
     2, 36439,19620102, -142,    0
     2, 36439,19620103, -125,    0
     2, 36439,19620104, -142,    0
     2, 36439,19620105,  -70,    0
     2, 36439,19620106, -130,    0
     2, 36439,19620107, -175,    0
     2, 36439,19620108,  -66,    0
     2, 36439,19620109,   -2,    0
     2, 36439,19620110,    5,    0
     2, 36439,19620111,    0,    0
     2, 36439,19620112,    2,    0
     2, 36439,19620113,  -50,    0
     2, 36439,19620114,  -64,    0
     2, 36439,19620115, -170,    0
     2, 36439,19620116, -186,    0
     2, 36439,19620117,    0,    0
     2, 36439,19620118,   11,    0
     2, 36439,19620119,  -40,    0
     2, 36439,19620120,  -94,    0
     2, 36439,19620121, -130,    0
     2, 36439,19620122, -120,    0
     2, 36439,19620123,  -73,    0
     2, 36439,19620124,  -63,    0
     2, 36439,19620125, -100,    0
     2, 36439,19620126, -162,    0
     2, 36439,19620127, -120,    0
     2, 36439,19620128, -180,    0
     2, 36439,19620129, -235,    0
     2, 36439,19620130, -301,    0
     2, 36439,19620131,  -50,    0
     2, 36439,19620201,  -49,    0
     2, 36439,19620202,  -65,    0
     2, 36439,19620203, -205,    0
     2, 36439,19620204,  -20,    0
     2, 36439,19620205, -175,    0
     2, 36439,19620206, -103,    0
     2, 36439,19620207, -132,    0
     2, 36439,19620208,   -9,    0
     2, 36439,19620209, -125,    0
     2, 36439,19620210,    4,    0
     2, 36439,19620211,  -46,    0
     2, 36439,19620212,  -32,    0
     2, 36439,19620213,  -82,    0
     2, 36439,19620214,  -92,    0
     2, 36439,19620215, -235,    0
     2, 36439,19620216,  -63,    0
     2, 36439,19620217,  -96,    0
     2, 36439,19620218, -115,    0
     2, 36439,19620219, -105,    0
     2, 36439,19620220,  -90,    0
     2, 36439,19620221,  -82,    0
     2, 36439,19620222, -157,    0
     2, 36439,19620223, -172,    0
     2, 36439,19620224,  -31,    0
     2, 36439,19620225,  -45,    0
     2, 36439,19620226,  -95,    0
     2, 36439,19620227,  -90,    0
     2, 36439,19620228, -199,    0
     2, 36439,19620301, -138,    0
     2, 36439,19620302,  -58,    0
     2, 36439,19620303,  -70,    0
     2, 36439,19620304, -220,    0
     2, 36439,19620305, -255,    0
     2, 36439,19620306, -266,    0
     2, 36439,19620307, -258,    0
     2, 36439,19620308, -248,    0
     2, 36439,19620309, -172,    0
     2, 36439,19620310,  -46,    0
     2, 36439,19620311,  -86,    0
     2, 36439,19620312, -250,    0
     2, 36439,19620313, -186,    0
     2, 36439,19620314, -240,    0
     2, 36439,19620315, -266,    0
     2, 36439,19620316, -228,    0
     2, 36439,19620317, -196,    0
     2, 36439,19620318, -155,    0
     2, 36439,19620319, -160,    0
     2, 36439,19620320, -186,    0
     2, 36439,19620321, -165,    0
     2, 36439,19620322,  -90,    0
     2, 36439,19620323, -150,    0
     2, 36439,19620324, -208,    0
     2, 36439,19620325, -156,    0
     2, 36439,19620326,  -74,    0
     2, 36439,19620327,  -74,    0
     2, 36439,19620328,  -61,    0
     2, 36439,19620329, -138,    0
     2, 36439,19620330, -161,    0
     2, 36439,19620331,  -30,    0
     2, 36439,19620401,  -16,    0
     2, 36439,19620402,  -11,    0
     2, 36439,19620403,  -53,    0
     2, 36439,19620404,   19,    0
     2, 36439,19620405,  -49,    0
     2, 36439,19620406,  -14,    0
     2, 36439,19620407,   -5,    0
     2, 36439,19620408,  -58,    0
     2, 36439,19620409,   -3,    0
     2, 36439,19620410,  -77,    0
     2, 36439,19620411,  -41,    0
     2, 36439,19620412,    9,    0
     2, 36439,19620413,    5,    0
     2, 36439,19620414,   -4,    0
     2, 36439,19620415,  -85,    0
     2, 36439,19620416,  -51,    0
     2, 36439,19620417,  -31,    0
     2, 36439,19620418,   14,    0
     2, 36439,19620419,  -19,    0
     2, 36439,19620420,  -24,    0
     2, 36439,19620421,   -4,    0
     2, 36439,19620422,   14,    0
     2, 36439,19620423,   34,    0
     2, 36439,19620424,  -41,    0
     2, 36439,19620425,  -24,    0
     2, 36439,19620426,   37,    0
     2, 36439,19620427,   19,    0
     2, 36439,19620428,   29,    0
     2, 36439,19620429,    4,    0
     2, 36439,19620430,  -69,    0
     2, 36439,19620501,    6,    0
     2, 36439,19620502,  -43,    0
     2, 36439,19620503,  -11,    0
     2, 36439,19620504,   -6,    0
     2, 36439,19620505,    1,    0
     2, 36439,19620506,   31,    0
     2, 36439,19620507,   39,    0
     2, 36439,19620508,   39,    0
     2, 36439,19620509,   31,    0
     2, 36439,19620510,   44,    0
     2, 36439,19620511,   49,    0
     2, 36439,19620512,   -4,    0
     2, 36439,19620513,   -1,    0
     2, 36439,19620514,   10,    0
     2, 36439,19620515,   11,    0
     2, 36439,19620516,   15,    0
     2, 36439,19620517,   51,    0
     2, 36439,19620518,   39,    0
     2, 36439,19620519,    1,    0
     2, 36439,19620520,   69,    0
     2, 36439,19620521,   67,    0
     2, 36439,19620522,    6,    0
     2, 36439,19620523,   59,    0
     2, 36439,19620524,   44,    0
     2, 36439,19620525,   84,    0
     2, 36439,19620526,   24,    0
     2, 36439,19620527,    4,    0
     2, 36439,19620528,   77,    0
     2, 36439,19620529,   49,    0
     2, 36439,19620530,   24,    0
     2, 36439,19620531,   -1,    0
     2, 36439,19620601,   20,    0
     2, 36439,19620602,   13,    0
     2, 36439,19620603,  -22,    0
     2, 36439,19620604,   82,    0
     2, 36439,19620605,   63,    0
     2, 36439,19620606,   17,    0
     2, 36439,19620607,   38,    0
     2, 36439,19620608,  103,    0
     2, 36439,19620609,   68,    0
     2, 36439,19620610,   52,    0
     2, 36439,19620611,   70,    0
     2, 36439,19620612,   25,    0
     2, 36439,19620613,   -3,    0
     2, 36439,19620614,  105,    0
     2, 36439,19620615,  105,    0
     2, 36439,19620616,   40,    0
     2, 36439,19620617,  120,    0
     2, 36439,19620618,   72,    0
     2, 36439,19620619,   60,    0
     2, 36439,19620620,  117,    0
     2, 36439,19620621,   95,    0
     2, 36439,19620622,   78,    0
     2, 36439,19620623,   85,    0
     2, 36439,19620624,   55,    0
     2, 36439,19620625,  102,    0
     2, 36439,19620626,   70,    0
     2, 36439,19620627,   60,    0
     2, 36439,19620628,   85,    0
     2, 36439,19620629,   75,    0
     2, 36439,19620630,   84,    0
     2, 36439,19620701,  120,    0
     2, 36439,19620702,   59,    0
     2, 36439,19620703,  110,    0
     2, 36439,19620704,   83,    0
     2, 36439,19620705,  102,    0
     2, 36439,19620706,   80,    0
     2, 36439,19620707,   90,    0
     2, 36439,19620708,   75,    0
     2, 36439,19620709,   76,    0
     2, 36439,19620710,   99,    0
     2, 36439,19620711,  105,    0
     2, 36439,19620712,   95,    0
     2, 36439,19620713,  100,    0
     2, 36439,19620714,   92,    0
     2, 36439,19620715,   89,    0
     2, 36439,19620716,  100,    0
     2, 36439,19620717,  100,    0
     2, 36439,19620718,   65,    0
     2, 36439,19620719,   70,    0
     2, 36439,19620720,   70,    0
     2, 36439,19620721,   90,    0
     2, 36439,19620722,  133,    0
     2, 36439,19620723,  102,    0
     2, 36439,19620724,   95,    0
     2, 36439,19620725,   78,    0
     2, 36439,19620726,   76,    0
     2, 36439,19620727,   63,    0
     2, 36439,19620728,   68,    0
     2, 36439,19620729,   45,    0
     2, 36439,19620730,   60,    0
     2, 36439,19620731,   64,    0
     2, 36439,19620801,   90,    0
     2, 36439,19620802,  108,    0
     2, 36439,19620803,   45,    0
     2, 36439,19620804,   58,    0
     2, 36439,19620805,   82,    0
     2, 36439,19620806,   57,    0
     2, 36439,19620807,   75,    0
     2, 36439,19620808,   99,    0
     2, 36439,19620809,   90,    0
     2, 36439,19620810,   32,    0
     2, 36439,19620811,   96,    0
     2, 36439,19620812,  114,    0
     2, 36439,19620813,  108,    0
     2, 36439,19620814,   20,    0
     2, 36439,19620815,   20,    0
     2, 36439,19620816,   60,    0
     2, 36439,19620817,   82,    0
     2, 36439,19620818,  101,    0
     2, 36439,19620819,   94,    0
     2, 36439,19620820,   31,    0
     2, 36439,19620821,   60,    0
     2, 36439,19620822,   91,    0
     2, 36439,19620823,   70,    0
     2, 36439,19620824,  107,    0
     2, 36439,19620825,  105,    0
     2, 36439,19620826,  105,    0
     2, 36439,19620827,   66,    0
     2, 36439,19620828,   85,    0
     2, 36439,19620829,   70,    0
     2, 36439,19620830,   64,    0
     2, 36439,19620831,   63,    0
     2, 36439,19620901,   55,    0
     2, 36439,19620902,   60,    0
     2, 36439,19620903,   66,    0
     2, 36439,19620904,  100,    0
     2, 36439,19620905,  116,    0
     2, 36439,19620906,  103,    0
     2, 36439,19620907,   32,    0
     2, 36439,19620908,   63,    0
     2, 36439,19620909,   38,    0
     2, 36439,19620910,   83,    0
     2, 36439,19620911,   18,    0
     2, 36439,19620912,   16,    0
     2, 36439,19620913,   54,    0
     2, 36439,19620914,   40,    0
     2, 36439,19620915,  -14,    0
     2, 36439,19620916,   65,    0
     2, 36439,19620917,   21,    0
     2, 36439,19620918,    3,    0
     2, 36439,19620919,   16,    0
     2, 36439,19620920,   50,    0
     2, 36439,19620921,   55,    0
     2, 36439,19620922,   56,    0
     2, 36439,19620923,   66,    0
     2, 36439,19620924,   32,    0
     2, 36439,19620925,   34,    0
     2, 36439,19620926,   45,    0
     2, 36439,19620927,   57,    0
     2, 36439,19620928,   50,    0
     2, 36439,19620929,   30,    0
     2, 36439,19620930,   65,    0
     2, 36439,19621001,   93,    0
     2, 36439,19621002,  110,    0
     2, 36439,19621003,  120,    0
     2, 36439,19621004,   80,    0
     2, 36439,19621005,   70,    0
     2, 36439,19621006,   10,    0
     2, 36439,19621007,   13,    0
     2, 36439,19621008,   45,    0
     2, 36439,19621009,   16,    0
     2, 36439,19621010,   15,    0
     2, 36439,19621011,   33,    0
     2, 36439,19621012,  -10,    0
     2, 36439,19621013,  -18,    0
     2, 36439,19621014,   11,    0
     2, 36439,19621015,  -36,    0
     2, 36439,19621016,  -55,    0
     2, 36439,19621017,    3,    0
     2, 36439,19621018,    3,    0
     2, 36439,19621019,   40,    0
     2, 36439,19621020,  -18,    0
     2, 36439,19621021,   -5,    0
     2, 36439,19621022,   -2,    0
     2, 36439,19621023,  -19,    0
     2, 36439,19621024,  -14,    0
     2, 36439,19621025,   13,    0
     2, 36439,19621026,    4,    0
     2, 36439,19621027,  -28,    0
     2, 36439,19621028,   -7,    0
     2, 36439,19621029,  -12,    0
     2, 36439,19621030,  -50,    0
     2, 36439,19621031,   35,    0
     2, 36439,19621101,   33,    0
     2, 36439,19621102,  -19,    0
     2, 36439,19621103,   -1,    0
     2, 36439,19621104,   27,    0
     2, 36439,19621105,   57,    0
     2, 36439,19621106,   49,    0
     2, 36439,19621107,   24,    0
     2, 36439,19621108,   29,    0
     2, 36439,19621109,   19,    0
     2, 36439,19621110,    7,    0
     2, 36439,19621111,  -11,    0
     2, 36439,19621112,  -11,    0
     2, 36439,19621113,  -11,    0
     2, 36439,19621114,  -14,    0
     2, 36439,19621115,   19,    0
     2, 36439,19621116,  -48,    0
     2, 36439,19621117, -121,    0
     2, 36439,19621118, -121,    0
     2, 36439,19621119,  -46,    0
     2, 36439,19621120,  -77,    0
     2, 36439,19621121,  -71,    0
     2, 36439,19621122, -135,    0
     2, 36439,19621123, -156,    0
     2, 36439,19621124, -171,    0
     2, 36439,19621125,  -55,    0
     2, 36439,19621126,  -59,    0
     2, 36439,19621127, -106,    0
     2, 36439,19621128,  -81,    0
     2, 36439,19621129, -128,    0
     2, 36439,19621130, -164,    0
     2, 36439,19621201, -154,    0
     2, 36439,19621202, -119,    0
     2, 36439,19621203,  -61,    0
     2, 36439,19621204,  -75,    0
     2, 36439,19621205,  -71,    0
     2, 36439,19621206, -107,    0
     2, 36439,19621207, -111,    0
     2, 36439,19621208, -133,    0
     2, 36439,19621209,    9,    0
     2, 36439,19621210,  -46,    0
     2, 36439,19621211, -107,    0
     2, 36439,19621212, -101,    0
     2, 36439,19621213, -145,    0
     2, 36439,19621214, -271,    0
     2, 36439,19621215, -270,    0
     2, 36439,19621216,  -61,    0
     2, 36439,19621217, -191,    0
     2, 36439,19621218, -226,    0
     2, 36439,19621219, -166,    0
     2, 36439,19621220, -206,    0
     2, 36439,19621221, -208,    0
     2, 36439,19621222, -140,    0
     2, 36439,19621223, -141,    0
     2, 36439,19621224, -181,    0
     2, 36439,19621225, -151,    0
     2, 36439,19621226, -182,    0
     2, 36439,19621227, -242,    0
     2, 36439,19621228, -271,    0
     2, 36439,19621229, -196,    0
     2, 36439,19621230, -256,    0
     2, 36439,19621231, -268,    0
     2, 36439,19630101, -177,    0
     2, 36439,19630102, -213,    0
     2, 36439,19630103, -239,    0
     2, 36439,19630104, -252,    0
     2, 36439,19630105, -200,    0
     2, 36439,19630106, -192,    0
     2, 36439,19630107, -268,    0
     2, 36439,19630108, -288,    0
     2, 36439,19630109, -251,    0
     2, 36439,19630110, -252,    0
     2, 36439,19630111, -253,    0
     2, 36439,19630112, -282,    0
     2, 36439,19630113, -187,    0
     2, 36439,19630114, -145,    0
     2, 36439,19630115, -188,    0
     2, 36439,19630116, -167,    0
     2, 36439,19630117, -257,    0
     2, 36439,19630118, -199,    0
     2, 36439,19630119, -107,    0
     2, 36439,19630120, -142,    0
     2, 36439,19630121, -192,    0
     2, 36439,19630122,  -96,    0
     2, 36439,19630123, -136,    0
     2, 36439,19630124, -152,    0
     2, 36439,19630125, -178,    0
     2, 36439,19630126, -122,    0
     2, 36439,19630127, -138,    0
     2, 36439,19630128, -128,    0
     2, 36439,19630129, -118,    0
     2, 36439,19630130,  -40,    0
     2, 36439,19630131, -147,    0
     2, 36439,19630201, -138,    0
     2, 36439,19630202, -101,    0
     2, 36439,19630203, -128,    0
     2, 36439,19630204,  -92,    0
     2, 36439,19630205, -141,    0
     2, 36439,19630206, -272,    0
     2, 36439,19630207, -273,    0
     2, 36439,19630208, -196,    0
     2, 36439,19630209, -229,    0
     2, 36439,19630210, -279,    0
     2, 36439,19630211, -124,    0
     2, 36439,19630212,  -65,    0
     2, 36439,19630213,  -71,    0
     2, 36439,19630214, -159,    0
     2, 36439,19630215, -230,    0
     2, 36439,19630216, -239,    0
     2, 36439,19630217, -191,    0
     2, 36439,19630218, -311,    0
     2, 36439,19630219, -311,    0
     2, 36439,19630220, -281,    0
     2, 36439,19630221, -210,    0
     2, 36439,19630222, -211,    0
     2, 36439,19630223, -173,    0
     2, 36439,19630224, -199,    0
     2, 36439,19630225,  -87,    0
     2, 36439,19630226,  -71,    0
     2, 36439,19630227,  -87,    0
     2, 36439,19630228, -168,    0
     2, 36439,19630301, -191,    0
     2, 36439,19630302, -177,    0
     2, 36439,19630303, -104,    0
     2, 36439,19630304,  -56,    0
     2, 36439,19630305, -161,    0
     2, 36439,19630306,  -56,    0
     2, 36439,19630307,  -61,    0
     2, 36439,19630308,  -50,    0
     2, 36439,19630309, -166,    0
     2, 36439,19630310, -231,    0
     2, 36439,19630311, -103,    0
     2, 36439,19630312,  -66,    0
     2, 36439,19630313, -121,    0
     2, 36439,19630314, -251,    0
     2, 36439,19630315, -226,    0
     2, 36439,19630316,  -66,    0
     2, 36439,19630317, -103,    0
     2, 36439,19630318,  -58,    0
     2, 36439,19630319,  -84,    0
     2, 36439,19630320, -118,    0
     2, 36439,19630321, -226,    0
     2, 36439,19630322, -158,    0
     2, 36439,19630323, -141,    0
     2, 36439,19630324,  -51,    0
     2, 36439,19630325,  -37,    0
     2, 36439,19630326, -104,    0
     2, 36439,19630327, -101,    0
     2, 36439,19630328,  -61,    0
     2, 36439,19630329,  -41,    0
     2, 36439,19630330,  -54,    0
     2, 36439,19630331, -113,    0
     2, 36439,19630401, -159,    0
     2, 36439,19630402,  -75,    0
     2, 36439,19630403,   -6,    0
     2, 36439,19630404,  -25,    0
     2, 36439,19630405,  -14,    0
     2, 36439,19630406,  -96,    0
     2, 36439,19630407,  -58,    0
     2, 36439,19630408,  -60,    0
     2, 36439,19630409,  -39,    0
     2, 36439,19630410,  -68,    0
     2, 36439,19630411,  -14,    0
     2, 36439,19630412,   14,    0
     2, 36439,19630413,   10,    0
     2, 36439,19630414,  -36,    0
     2, 36439,19630415,    0,    0
     2, 36439,19630416,  -20,    0
     2, 36439,19630417,  -56,    0
     2, 36439,19630418,  -42,    0
     2, 36439,19630419,    6,    0
     2, 36439,19630420,   16,    0
     2, 36439,19630421,   28,    0
     2, 36439,19630422,   10,    0
     2, 36439,19630423,    3,    0
     2, 36439,19630424,  -14,    0
     2, 36439,19630425,  -50,    0
     2, 36439,19630426,  -40,    0
     2, 36439,19630427,  -19,    0
     2, 36439,19630428,   13,    0
     2, 36439,19630429,   38,    0
     2, 36439,19630430,   38,    0
     2, 36439,19630501,   18,    0
     2, 36439,19630502,   -1,    0
     2, 36439,19630503,   15,    0
     2, 36439,19630504,   -2,    0
     2, 36439,19630505,   -4,    0
     2, 36439,19630506,   56,    0
     2, 36439,19630507,   -7,    0
     2, 36439,19630508,   18,    0
     2, 36439,19630509,   -4,    0
     2, 36439,19630510,   72,    0
     2, 36439,19630511,   63,    0
     2, 36439,19630512,   64,    0
     2, 36439,19630513,   62,    0
     2, 36439,19630514,   44,    0
     2, 36439,19630515,   60,    0
     2, 36439,19630516,    4,    0
     2, 36439,19630517,   10,    0
     2, 36439,19630518,   57,    0
     2, 36439,19630519,   45,    0
     2, 36439,19630520,   47,    0
     2, 36439,19630521,   28,    0
     2, 36439,19630522,   74,    0
     2, 36439,19630523,   70,    0
     2, 36439,19630524,   28,    0
     2, 36439,19630525,   50,    0
     2, 36439,19630526,   89,    0
     2, 36439,19630527,   66,    0
     2, 36439,19630528,   62,    0
     2, 36439,19630529,   63,    0
     2, 36439,19630530,  102,    0
     2, 36439,19630531,   68,    0
     2, 36439,19630601,   43,    0
     2, 36439,19630602,   45,    0
     2, 36439,19630603,   70,    0
     2, 36439,19630604,   85,    0
     2, 36439,19630605,   35,    0
     2, 36439,19630606,   69,    0
     2, 36439,19630607,   51,    0
     2, 36439,19630608,   75,    0
     2, 36439,19630609,   30,    0
     2, 36439,19630610,   99,    0
     2, 36439,19630611,   89,    0
     2, 36439,19630612,   90,    0
     2, 36439,19630613,   40,    0
     2, 36439,19630614,   50,    0
     2, 36439,19630615,   25,    0
     2, 36439,19630616,   40,    0
     2, 36439,19630617,   92,    0
     2, 36439,19630618,  116,    0
     2, 36439,19630619,  123,    0
     2, 36439,19630620,  118,    0
     2, 36439,19630621,  102,    0
     2, 36439,19630622,   84,    0
     2, 36439,19630623,   80,    0
     2, 36439,19630624,  106,    0
     2, 36439,19630625,   94,    0
     2, 36439,19630626,   64,    0
     2, 36439,19630627,  104,    0
     2, 36439,19630628,  112,    0
     2, 36439,19630629,   65,    0
     2, 36439,19630630,  134,    0
     2, 36439,19630701,  126,    0
     2, 36439,19630702,   85,    0
     2, 36439,19630703,   81,    0
     2, 36439,19630704,   83,    0
     2, 36439,19630705,  101,    0
     2, 36439,19630706,  127,    0
     2, 36439,19630707,  107,    0
     2, 36439,19630708,   97,    0
     2, 36439,19630709,   82,    0
     2, 36439,19630710,  110,    0
     2, 36439,19630711,  118,    0
     2, 36439,19630712,  111,    0
     2, 36439,19630713,   53,    0
     2, 36439,19630714,   76,    0
     2, 36439,19630715,   91,    0
     2, 36439,19630716,  136,    0
     2, 36439,19630717,  131,    0
     2, 36439,19630718,  121,    0
     2, 36439,19630719,   66,    0
     2, 36439,19630720,  131,    0
     2, 36439,19630721,   90,    0
     2, 36439,19630722,   43,    0
     2, 36439,19630723,   72,    0
     2, 36439,19630724,   53,    0
     2, 36439,19630725,  146,    0
     2, 36439,19630726,   97,    0
     2, 36439,19630727,   81,    0
     2, 36439,19630728,   47,    0
     2, 36439,19630729,   44,    0
     2, 36439,19630730,   91,    0
     2, 36439,19630731,  107,    0
     2, 36439,19630801,  145,    0
     2, 36439,19630802,  120,    0
     2, 36439,19630803,  102,    0
     2, 36439,19630804,  132,    0
     2, 36439,19630805,  110,    0
     2, 36439,19630806,  130,    0
     2, 36439,19630807,  150,    0
     2, 36439,19630808,  160,    0
     2, 36439,19630809,  140,    0
     2, 36439,19630810,   70,    0
     2, 36439,19630811,  110,    0
     2, 36439,19630812,  125,    0
     2, 36439,19630813,  125,    0
     2, 36439,19630814,  120,    0
     2, 36439,19630815,   66,    0
     2, 36439,19630816,  112,    0
     2, 36439,19630817,  121,    0
     2, 36439,19630818,   85,    0
     2, 36439,19630819,  132,    0
     2, 36439,19630820,   84,    0
     2, 36439,19630821,   74,    0
     2, 36439,19630822,   60,    0
     2, 36439,19630823,   75,    0
     2, 36439,19630824,   85,    0
     2, 36439,19630825,  110,    0
     2, 36439,19630826,   85,    0
     2, 36439,19630827,  110,    0
     2, 36439,19630828,  108,    0
     2, 36439,19630829,   62,    0
     2, 36439,19630830,  100,    0
     2, 36439,19630831,   66,    0
     2, 36439,19630901,  113,    0
     2, 36439,19630902,  120,    0
     2, 36439,19630903,  134,    0
     2, 36439,19630904,   96,    0
     2, 36439,19630905,   84,    0
     2, 36439,19630906,  110,    0
     2, 36439,19630907,   95,    0
     2, 36439,19630908,   50,    0
     2, 36439,19630909,   68,    0
     2, 36439,19630910,   80,    0
     2, 36439,19630911,   16,    0
     2, 36439,19630912,   31,    0
     2, 36439,19630913,   -5,    0
     2, 36439,19630914,   56,    0
     2, 36439,19630915,   79,    0
     2, 36439,19630916,  111,    0
     2, 36439,19630917,   39,    0
     2, 36439,19630918,   65,    0
     2, 36439,19630919,   20,    0
     2, 36439,19630920,  -10,    0
     2, 36439,19630921,  -16,    0
     2, 36439,19630922,   -6,    0
     2, 36439,19630923,   25,    0
     2, 36439,19630924,   66,    0
     2, 36439,19630925,  102,    0
     2, 36439,19630926,  100,    0
     2, 36439,19630927,   75,    0
     2, 36439,19630928,   42,    0
     2, 36439,19630929,  -12,    0
     2, 36439,19630930,    7,    0
     2, 36439,19631001,   -2,    0
     2, 36439,19631002,   14,    0
     2, 36439,19631003,   57,    0
     2, 36439,19631004,   37,    0
     2, 36439,19631005,   55,    0
     2, 36439,19631006,    1,    0
     2, 36439,19631007,   34,    0
     2, 36439,19631008,  -20,    0
     2, 36439,19631009,   77,    0
     2, 36439,19631010,    8,    0
     2, 36439,19631011,  -26,    0
     2, 36439,19631012,   55,    0
     2, 36439,19631013,  -18,    0
     2, 36439,19631014,   17,    0
     2, 36439,19631015,  -23,    0
     2, 36439,19631016,   -4,    0
     2, 36439,19631017,   10,    0
     2, 36439,19631018,   18,    0
     2, 36439,19631019,   19,    0
     2, 36439,19631020,    6,    0
     2, 36439,19631021,   70,    0
     2, 36439,19631022,   25,    0
     2, 36439,19631023,  -22,    0
     2, 36439,19631024,    0,    0
     2, 36439,19631025,   46,    0
     2, 36439,19631026,    7,    0
     2, 36439,19631027,   20,    0
     2, 36439,19631028,   20,    0
     2, 36439,19631029,  -15,    0
     2, 36439,19631030,   26,    0
     2, 36439,19631031,   24,    0
     2, 36439,19631101,  -11,    0
     2, 36439,19631102,   25,    0
     2, 36439,19631103,   32,    0
     2, 36439,19631104,   26,    0
     2, 36439,19631105,   17,    0
     2, 36439,19631106,   22,    0
     2, 36439,19631107,   34,    0
     2, 36439,19631108,   42,    0
     2, 36439,19631109,   32,    0
     2, 36439,19631110,  -30,    0
     2, 36439,19631111,  -66,    0
     2, 36439,19631112,  -13,    0
     2, 36439,19631113,    6,    0
     2, 36439,19631114,   42,    0
     2, 36439,19631115,   11,    0
     2, 36439,19631116,   -5,    0
     2, 36439,19631117,  -71,    0
     2, 36439,19631118, -100,    0
     2, 36439,19631119,  -16,    0
     2, 36439,19631120,  -80,    0
     2, 36439,19631121,  -78,    0
     2, 36439,19631122,  -90,    0
     2, 36439,19631123, -110,    0
     2, 36439,19631124, -180,    0
     2, 36439,19631125, -152,    0
     2, 36439,19631126,  -15,    0
     2, 36439,19631127,  -15,    0
     2, 36439,19631128,   -1,    0
     2, 36439,19631129,    3,    0
     2, 36439,19631130,    0,    0
     2, 36439,19631201,   -1,    0
     2, 36439,19631202,   -3,    0
     2, 36439,19631203,  -41,    0
     2, 36439,19631204,  -36,    0
     2, 36439,19631205,  -21,    0
     2, 36439,19631206,  -84,    0
     2, 36439,19631207,  -82,    0
     2, 36439,19631208,  -71,    0
     2, 36439,19631209,  -61,    0
     2, 36439,19631210,  -51,    0
     2, 36439,19631211, -131,    0
     2, 36439,19631212,  -54,    0
     2, 36439,19631213, -131,    0
     2, 36439,19631214,  -56,    0
     2, 36439,19631215, -115,    0
     2, 36439,19631216,  -85,    0
     2, 36439,19631217, -139,    0
     2, 36439,19631218, -163,    0
     2, 36439,19631219,  -95,    0
     2, 36439,19631220,  -95,    0
     2, 36439,19631221, -239,    0
     2, 36439,19631222, -251,    0
     2, 36439,19631223, -191,    0
     2, 36439,19631224,  -13,    0
     2, 36439,19631225, -155,    0
     2, 36439,19631226,  -61,    0
     2, 36439,19631227,    0,    0
     2, 36439,19631228,  -99,    0
     2, 36439,19631229,    3,    0
     2, 36439,19631230,   14,    0
     2, 36439,19631231,  -12,    0
     2, 36439,19640101,  -15,    0
     2, 36439,19640102,  -80,    0
     2, 36439,19640103,  -22,    0
     2, 36439,19640104,  -18,    0
     2, 36439,19640105,  -76,    0
     2, 36439,19640106, -183,    0
     2, 36439,19640107, -162,    0
     2, 36439,19640108, -105,    0
     2, 36439,19640109, -121,    0
     2, 36439,19640110, -105,    0
     2, 36439,19640111, -120,    0
     2, 36439,19640112, -113,    0
     2, 36439,19640113,  -55,    0
     2, 36439,19640114,  -90,    0
     2, 36439,19640115, -110,    0
     2, 36439,19640116,  -63,    0
     2, 36439,19640117,  -85,    0
     2, 36439,19640118, -120,    0
     2, 36439,19640119, -135,    0
     2, 36439,19640120, -100,    0
     2, 36439,19640121,  -55,    0
     2, 36439,19640122,  -34,    0
     2, 36439,19640123,  -65,    0
     2, 36439,19640124,  -25,    0
     2, 36439,19640125,  -28,    0
     2, 36439,19640126, -125,    0
     2, 36439,19640127, -150,    0
     2, 36439,19640128, -160,    0
     2, 36439,19640129,  -20,    0
     2, 36439,19640130,   20,    0
     2, 36439,19640131,  -45,    0
     2, 36439,19640201, -106,    0
     2, 36439,19640202,  -96,    0
     2, 36439,19640203, -136,    0
     2, 36439,19640204,  -84,    0
     2, 36439,19640205,  -69,    0
     2, 36439,19640206,  -99,    0
     2, 36439,19640207, -121,    0
     2, 36439,19640208,   -3,    0
     2, 36439,19640209,  -19,    0
     2, 36439,19640210,  -53,    0
     2, 36439,19640211, -126,    0
     2, 36439,19640212, -166,    0
     2, 36439,19640213, -187,    0
     2, 36439,19640214, -148,    0
     2, 36439,19640215, -121,    0
     2, 36439,19640216, -151,    0
     2, 36439,19640217, -159,    0
     2, 36439,19640218, -167,    0
     2, 36439,19640219, -205,    0
     2, 36439,19640220, -263,    0
     2, 36439,19640221, -127,    0
     2, 36439,19640222, -121,    0
     2, 36439,19640223, -117,    0
     2, 36439,19640224, -149,    0
     2, 36439,19640225,  -56,    0
     2, 36439,19640226,  -33,    0
     2, 36439,19640227,  -96,    0
     2, 36439,19640228,  -15,    0
     2, 36439,19640229,  -11,    0
     2, 36439,19640301,   -5,    0
     2, 36439,19640302,  -66,    0
     2, 36439,19640303,  -51,    0
     2, 36439,19640304, -100,    0
     2, 36439,19640305,  -65,    0
     2, 36439,19640306,  -24,    0
     2, 36439,19640307,  -20,    0
     2, 36439,19640308,  -68,    0
     2, 36439,19640309,  -15,    0
     2, 36439,19640310,  -38,    0
     2, 36439,19640311,  -13,    0
     2, 36439,19640312,  -71,    0
     2, 36439,19640313,  -94,    0
     2, 36439,19640314, -123,    0
     2, 36439,19640315, -151,    0
     2, 36439,19640316, -145,    0
     2, 36439,19640317, -139,    0
     2, 36439,19640318, -106,    0
     2, 36439,19640319,  -74,    0
     2, 36439,19640320, -160,    0
     2, 36439,19640321, -141,    0
     2, 36439,19640322,  -66,    0
     2, 36439,19640323,  -71,    0
     2, 36439,19640324, -117,    0
     2, 36439,19640325, -119,    0
     2, 36439,19640326, -113,    0
     2, 36439,19640327, -118,    0
     2, 36439,19640328, -107,    0
     2, 36439,19640329, -105,    0
     2, 36439,19640330,  -91,    0
     2, 36439,19640331,  -88,    0
     2, 36439,19640401,  -90,    0
     2, 36439,19640402,  -84,    0
     2, 36439,19640403,  -40,    0
     2, 36439,19640404,  -55,    0
     2, 36439,19640405,  -71,    0
     2, 36439,19640406,  -70,    0
     2, 36439,19640407,  -43,    0
     2, 36439,19640408,  -57,    0
     2, 36439,19640409,  -73,    0
     2, 36439,19640410,    5,    0
     2, 36439,19640411,  -17,    0
     2, 36439,19640412,   18,    0
     2, 36439,19640413,   24,    0
     2, 36439,19640414,  -20,    0
     2, 36439,19640415,  -30,    0
     2, 36439,19640416,   -1,    0
     2, 36439,19640417,   50,    0
     2, 36439,19640418,   15,    0
     2, 36439,19640419,  -10,    0
     2, 36439,19640420,   -1,    0
     2, 36439,19640421,    8,    0
     2, 36439,19640422,   -2,    0
     2, 36439,19640423,  -10,    0
     2, 36439,19640424,   22,    0
     2, 36439,19640425,  -60,    0
     2, 36439,19640426,  -50,    0
     2, 36439,19640427,   55,    0
     2, 36439,19640428,   15,    0
     2, 36439,19640429,   36,    0
     2, 36439,19640430,   65,    0
     2, 36439,19640501,   43,    0
     2, 36439,19640502,   10,    0
     2, 36439,19640503,   -7,    0
     2, 36439,19640504,   -5,    0
     2, 36439,19640505,   30,    0
     2, 36439,19640506,   29,    0
     2, 36439,19640507,    0,    0
     2, 36439,19640508,   13,    0
     2, 36439,19640509,   70,    0
     2, 36439,19640510,    9,    0
     2, 36439,19640511,   51,    0
     2, 36439,19640512,   70,    0
     2, 36439,19640513,   87,    0
     2, 36439,19640514,   68,    0
     2, 36439,19640515,   57,    0
     2, 36439,19640516,   -5,    0
     2, 36439,19640517,  -25,    0
     2, 36439,19640518,  -10,    0
     2, 36439,19640519,  -15,    0
     2, 36439,19640520,   23,    0
     2, 36439,19640521,    6,    0
     2, 36439,19640522,   12,    0
     2, 36439,19640523,   35,    0
     2, 36439,19640524,   55,    0
     2, 36439,19640525,   91,    0
     2, 36439,19640526,   66,    0
     2, 36439,19640527,   54,    0
     2, 36439,19640528,   80,    0
     2, 36439,19640529,   34,    0
     2, 36439,19640530,   84,    0
     2, 36439,19640531,   38,    0
     2, 36439,19640601,    1,    0
     2, 36439,19640602,   26,    0
     2, 36439,19640603,   61,    0
     2, 36439,19640604,   51,    0
     2, 36439,19640605,   55,    0
     2, 36439,19640606,   74,    0
     2, 36439,19640607,   53,    0
     2, 36439,19640608,   65,    0
     2, 36439,19640609,   91,    0
     2, 36439,19640610,   91,    0
     2, 36439,19640611,  115,    0
     2, 36439,19640612,  103,    0
     2, 36439,19640613,   81,    0
     2, 36439,19640614,  121,    0
     2, 36439,19640615,  133,    0
     2, 36439,19640616,   92,    0
     2, 36439,19640617,   76,    0
     2, 36439,19640618,   26,    0
     2, 36439,19640619,   68,    0
     2, 36439,19640620,  129,    0
     2, 36439,19640621,   46,    0
     2, 36439,19640622,   74,    0
     2, 36439,19640623,   77,    0
     2, 36439,19640624,  108,    0
     2, 36439,19640625,   84,    0
     2, 36439,19640626,   81,    0
     2, 36439,19640627,   94,    0
     2, 36439,19640628,  133,    0
     2, 36439,19640629,   39,    0
     2, 36439,19640630,   71,    0
     2, 36439,19640701,   64,    0
     2, 36439,19640702,   62,    0
     2, 36439,19640703,   96,    0
     2, 36439,19640704,   75,    0
     2, 36439,19640705,   33,    0
     2, 36439,19640706,   97,    0
     2, 36439,19640707,   57,    0
     2, 36439,19640708,   38,    0
     2, 36439,19640709,  105,    0
     2, 36439,19640710,   99,    0
     2, 36439,19640711,  105,    0
     2, 36439,19640712,   98,    0
     2, 36439,19640713,  101,    0
     2, 36439,19640714,   66,    0
     2, 36439,19640715,   71,    0
     2, 36439,19640716,  146,    0
     2, 36439,19640717,   96,    0
     2, 36439,19640718,   83,    0
     2, 36439,19640719,  104,    0
     2, 36439,19640720,  129,    0
     2, 36439,19640721,  131,    0
     2, 36439,19640722,  127,    0
     2, 36439,19640723,  115,    0
     2, 36439,19640724,  121,    0
     2, 36439,19640725,  131,    0
     2, 36439,19640726,   66,    0
     2, 36439,19640727,   66,    0
     2, 36439,19640728,   81,    0
     2, 36439,19640729,  114,    0
     2, 36439,19640730,   66,    0
     2, 36439,19640731,   86,    0
     2, 36439,19640801,   90,    0
     2, 36439,19640802,   77,    0
     2, 36439,19640803,   83,    0
     2, 36439,19640804,   94,    0
     2, 36439,19640805,   72,    0
     2, 36439,19640806,  111,    0
     2, 36439,19640807,  103,    0
     2, 36439,19640808,  131,    0
     2, 36439,19640809,  107,    0
     2, 36439,19640810,   95,    0
     2, 36439,19640811,   84,    0
     2, 36439,19640812,   95,    0
     2, 36439,19640813,   75,    0
     2, 36439,19640814,   29,    0
     2, 36439,19640815,   84,    0
     2, 36439,19640816,   73,    0
     2, 36439,19640817,   51,    0
     2, 36439,19640818,   84,    0
     2, 36439,19640819,  134,    0
     2, 36439,19640820,  146,    0
     2, 36439,19640821,   83,    0
     2, 36439,19640822,   44,    0
     2, 36439,19640823,   19,    0
     2, 36439,19640824,  105,    0
     2, 36439,19640825,  106,    0
     2, 36439,19640826,   37,    0
     2, 36439,19640827,  126,    0
     2, 36439,19640828,   95,    0
     2, 36439,19640829,   96,    0
     2, 36439,19640830,   51,    0
     2, 36439,19640831,   76,    0
     2, 36439,19640901,   40,    0
     2, 36439,19640902,   18,    0
     2, 36439,19640903,   28,    0
     2, 36439,19640904,   26,    0
     2, 36439,19640905,   49,    0
     2, 36439,19640906,   71,    0
     2, 36439,19640907,  114,    0
     2, 36439,19640908,  121,    0
     2, 36439,19640909,   28,    0
     2, 36439,19640910,  -14,    0
     2, 36439,19640911,    7,    0
     2, 36439,19640912,   11,    0
     2, 36439,19640913,   21,    0
     2, 36439,19640914,   -1,    0
     2, 36439,19640915,   94,    0
     2, 36439,19640916,   86,    0
     2, 36439,19640917,   51,    0
     2, 36439,19640918,   63,    0
     2, 36439,19640919,   21,    0
     2, 36439,19640920,   24,    0
     2, 36439,19640921,   56,    0
     2, 36439,19640922,   62,    0
     2, 36439,19640923,   56,    0
     2, 36439,19640924,   95,    0
     2, 36439,19640925,   41,    0
     2, 36439,19640926,   34,    0
     2, 36439,19640927,   79,    0
     2, 36439,19640928,   47,    0
     2, 36439,19640929,   70,    0
     2, 36439,19640930,   40,    0
     2, 36439,19641001,  -32,    0
     2, 36439,19641002,  -19,    0
     2, 36439,19641003,    1,    0
     2, 36439,19641004,  -34,    0
     2, 36439,19641005,  -13,    0
     2, 36439,19641006,  -16,    0
     2, 36439,19641007,    2,    0
     2, 36439,19641008,   88,    0
     2, 36439,19641009,   88,    0
     2, 36439,19641010,   94,    0
     2, 36439,19641011,   52,    0
     2, 36439,19641012,   31,    0
     2, 36439,19641013,   11,    0
     2, 36439,19641014,   54,    0
     2, 36439,19641015,   63,    0
     2, 36439,19641016,    6,    0
     2, 36439,19641017,   56,    0
     2, 36439,19641018,    5,    0
     2, 36439,19641019,  -13,    0
     2, 36439,19641020,    5,    0
     2, 36439,19641021,    4,    0
     2, 36439,19641022,   -3,    0
     2, 36439,19641023,   56,    0
     2, 36439,19641024,   56,    0
     2, 36439,19641025,   -5,    0
     2, 36439,19641026,  -40,    0
     2, 36439,19641027,  -50,    0
     2, 36439,19641028,   -9,    0
     2, 36439,19641029,  -31,    0
     2, 36439,19641030,  -34,    0
     2, 36439,19641031,  -27,    0
     2, 36439,19641101,  -29,    0
     2, 36439,19641102,  -11,    0
     2, 36439,19641103,  -31,    0
     2, 36439,19641104,   -7,    0
     2, 36439,19641105,  -59,    0
     2, 36439,19641106,  -77,    0
     2, 36439,19641107,  -41,    0
     2, 36439,19641108,  -69,    0
     2, 36439,19641109,  -17,    0
     2, 36439,19641110,    1,    0
     2, 36439,19641111,  -46,    0
     2, 36439,19641112,  -53,    0
     2, 36439,19641113,  -10,    0
     2, 36439,19641114,    7,    0
     2, 36439,19641115,   31,    0
     2, 36439,19641116,  -14,    0
     2, 36439,19641117,  -49,    0
     2, 36439,19641118,  -69,    0
     2, 36439,19641119,  -50,    0
     2, 36439,19641120,  -21,    0
     2, 36439,19641121,  -18,    0
     2, 36439,19641122,  -63,    0
     2, 36439,19641123,  -26,    0
     2, 36439,19641124,  -55,    0
     2, 36439,19641125,  -69,    0
     2, 36439,19641126,  -96,    0
     2, 36439,19641127, -105,    0
     2, 36439,19641128, -105,    0
     2, 36439,19641129,  -63,    0
     2, 36439,19641130,  -69,    0
     2, 36439,19641201,  -98,    0
     2, 36439,19641202, -157,    0
     2, 36439,19641203,  -17,    0
     2, 36439,19641204,  -25,    0
     2, 36439,19641205,  -40,    0
     2, 36439,19641206,  -97,    0
     2, 36439,19641207,  -90,    0
     2, 36439,19641208,  -24,    0
     2, 36439,19641209,   29,    0
     2, 36439,19641210,  -24,    0
     2, 36439,19641211,  -34,    0
     2, 36439,19641212,  -48,    0
     2, 36439,19641213,    1,    0
     2, 36439,19641214, -100,    0
     2, 36439,19641215, -110,    0
     2, 36439,19641216, -140,    0
     2, 36439,19641217, -130,    0
     2, 36439,19641218,  -71,    0
     2, 36439,19641219, -109,    0
     2, 36439,19641220,  -80,    0
     2, 36439,19641221,  -80,    0
     2, 36439,19641222,  -76,    0
     2, 36439,19641223, -133,    0
     2, 36439,19641224, -170,    0
     2, 36439,19641225, -170,    0
     2, 36439,19641226, -196,    0
     2, 36439,19641227, -222,    0
     2, 36439,19641228, -232,    0
     2, 36439,19641229, -260,    0
     2, 36439,19641230, -220,    0
     2, 36439,19641231,  -35,    0
     2, 36439,19650101,   -5,    0
     2, 36439,19650102,  -87,    0
     2, 36439,19650103, -124,    0
     2, 36439,19650104, -157,    0
     2, 36439,19650105,  -56,    0
     2, 36439,19650106, -187,    0
     2, 36439,19650107, -206,    0
     2, 36439,19650108,  -61,    0
     2, 36439,19650109, -194,    0
     2, 36439,19650110, -248,    0
     2, 36439,19650111, -272,    0
     2, 36439,19650112,  -31,    0
     2, 36439,19650113,    9,    0
     2, 36439,19650114,   11,    0
     2, 36439,19650115,    7,    0
     2, 36439,19650116,    4,    0
     2, 36439,19650117,  -11,    0
     2, 36439,19650118,    1,    0
     2, 36439,19650119,  -45,    0
     2, 36439,19650120,  -69,    0
     2, 36439,19650121,  -40,    0
     2, 36439,19650122,  -41,    0
     2, 36439,19650123,  -18,    0
     2, 36439,19650124,  -41,    0
     2, 36439,19650125,  -48,    0
     2, 36439,19650126,  -74,    0
     2, 36439,19650127,  -61,    0
     2, 36439,19650128,  -53,    0
     2, 36439,19650129,  -39,    0
     2, 36439,19650130, -147,    0
     2, 36439,19650131, -227,    0
     2, 36439,19650201, -123,    0
     2, 36439,19650202,  -57,    0
     2, 36439,19650203, -117,    0
     2, 36439,19650204,  -58,    0
     2, 36439,19650205,  -21,    0
     2, 36439,19650206,  -61,    0
     2, 36439,19650207,  -61,    0
     2, 36439,19650208, -111,    0
     2, 36439,19650209, -179,    0
     2, 36439,19650210,  -63,    0
     2, 36439,19650211, -106,    0
     2, 36439,19650212, -111,    0
     2, 36439,19650213,  -41,    0
     2, 36439,19650214,  -98,    0
     2, 36439,19650215, -104,    0
     2, 36439,19650216, -141,    0
     2, 36439,19650217, -188,    0
     2, 36439,19650218,  -54,    0
     2, 36439,19650219,  -10,    0
     2, 36439,19650220,  -77,    0
     2, 36439,19650221,  -71,    0
     2, 36439,19650222, -108,    0
     2, 36439,19650223, -125,    0
     2, 36439,19650224, -167,    0
     2, 36439,19650225, -106,    0
     2, 36439,19650226, -218,    0
     2, 36439,19650227, -185,    0
     2, 36439,19650228, -251,    0
     2, 36439,19650301, -221,    0
     2, 36439,19650302, -213,    0
     2, 36439,19650303, -235,    0
     2, 36439,19650304, -224,    0
     2, 36439,19650305, -168,    0
     2, 36439,19650306, -235,    0
     2, 36439,19650307, -209,    0
     2, 36439,19650308,  -33,    0
     2, 36439,19650309, -138,    0
     2, 36439,19650310,  -87,    0
     2, 36439,19650311, -117,    0
     2, 36439,19650312, -112,    0
     2, 36439,19650313, -154,    0
     2, 36439,19650314, -139,    0
     2, 36439,19650315, -117,    0
     2, 36439,19650316,    9,    0
     2, 36439,19650317,   17,    0
     2, 36439,19650318,    9,    0
     2, 36439,19650319,   -2,    0
     2, 36439,19650320,  -54,    0
     2, 36439,19650321,  -47,    0
     2, 36439,19650322,  -58,    0
     2, 36439,19650323, -134,    0
     2, 36439,19650324,  -24,    0
     2, 36439,19650325, -114,    0
     2, 36439,19650326, -171,    0
     2, 36439,19650327, -132,    0
     2, 36439,19650328, -102,    0
     2, 36439,19650329,   13,    0
     2, 36439,19650330,   14,    0
     2, 36439,19650331,   19,    0
     2, 36439,19650401,  -53,    0
     2, 36439,19650402,  -29,    0
     2, 36439,19650403,  -24,    0
     2, 36439,19650404,    6,    0
     2, 36439,19650405,   -7,    0
     2, 36439,19650406,  -38,    0
     2, 36439,19650407,  -46,    0
     2, 36439,19650408,  -75,    0
     2, 36439,19650409, -105,    0
     2, 36439,19650410,  -34,    0
     2, 36439,19650411,  -17,    0
     2, 36439,19650412,    6,    0
     2, 36439,19650413,    3,    0
     2, 36439,19650414,   13,    0
     2, 36439,19650415,    2,    0
     2, 36439,19650416,    7,    0
     2, 36439,19650417,   15,    0
     2, 36439,19650418,   20,    0
     2, 36439,19650419,   31,    0
     2, 36439,19650420,  -17,    0
     2, 36439,19650421,   17,    0
     2, 36439,19650422,   -2,    0
     2, 36439,19650423,   11,    0
     2, 36439,19650424,   11,    0
     2, 36439,19650425,   24,    0
     2, 36439,19650426,   15,    0
     2, 36439,19650427,    9,    0
     2, 36439,19650428,   38,    0
     2, 36439,19650429,   -9,    0
     2, 36439,19650430,    1,    0
     2, 36439,19650501,  -33,    0
     2, 36439,19650502,  -44,    0
     2, 36439,19650503,  -30,    0
     2, 36439,19650504,  -24,    0
     2, 36439,19650505,  -19,    0
     2, 36439,19650506,  -39,    0
     2, 36439,19650507,  -27,    0
     2, 36439,19650508,  -25,    0
     2, 36439,19650509,   51,    0
     2, 36439,19650510,   37,    0
     2, 36439,19650511,   49,    0
     2, 36439,19650512,   -5,    0
     2, 36439,19650513,  -17,    0
     2, 36439,19650514,   23,    0
     2, 36439,19650515,   -7,    0
     2, 36439,19650516,    7,    0
     2, 36439,19650517,    4,    0
     2, 36439,19650518,    6,    0
     2, 36439,19650519,   23,    0
     2, 36439,19650520,  -26,    0
     2, 36439,19650521,   -6,    0
     2, 36439,19650522,  -32,    0
     2, 36439,19650523,   -9,    0
     2, 36439,19650524,  -11,    0
     2, 36439,19650525,   39,    0
     2, 36439,19650526,   29,    0
     2, 36439,19650527,   68,    0
     2, 36439,19650528,    3,    0
     2, 36439,19650529,   32,    0
     2, 36439,19650530,   44,    0
     2, 36439,19650531,   47,    0
     2, 36439,19650601,   26,    0
     2, 36439,19650602,   95,    0
     2, 36439,19650603,   27,    0
     2, 36439,19650604,   39,    0
     2, 36439,19650605,   67,    0
     2, 36439,19650606,   68,    0
     2, 36439,19650607,   52,    0
     2, 36439,19650608,  100,    0
     2, 36439,19650609,   64,    0
     2, 36439,19650610,   98,    0
     2, 36439,19650611,   94,    0
     2, 36439,19650612,   72,    0
     2, 36439,19650613,   25,    0
     2, 36439,19650614,   37,    0
     2, 36439,19650615,   93,    0
     2, 36439,19650616,   92,    0
     2, 36439,19650617,  116,    0
     2, 36439,19650618,  121,    0
     2, 36439,19650619,   85,    0
     2, 36439,19650620,   97,    0
     2, 36439,19650621,   52,    0
     2, 36439,19650622,  131,    0
     2, 36439,19650623,  108,    0
     2, 36439,19650624,   88,    0
     2, 36439,19650625,   62,    0
     2, 36439,19650626,  134,    0
     2, 36439,19650627,   94,    0
     2, 36439,19650628,   74,    0
     2, 36439,19650629,   88,    0
     2, 36439,19650630,   67,    0
     2, 36439,19650701,   68,    0
     2, 36439,19650702,   70,    0
     2, 36439,19650703,   58,    0
     2, 36439,19650704,   48,    0
     2, 36439,19650705,   37,    0
     2, 36439,19650706,   70,    0
     2, 36439,19650707,   73,    0
     2, 36439,19650708,   63,    0
     2, 36439,19650709,   76,    0
     2, 36439,19650710,   74,    0
     2, 36439,19650711,   81,    0
     2, 36439,19650712,   51,    0
     2, 36439,19650713,  116,    0
     2, 36439,19650714,   96,    0
     2, 36439,19650715,  103,    0
     2, 36439,19650716,   53,    0
     2, 36439,19650717,   49,    0
     2, 36439,19650718,   53,    0
     2, 36439,19650719,   81,    0
     2, 36439,19650720,   85,    0
     2, 36439,19650721,   88,    0
     2, 36439,19650722,   95,    0
     2, 36439,19650723,  129,    0
     2, 36439,19650724,  129,    0
     2, 36439,19650725,  138,    0
     2, 36439,19650726,  128,    0
     2, 36439,19650727,  108,    0
     2, 36439,19650728,  109,    0
     2, 36439,19650729,   91,    0
     2, 36439,19650730,   85,    0
     2, 36439,19650731,  117,    0
     2, 36439,19650801,  102,    0
     2, 36439,19650802,   72,    0
     2, 36439,19650803,   62,    0
     2, 36439,19650804,   66,    0
     2, 36439,19650805,   56,    0
     2, 36439,19650806,  116,    0
     2, 36439,19650807,   86,    0
     2, 36439,19650808,   73,    0
     2, 36439,19650809,   56,    0
     2, 36439,19650810,   58,    0
     2, 36439,19650811,   82,    0
     2, 36439,19650812,   50,    0
     2, 36439,19650813,   58,    0
     2, 36439,19650814,  101,    0
     2, 36439,19650815,   54,    0
     2, 36439,19650816,   60,    0
     2, 36439,19650817,   44,    0
     2, 36439,19650818,   78,    0
     2, 36439,19650819,   82,    0
     2, 36439,19650820,  142,    0
     2, 36439,19650821,   66,    0
     2, 36439,19650822,   88,    0
     2, 36439,19650823,  104,    0
     2, 36439,19650824,  142,    0
     2, 36439,19650825,  112,    0
     2, 36439,19650826,  128,    0
     2, 36439,19650827,   59,    0
     2, 36439,19650828,   90,    0
     2, 36439,19650829,   39,    0
     2, 36439,19650830,   98,    0
     2, 36439,19650831,   76,    0
     2, 36439,19650901,   55,    0
     2, 36439,19650902,   56,    0
     2, 36439,19650903,   58,    0
     2, 36439,19650904,  125,    0
     2, 36439,19650905,  133,    0
     2, 36439,19650906,  120,    0
     2, 36439,19650907,  110,    0
     2, 36439,19650908,  106,    0
     2, 36439,19650909,  101,    0
     2, 36439,19650910,   86,    0
     2, 36439,19650911,   79,    0
     2, 36439,19650912,   39,    0
     2, 36439,19650913,   39,    0
     2, 36439,19650914,   70,    0
     2, 36439,19650915,   60,    0
     2, 36439,19650916,   71,    0
     2, 36439,19650917,  113,    0
     2, 36439,19650918,   44,    0
     2, 36439,19650919,  111,    0
     2, 36439,19650920,   26,    0
     2, 36439,19650921,   59,    0
     2, 36439,19650922,  121,    0
     2, 36439,19650923,   37,    0
     2, 36439,19650924,   97,    0
     2, 36439,19650925,   96,    0
     2, 36439,19650926,  101,    0
     2, 36439,19650927,  104,    0
     2, 36439,19650928,   84,    0
     2, 36439,19650929,   58,    0
     2, 36439,19650930,  104,    0
     2, 36439,19651001,   53,    0
     2, 36439,19651002,   31,    0
     2, 36439,19651003,   21,    0
     2, 36439,19651004,   41,    0
     2, 36439,19651005,   27,    0
     2, 36439,19651006,   80,    0
     2, 36439,19651007,   38,    0
     2, 36439,19651008,   57,    0
     2, 36439,19651009,    4,    0
     2, 36439,19651010,   34,    0
     2, 36439,19651011,  -24,    0
     2, 36439,19651012,  -45,    0
     2, 36439,19651013,    4,    0
     2, 36439,19651014,  -11,    0
     2, 36439,19651015,   28,    0
     2, 36439,19651016,   -5,    0
     2, 36439,19651017,   19,    0
     2, 36439,19651018,   -7,    0
     2, 36439,19651019,    1,    0
     2, 36439,19651020,   -3,    0
     2, 36439,19651021,   -2,    0
     2, 36439,19651022,  -17,    0
     2, 36439,19651023,  -31,    0
     2, 36439,19651024,  -29,    0
     2, 36439,19651025,  -21,    0
     2, 36439,19651026,  -48,    0
     2, 36439,19651027,   53,    0
     2, 36439,19651028,   97,    0
     2, 36439,19651029,   68,    0
     2, 36439,19651030,   26,    0
     2, 36439,19651031,   61,    0
     2, 36439,19651101,  -14,    0
     2, 36439,19651102,   28,    0
     2, 36439,19651103,   22,    0
     2, 36439,19651104,    9,    0
     2, 36439,19651105,  -34,    0
     2, 36439,19651106,  -42,    0
     2, 36439,19651107,  -44,    0
     2, 36439,19651108,  -64,    0
     2, 36439,19651109,  -56,    0
     2, 36439,19651110,  -51,    0
     2, 36439,19651111,  -81,    0
     2, 36439,19651112,  -59,    0
     2, 36439,19651113, -119,    0
     2, 36439,19651114, -139,    0
     2, 36439,19651115, -147,    0
     2, 36439,19651116, -157,    0
     2, 36439,19651117, -123,    0
     2, 36439,19651118, -146,    0
     2, 36439,19651119,  -75,    0
     2, 36439,19651120, -164,    0
     2, 36439,19651121, -184,    0
     2, 36439,19651122, -195,    0
     2, 36439,19651123, -228,    0
     2, 36439,19651124, -232,    0
     2, 36439,19651125, -199,    0
     2, 36439,19651126,  -48,    0
     2, 36439,19651127,   -9,    0
     2, 36439,19651128,  -42,    0
     2, 36439,19651129, -131,    0
     2, 36439,19651130, -173,    0
     2, 36439,19651201,  -42,    0
     2, 36439,19651202, -138,    0
     2, 36439,19651203, -226,    0
     2, 36439,19651204, -121,    0
     2, 36439,19651205,  -20,    0
     2, 36439,19651206,  -38,    0
     2, 36439,19651207, -175,    0
     2, 36439,19651208, -237,    0
     2, 36439,19651209, -238,    0
     2, 36439,19651210,  -74,    0
     2, 36439,19651211, -114,    0
     2, 36439,19651212, -225,    0
     2, 36439,19651213, -276,    0
     2, 36439,19651214, -305,    0
     2, 36439,19651215, -259,    0
     2, 36439,19651216, -313,    0
     2, 36439,19651217, -285,    0
     2, 36439,19651218, -160,    0
     2, 36439,19651219,  -59,    0
     2, 36439,19651220,  -97,    0
     2, 36439,19651221, -170,    0
     2, 36439,19651222, -224,    0
     2, 36439,19651223, -167,    0
     2, 36439,19651224,  -84,    0
     2, 36439,19651225,  -34,    0
     2, 36439,19651226,  -20,    0
     2, 36439,19651227, -104,    0
     2, 36439,19651228, -120,    0
     2, 36439,19651229, -227,    0
     2, 36439,19651230, -285,    0
     2, 36439,19651231, -295,    0
     2, 36439,19660101, -333,    0
     2, 36439,19660102, -260,    0
     2, 36439,19660103, -167,    0
     2, 36439,19660104, -284,    0
     2, 36439,19660105, -306,    0
     2, 36439,19660106, -200,    0
     2, 36439,19660107,  -34,    0
     2, 36439,19660108,  -90,    0
     2, 36439,19660109,  -90,    0
     2, 36439,19660110,  -65,    0
     2, 36439,19660111, -106,    0
     2, 36439,19660112, -156,    0
     2, 36439,19660113, -102,    0
     2, 36439,19660114, -130,    0
     2, 36439,19660115, -128,    0
     2, 36439,19660116, -266,    0
     2, 36439,19660117, -248,    0
     2, 36439,19660118, -255,    0
     2, 36439,19660119, -345,    0
     2, 36439,19660120, -315,    0
     2, 36439,19660121, -221,    0
     2, 36439,19660122, -220,    0
     2, 36439,19660123, -120,    0
     2, 36439,19660124, -215,    0
     2, 36439,19660125, -225,    0
     2, 36439,19660126, -263,    0
     2, 36439,19660127, -165,    0
     2, 36439,19660128, -154,    0
     2, 36439,19660129, -132,    0
     2, 36439,19660130,  -66,    0
     2, 36439,19660131,  -89,    0
     2, 36439,19660201, -235,    0
     2, 36439,19660202, -275,    0
     2, 36439,19660203, -236,    0
     2, 36439,19660204, -258,    0
     2, 36439,19660205, -246,    0
     2, 36439,19660206, -156,    0
     2, 36439,19660207, -232,    0
     2, 36439,19660208, -366,    0
     2, 36439,19660209, -362,    0
     2, 36439,19660210, -200,    0
     2, 36439,19660211, -280,    0
     2, 36439,19660212, -370,    0
     2, 36439,19660213, -372,    0
     2, 36439,19660214, -229,    0
     2, 36439,19660215, -147,    0
     2, 36439,19660216, -156,    0
     2, 36439,19660217, -155,    0
     2, 36439,19660218, -269,    0
     2, 36439,19660219, -300,    0
     2, 36439,19660220, -247,    0
     2, 36439,19660221,  -70,    0
     2, 36439,19660222,  -80,    0
     2, 36439,19660223,  -93,    0
     2, 36439,19660224,  -92,    0
     2, 36439,19660225,  -71,    0
     2, 36439,19660226,  -94,    0
     2, 36439,19660227, -185,    0
     2, 36439,19660228,  -50,    0
     2, 36439,19660301,  -73,    0
     2, 36439,19660302, -124,    0
     2, 36439,19660303,    3,    0
     2, 36439,19660304,   11,    0
     2, 36439,19660305,   -1,    0
     2, 36439,19660306,   -4,    0
     2, 36439,19660307,  -29,    0
     2, 36439,19660308,  -26,    0
     2, 36439,19660309,   -4,    0
     2, 36439,19660310, -119,    0
     2, 36439,19660311,  -69,    0
     2, 36439,19660312, -129,    0
     2, 36439,19660313, -139,    0
     2, 36439,19660314, -269,    0
     2, 36439,19660315, -183,    0
     2, 36439,19660316, -119,    0
     2, 36439,19660317,  -19,    0
     2, 36439,19660318,  -54,    0
     2, 36439,19660319, -144,    0
     2, 36439,19660320,    6,    0
     2, 36439,19660321,  -19,    0
     2, 36439,19660322,  -42,    0
     2, 36439,19660323,  -52,    0
     2, 36439,19660324,  -27,    0
     2, 36439,19660325, -102,    0
     2, 36439,19660326, -151,    0
     2, 36439,19660327,  -94,    0
     2, 36439,19660328,  -29,    0
     2, 36439,19660329,  -21,    0
     2, 36439,19660330,  -49,    0
     2, 36439,19660331, -119,    0
     2, 36439,19660401,   -5,    0
     2, 36439,19660402,  -66,    0
     2, 36439,19660403,   -2,    0
     2, 36439,19660404,    9,    0
     2, 36439,19660405,    2,    0
     2, 36439,19660406,    2,    0
     2, 36439,19660407,  -40,    0
     2, 36439,19660408,  -18,    0
     2, 36439,19660409,  -15,    0
     2, 36439,19660410,  -56,    0
     2, 36439,19660411, -121,    0
     2, 36439,19660412,  -98,    0
     2, 36439,19660413, -116,    0
     2, 36439,19660414,  -97,    0
     2, 36439,19660415,  -70,    0
     2, 36439,19660416, -104,    0
     2, 36439,19660417, -165,    0
     2, 36439,19660418, -158,    0
     2, 36439,19660419, -116,    0
     2, 36439,19660420,  -98,    0
     2, 36439,19660421,  -90,    0
     2, 36439,19660422,  -73,    0
     2, 36439,19660423,  -80,    0
     2, 36439,19660424,    0,    0
     2, 36439,19660425,    8,    0
     2, 36439,19660426,    7,    0
     2, 36439,19660427,  -10,    0
     2, 36439,19660428,  -26,    0
     2, 36439,19660429,  -38,    0
     2, 36439,19660430,   53,    0
     2, 36439,19660501,   34,    0
     2, 36439,19660502,   -6,    0
     2, 36439,19660503,   -1,    0
     2, 36439,19660504,    8,    0
     2, 36439,19660505,  -17,    0
     2, 36439,19660506,  -16,    0
     2, 36439,19660507,  -31,    0
     2, 36439,19660508,   21,    0
     2, 36439,19660509,  -32,    0
     2, 36439,19660510,  -23,    0
     2, 36439,19660511,  -18,    0
     2, 36439,19660512,   11,    0
     2, 36439,19660513,   54,    0
     2, 36439,19660514,   30,    0
     2, 36439,19660515,   36,    0
     2, 36439,19660516,    8,    0
     2, 36439,19660517,   15,    0
     2, 36439,19660518,   87,    0
     2, 36439,19660519,  100,    0
     2, 36439,19660520,   83,    0
     2, 36439,19660521,   68,    0
     2, 36439,19660522,   12,    0
     2, 36439,19660523,   84,    0
     2, 36439,19660524,   72,    0
     2, 36439,19660525,   59,    0
     2, 36439,19660526,   66,    0
     2, 36439,19660527,   40,    0
     2, 36439,19660528,   30,    0
     2, 36439,19660529,   46,    0
     2, 36439,19660530,   36,    0
     2, 36439,19660531,   62,    0
     2, 36439,19660601,   84,    0
     2, 36439,19660602,   45,    0
     2, 36439,19660603,   43,    0
     2, 36439,19660604,   61,    0
     2, 36439,19660605,   99,    0
     2, 36439,19660606,  123,    0
     2, 36439,19660607,   78,    0
     2, 36439,19660608,   70,    0
     2, 36439,19660609,   37,    0
     2, 36439,19660610,   96,    0
     2, 36439,19660611,   77,    0
     2, 36439,19660612,   86,    0
     2, 36439,19660613,  135,    0
     2, 36439,19660614,   72,    0
     2, 36439,19660615,   88,    0
     2, 36439,19660616,  106,    0
     2, 36439,19660617,  125,    0
     2, 36439,19660618,  123,    0
     2, 36439,19660619,  120,    0
     2, 36439,19660620,  110,    0
     2, 36439,19660621,   94,    0
     2, 36439,19660622,  101,    0
     2, 36439,19660623,  107,    0
     2, 36439,19660624,   99,    0
     2, 36439,19660625,   95,    0
     2, 36439,19660626,  128,    0
     2, 36439,19660627,   99,    0
     2, 36439,19660628,  127,    0
     2, 36439,19660629,  122,    0
     2, 36439,19660630,  147,    0
     2, 36439,19660701,  122,    0
     2, 36439,19660702,  103,    0
     2, 36439,19660703,  128,    0
     2, 36439,19660704,   84,    0
     2, 36439,19660705,  107,    0
     2, 36439,19660706,  106,    0
     2, 36439,19660707,  115,    0
     2, 36439,19660708,   81,    0
     2, 36439,19660709,   89,    0
     2, 36439,19660710,  129,    0
     2, 36439,19660711,   83,    0
     2, 36439,19660712,  126,    0
     2, 36439,19660713,   98,    0
     2, 36439,19660714,   75,    0
     2, 36439,19660715,  101,    0
     2, 36439,19660716,   98,    0
     2, 36439,19660717,  108,    0
     2, 36439,19660718,  103,    0
     2, 36439,19660719,  110,    0
     2, 36439,19660720,  123,    0
     2, 36439,19660721,  118,    0
     2, 36439,19660722,  128,    0
     2, 36439,19660723,  135,    0
     2, 36439,19660724,  148,    0
     2, 36439,19660725,  123,    0
     2, 36439,19660726,  170,    0
     2, 36439,19660727,   83,    0
     2, 36439,19660728,  110,    0
     2, 36439,19660729,   76,    0
     2, 36439,19660730,   81,    0
     2, 36439,19660731,  106,    0
     2, 36439,19660801,   73,    0
     2, 36439,19660802,   68,    0
     2, 36439,19660803,  119,    0
     2, 36439,19660804,  136,    0
     2, 36439,19660805,  128,    0
     2, 36439,19660806,  116,    0
     2, 36439,19660807,  120,    0
     2, 36439,19660808,  133,    0
     2, 36439,19660809,   87,    0
     2, 36439,19660810,  117,    0
     2, 36439,19660811,  120,    0
     2, 36439,19660812,  105,    0
     2, 36439,19660813,  104,    0
     2, 36439,19660814,   96,    0
     2, 36439,19660815,   95,    0
     2, 36439,19660816,   30,    0
     2, 36439,19660817,  100,    0
     2, 36439,19660818,  126,    0
     2, 36439,19660819,   60,    0
     2, 36439,19660820,   87,    0
     2, 36439,19660821,   71,    0
     2, 36439,19660822,   54,    0
     2, 36439,19660823,   57,    0
     2, 36439,19660824,   50,    0
     2, 36439,19660825,   36,    0
     2, 36439,19660826,   42,    0
     2, 36439,19660827,   58,    0
     2, 36439,19660828,   76,    0
     2, 36439,19660829,  105,    0
     2, 36439,19660830,   95,    0
     2, 36439,19660831,   83,    0
     2, 36439,19660901,   88,    0
     2, 36439,19660902,  112,    0
     2, 36439,19660903,   90,    0
     2, 36439,19660904,  115,    0
     2, 36439,19660905,  117,    0
     2, 36439,19660906,   65,    0
     2, 36439,19660907,  115,    0
     2, 36439,19660908,   96,    0
     2, 36439,19660909,   30,    0
     2, 36439,19660910,   12,    0
     2, 36439,19660911,   66,    0
     2, 36439,19660912,   26,    0
     2, 36439,19660913,   81,    0
     2, 36439,19660914,   77,    0
     2, 36439,19660915,   65,    0
     2, 36439,19660916,   49,    0
     2, 36439,19660917,    5,    0
     2, 36439,19660918,   34,    0
     2, 36439,19660919,   10,    0
     2, 36439,19660920,   85,    0
     2, 36439,19660921,   16,    0
     2, 36439,19660922,   -8,    0
     2, 36439,19660923,   30,    0
     2, 36439,19660924,   30,    0
     2, 36439,19660925,   20,    0
     2, 36439,19660926,  -14,    0
     2, 36439,19660927,  -26,    0
     2, 36439,19660928,    5,    0
     2, 36439,19660929,  -35,    0
     2, 36439,19660930,   12,    0
     2, 36439,19661001,   29,    0
     2, 36439,19661002,   47,    0
     2, 36439,19661003,   84,    0
     2, 36439,19661004,   37,    0
     2, 36439,19661005,  -14,    0
     2, 36439,19661006,  -27,    0
     2, 36439,19661007,  -17,    0
     2, 36439,19661008,   66,    0
     2, 36439,19661009,   -5,    0
     2, 36439,19661010,  -44,    0
     2, 36439,19661011,  -28,    0
     2, 36439,19661012,   18,    0
     2, 36439,19661013,    0,    0
     2, 36439,19661014,   -7,    0
     2, 36439,19661015,   31,    0
     2, 36439,19661016,   56,    0
     2, 36439,19661017,   54,    0
     2, 36439,19661018,   77,    0
     2, 36439,19661019,   45,    0
     2, 36439,19661020,   66,    0
     2, 36439,19661021,   69,    0
     2, 36439,19661022,   67,    0
     2, 36439,19661023,   67,    0
     2, 36439,19661024,   29,    0
     2, 36439,19661025,  -17,    0
     2, 36439,19661026,  -55,    0
     2, 36439,19661027,  -44,    0
     2, 36439,19661028,  -49,    0
     2, 36439,19661029,  -69,    0
     2, 36439,19661030,  -32,    0
     2, 36439,19661031,  -26,    0
     2, 36439,19661101,    2,    0
     2, 36439,19661102,  -42,    0
     2, 36439,19661103,  -54,    0
     2, 36439,19661104,  -16,    0
     2, 36439,19661105,    7,    0
     2, 36439,19661106,   35,    0
     2, 36439,19661107,   27,    0
     2, 36439,19661108,   16,    0
     2, 36439,19661109,   46,    0
     2, 36439,19661110,   14,    0
     2, 36439,19661111,  -37,    0
     2, 36439,19661112,  -77,    0
     2, 36439,19661113,    2,    0
     2, 36439,19661114,   19,    0
     2, 36439,19661115,   16,    0
     2, 36439,19661116,    1,    0
     2, 36439,19661117,   -4,    0
     2, 36439,19661118,  -36,    0
     2, 36439,19661119,  -70,    0
     2, 36439,19661120,  -46,    0
     2, 36439,19661121,  -19,    0
     2, 36439,19661122,  -25,    0
     2, 36439,19661123,  -16,    0
     2, 36439,19661124,  -23,    0
     2, 36439,19661125,  -11,    0
     2, 36439,19661126,   -7,    0
     2, 36439,19661127,   -1,    0
     2, 36439,19661128,   22,    0
     2, 36439,19661129,    5,    0
     2, 36439,19661130,  -53,    0
     2, 36439,19661201,  -12,    0
     2, 36439,19661202,   -1,    0
     2, 36439,19661203,   37,    0
     2, 36439,19661204,   18,    0
     2, 36439,19661205,  -51,    0
     2, 36439,19661206,    1,    0
     2, 36439,19661207,   -1,    0
     2, 36439,19661208,   -1,    0
     2, 36439,19661209,   -4,    0
     2, 36439,19661210,   -5,    0
     2, 36439,19661211,   -1,    0
     2, 36439,19661212,  -23,    0
     2, 36439,19661213,  -43,    0
     2, 36439,19661214,  -53,    0
     2, 36439,19661215, -124,    0
     2, 36439,19661216, -191,    0
     2, 36439,19661217, -174,    0
     2, 36439,19661218,  -34,    0
     2, 36439,19661219,  -55,    0
     2, 36439,19661220, -121,    0
     2, 36439,19661221, -159,    0
     2, 36439,19661222, -167,    0
     2, 36439,19661223, -142,    0
     2, 36439,19661224,  -91,    0
     2, 36439,19661225,  -71,    0
     2, 36439,19661226, -112,    0
     2, 36439,19661227, -176,    0
     2, 36439,19661228,  -72,    0
     2, 36439,19661229,  -90,    0
     2, 36439,19661230,   -1,    0
     2, 36439,19661231,  -61,    0
