EUROPEAN CLIMATE ASSESSMENT & DATASET (ECA&D), file created on: 21-12-2020
THESE DATA CAN BE USED FOR NON-COMMERCIAL RESEARCH AND EDUCATION PROVIDED THAT THE FOLLOWING SOURCE IS ACKNOWLEDGED: 

Klein Tank, A.M.G. and Coauthors, 2002. Daily dataset of 20th-century surface
air temperature and precipitation series for the European Climate Assessment.
Int. J. of Climatol., 22, 1441-1453.
Data and metadata available at http://www.ecad.eu

FILE FORMAT (MISSING VALUE CODE = -9999):

01-06 STAID: Station identifier
08-13 SOUID: Source identifier
15-22 DATE : Date YYYYMMDD
24-28 TX   : Maximum temperature in 0.1 &#176;C
30-34 Q_TX : quality code for TX (0='valid'; 1='suspect'; 9='missing')

This is the non-blended series (SOUID: 132734) of station Deuselbach, GERMANY (STAID:   4970)

 STAID,    SOUID,    DATE,   TX, Q_TX
  4970,132734,19610101,   22,    0
  4970,132734,19610102,   34,    0
  4970,132734,19610103,   54,    0
  4970,132734,19610104,   21,    0
  4970,132734,19610105,   24,    0
  4970,132734,19610106,   10,    0
  4970,132734,19610107,   16,    0
  4970,132734,19610108,   33,    0
  4970,132734,19610109,   29,    0
  4970,132734,19610110,   22,    0
  4970,132734,19610111,   15,    0
  4970,132734,19610112,   10,    0
  4970,132734,19610113,    4,    0
  4970,132734,19610114,    8,    0
  4970,132734,19610115,    8,    0
  4970,132734,19610116,    8,    0
  4970,132734,19610117,   -8,    0
  4970,132734,19610118,  -21,    0
  4970,132734,19610119,   28,    0
  4970,132734,19610120,   22,    0
  4970,132734,19610121,   36,    0
  4970,132734,19610122,   40,    0
  4970,132734,19610123,   -2,    0
  4970,132734,19610124,  -10,    0
  4970,132734,19610125,  -20,    0
  4970,132734,19610126,  -48,    0
  4970,132734,19610127,   -5,    0
  4970,132734,19610128,   40,    0
  4970,132734,19610129,   55,    0
  4970,132734,19610130,   70,    0
  4970,132734,19610131,   92,    0
  4970,132734,19610201,   52,    0
  4970,132734,19610202,   46,    0
  4970,132734,19610203,   20,    0
  4970,132734,19610204,   26,    0
  4970,132734,19610205,   30,    0
  4970,132734,19610206,   80,    0
  4970,132734,19610207,   47,    0
  4970,132734,19610208,   50,    0
  4970,132734,19610209,   83,    0
  4970,132734,19610210,   56,    0
  4970,132734,19610211,   60,    0
  4970,132734,19610212,   60,    0
  4970,132734,19610213,   65,    0
  4970,132734,19610214,  155,    0
  4970,132734,19610215,  141,    0
  4970,132734,19610216,  142,    0
  4970,132734,19610217,  147,    0
  4970,132734,19610218,   80,    0
  4970,132734,19610219,  101,    0
  4970,132734,19610220,   85,    0
  4970,132734,19610221,   79,    0
  4970,132734,19610222,   93,    0
  4970,132734,19610223,   73,    0
  4970,132734,19610224,  119,    0
  4970,132734,19610225,  140,    0
  4970,132734,19610226,  132,    0
  4970,132734,19610227,  120,    0
  4970,132734,19610228,  116,    0
  4970,132734,19610301,   44,    0
  4970,132734,19610302,   66,    0
  4970,132734,19610303,   57,    0
  4970,132734,19610304,  110,    0
  4970,132734,19610305,  134,    0
  4970,132734,19610306,  151,    0
  4970,132734,19610307,  150,    0
  4970,132734,19610308,  155,    0
  4970,132734,19610309,  176,    0
  4970,132734,19610310,  137,    0
  4970,132734,19610311,   96,    0
  4970,132734,19610312,  122,    0
  4970,132734,19610313,   94,    0
  4970,132734,19610314,   98,    0
  4970,132734,19610315,  145,    0
  4970,132734,19610316,  185,    0
  4970,132734,19610317,  196,    0
  4970,132734,19610318,  144,    0
  4970,132734,19610319,   55,    0
  4970,132734,19610320,   32,    0
  4970,132734,19610321,   43,    0
  4970,132734,19610322,   41,    0
  4970,132734,19610323,   78,    0
  4970,132734,19610324,  114,    0
  4970,132734,19610325,  118,    0
  4970,132734,19610326,  116,    0
  4970,132734,19610327,   74,    0
  4970,132734,19610328,   59,    0
  4970,132734,19610329,   80,    0
  4970,132734,19610330,   84,    0
  4970,132734,19610331,   90,    0
  4970,132734,19610401,   85,    0
  4970,132734,19610402,   98,    0
  4970,132734,19610403,   97,    0
  4970,132734,19610404,  144,    0
  4970,132734,19610405,  176,    0
  4970,132734,19610406,  216,    0
  4970,132734,19610407,  196,    0
  4970,132734,19610408,  151,    0
  4970,132734,19610409,  147,    0
  4970,132734,19610410,  184,    0
  4970,132734,19610411,  124,    0
  4970,132734,19610412,  150,    0
  4970,132734,19610413,  191,    0
  4970,132734,19610414,  144,    0
  4970,132734,19610415,   92,    0
  4970,132734,19610416,  139,    0
  4970,132734,19610417,  124,    0
  4970,132734,19610418,  108,    0
  4970,132734,19610419,  137,    0
  4970,132734,19610420,  142,    0
  4970,132734,19610421,  144,    0
  4970,132734,19610422,  130,    0
  4970,132734,19610423,  109,    0
  4970,132734,19610424,   83,    0
  4970,132734,19610425,  121,    0
  4970,132734,19610426,  132,    0
  4970,132734,19610427,  106,    0
  4970,132734,19610428,  132,    0
  4970,132734,19610429,  126,    0
  4970,132734,19610430,   83,    0
  4970,132734,19610501,  133,    0
  4970,132734,19610502,  143,    0
  4970,132734,19610503,  133,    0
  4970,132734,19610504,  183,    0
  4970,132734,19610505,  188,    0
  4970,132734,19610506,  172,    0
  4970,132734,19610507,  126,    0
  4970,132734,19610508,  107,    0
  4970,132734,19610509,   90,    0
  4970,132734,19610510,  103,    0
  4970,132734,19610511,   90,    0
  4970,132734,19610512,  141,    0
  4970,132734,19610513,  176,    0
  4970,132734,19610514,  192,    0
  4970,132734,19610515,  151,    0
  4970,132734,19610516,  135,    0
  4970,132734,19610517,  145,    0
  4970,132734,19610518,  156,    0
  4970,132734,19610519,  135,    0
  4970,132734,19610520,  104,    0
  4970,132734,19610521,   84,    0
  4970,132734,19610522,  150,    0
  4970,132734,19610523,  173,    0
  4970,132734,19610524,  187,    0
  4970,132734,19610525,  206,    0
  4970,132734,19610526,  145,    0
  4970,132734,19610527,   80,    0
  4970,132734,19610528,   90,    0
  4970,132734,19610529,  103,    0
  4970,132734,19610530,  107,    0
  4970,132734,19610531,  189,    0
  4970,132734,19610601,  160,    0
  4970,132734,19610602,  129,    0
  4970,132734,19610603,   99,    0
  4970,132734,19610604,  118,    0
  4970,132734,19610605,  209,    0
  4970,132734,19610606,  196,    0
  4970,132734,19610607,  155,    0
  4970,132734,19610608,  165,    0
  4970,132734,19610609,  155,    0
  4970,132734,19610610,  174,    0
  4970,132734,19610611,  157,    0
  4970,132734,19610612,  147,    0
  4970,132734,19610613,  148,    0
  4970,132734,19610614,  150,    0
  4970,132734,19610615,  186,    0
  4970,132734,19610616,  199,    0
  4970,132734,19610617,  223,    0
  4970,132734,19610618,  238,    0
  4970,132734,19610619,  202,    0
  4970,132734,19610620,  220,    0
  4970,132734,19610621,  208,    0
  4970,132734,19610622,  215,    0
  4970,132734,19610623,  224,    0
  4970,132734,19610624,  254,    0
  4970,132734,19610625,  269,    0
  4970,132734,19610626,  276,    0
  4970,132734,19610627,  196,    0
  4970,132734,19610628,  181,    0
  4970,132734,19610629,  217,    0
  4970,132734,19610630,  254,    0
  4970,132734,19610701,  274,    0
  4970,132734,19610702,  299,    0
  4970,132734,19610703,  246,    0
  4970,132734,19610704,  154,    0
  4970,132734,19610705,  153,    0
  4970,132734,19610706,  160,    0
  4970,132734,19610707,  183,    0
  4970,132734,19610708,  193,    0
  4970,132734,19610709,  174,    0
  4970,132734,19610710,  193,    0
  4970,132734,19610711,  227,    0
  4970,132734,19610712,  261,    0
  4970,132734,19610713,  145,    0
  4970,132734,19610714,  166,    0
  4970,132734,19610715,  165,    0
  4970,132734,19610716,  139,    0
  4970,132734,19610717,  150,    0
  4970,132734,19610718,  160,    0
  4970,132734,19610719,  171,    0
  4970,132734,19610720,  170,    0
  4970,132734,19610721,  200,    0
  4970,132734,19610722,  152,    0
  4970,132734,19610723,  160,    0
  4970,132734,19610724,  168,    0
  4970,132734,19610725,  211,    0
  4970,132734,19610726,  237,    0
  4970,132734,19610727,  185,    0
  4970,132734,19610728,  154,    0
  4970,132734,19610729,  160,    0
  4970,132734,19610730,  159,    0
  4970,132734,19610731,  190,    0
  4970,132734,19610801,  227,    0
  4970,132734,19610802,  203,    0
  4970,132734,19610803,  182,    0
  4970,132734,19610804,  222,    0
  4970,132734,19610805,  255,    0
  4970,132734,19610806,  237,    0
  4970,132734,19610807,  199,    0
  4970,132734,19610808,  233,    0
  4970,132734,19610809,  211,    0
  4970,132734,19610810,  162,    0
  4970,132734,19610811,  208,    0
  4970,132734,19610812,  154,    0
  4970,132734,19610813,  191,    0
  4970,132734,19610814,  177,    0
  4970,132734,19610815,  126,    0
  4970,132734,19610816,  160,    0
  4970,132734,19610817,  154,    0
  4970,132734,19610818,  170,    0
  4970,132734,19610819,  150,    0
  4970,132734,19610820,  155,    0
  4970,132734,19610821,  186,    0
  4970,132734,19610822,  158,    0
  4970,132734,19610823,  159,    0
  4970,132734,19610824,  170,    0
  4970,132734,19610825,  194,    0
  4970,132734,19610826,  237,    0
  4970,132734,19610827,  246,    0
  4970,132734,19610828,  256,    0
  4970,132734,19610829,  270,    0
  4970,132734,19610830,  296,    0
  4970,132734,19610831,  277,    0
  4970,132734,19610901,  274,    0
  4970,132734,19610902,  282,    0
  4970,132734,19610903,  263,    0
  4970,132734,19610904,  248,    0
  4970,132734,19610905,  192,    0
  4970,132734,19610906,  144,    0
  4970,132734,19610907,  138,    0
  4970,132734,19610908,  110,    0
  4970,132734,19610909,  144,    0
  4970,132734,19610910,  198,    0
  4970,132734,19610911,  200,    0
  4970,132734,19610912,  170,    0
  4970,132734,19610913,  210,    0
  4970,132734,19610914,  170,    0
  4970,132734,19610915,  207,    0
  4970,132734,19610916,  257,    0
  4970,132734,19610917,  264,    0
  4970,132734,19610918,  286,    0
  4970,132734,19610919,  274,    0
  4970,132734,19610920,  251,    0
  4970,132734,19610921,  194,    0
  4970,132734,19610922,  226,    0
  4970,132734,19610923,  241,    0
  4970,132734,19610924,  243,    0
  4970,132734,19610925,  196,    0
  4970,132734,19610926,  204,    0
  4970,132734,19610927,  207,    0
  4970,132734,19610928,  220,    0
  4970,132734,19610929,  203,    0
  4970,132734,19610930,  203,    0
  4970,132734,19611001,  155,    0
  4970,132734,19611002,  155,    0
  4970,132734,19611003,  165,    0
  4970,132734,19611004,  181,    0
  4970,132734,19611005,  202,    0
  4970,132734,19611006,  216,    0
  4970,132734,19611007,  156,    0
  4970,132734,19611008,  130,    0
  4970,132734,19611009,  158,    0
  4970,132734,19611010,  210,    0
  4970,132734,19611011,  210,    0
  4970,132734,19611012,  192,    0
  4970,132734,19611013,  160,    0
  4970,132734,19611014,  155,    0
  4970,132734,19611015,  175,    0
  4970,132734,19611016,  100,    0
  4970,132734,19611017,   94,    0
  4970,132734,19611018,   77,    0
  4970,132734,19611019,   70,    0
  4970,132734,19611020,   90,    0
  4970,132734,19611021,  124,    0
  4970,132734,19611022,  100,    0
  4970,132734,19611023,  107,    0
  4970,132734,19611024,  156,    0
  4970,132734,19611025,  146,    0
  4970,132734,19611026,  132,    0
  4970,132734,19611027,  130,    0
  4970,132734,19611028,  118,    0
  4970,132734,19611029,   98,    0
  4970,132734,19611030,  100,    0
  4970,132734,19611031,   86,    0
  4970,132734,19611101,   84,    0
  4970,132734,19611102,  102,    0
  4970,132734,19611103,   72,    0
  4970,132734,19611104,   20,    0
  4970,132734,19611105,   36,    0
  4970,132734,19611106,   10,    0
  4970,132734,19611107,    6,    0
  4970,132734,19611108,   60,    0
  4970,132734,19611109,   75,    0
  4970,132734,19611110,   52,    0
  4970,132734,19611111,   68,    0
  4970,132734,19611112,   50,    0
  4970,132734,19611113,   67,    0
  4970,132734,19611114,   35,    0
  4970,132734,19611115,   31,    0
  4970,132734,19611116,   44,    0
  4970,132734,19611117,   40,    0
  4970,132734,19611118,   65,    0
  4970,132734,19611119,   55,    0
  4970,132734,19611120,   27,    0
  4970,132734,19611121,   68,    0
  4970,132734,19611122,   85,    0
  4970,132734,19611123,  102,    0
  4970,132734,19611124,   74,    0
  4970,132734,19611125,   78,    0
  4970,132734,19611126,   84,    0
  4970,132734,19611127,   89,    0
  4970,132734,19611128,   63,    0
  4970,132734,19611129,   40,    0
  4970,132734,19611130,   68,    0
  4970,132734,19611201,   98,    0
  4970,132734,19611202,   98,    0
  4970,132734,19611203,   90,    0
  4970,132734,19611204,  126,    0
  4970,132734,19611205,  115,    0
  4970,132734,19611206,   30,    0
  4970,132734,19611207,  -12,    0
  4970,132734,19611208,   -2,    0
  4970,132734,19611209,   53,    0
  4970,132734,19611210,   92,    0
  4970,132734,19611211,  125,    0
  4970,132734,19611212,  115,    0
  4970,132734,19611213,  102,    0
  4970,132734,19611214,   84,    0
  4970,132734,19611215,   54,    0
  4970,132734,19611216,  -10,    0
  4970,132734,19611217,  -62,    0
  4970,132734,19611218,  -58,    0
  4970,132734,19611219,  -18,    0
  4970,132734,19611220,   -3,    0
  4970,132734,19611221,   13,    0
  4970,132734,19611222,   14,    0
  4970,132734,19611223,    5,    0
  4970,132734,19611224,  -65,    0
  4970,132734,19611225,  -34,    0
  4970,132734,19611226,  -27,    0
  4970,132734,19611227,  -42,    0
  4970,132734,19611228,   -4,    0
  4970,132734,19611229,   84,    0
  4970,132734,19611230,   76,    0
  4970,132734,19611231,   91,    0
  4970,132734,19620101,   18,    0
  4970,132734,19620102,    1,    0
  4970,132734,19620103,  -15,    0
  4970,132734,19620104,    2,    0
  4970,132734,19620105,   -4,    0
  4970,132734,19620106,   -4,    0
  4970,132734,19620107,   28,    0
  4970,132734,19620108,   68,    0
  4970,132734,19620109,   48,    0
  4970,132734,19620110,   60,    0
  4970,132734,19620111,   87,    0
  4970,132734,19620112,   52,    0
  4970,132734,19620113,   37,    0
  4970,132734,19620114,   10,    0
  4970,132734,19620115,   13,    0
  4970,132734,19620116,   40,    0
  4970,132734,19620117,   64,    0
  4970,132734,19620118,   60,    0
  4970,132734,19620119,   60,    0
  4970,132734,19620120,   80,    0
  4970,132734,19620121,   82,    0
  4970,132734,19620122,   78,    0
  4970,132734,19620123,   28,    0
  4970,132734,19620124,   73,    0
  4970,132734,19620125,   75,    0
  4970,132734,19620126,   72,    0
  4970,132734,19620127,   70,    0
  4970,132734,19620128,   24,    0
  4970,132734,19620129,   -8,    0
  4970,132734,19620130,  -48,    0
  4970,132734,19620131,  -20,    0
  4970,132734,19620201,  -36,    0
  4970,132734,19620202,    0,    0
  4970,132734,19620203,    4,    0
  4970,132734,19620204,   18,    0
  4970,132734,19620205,   65,    0
  4970,132734,19620206,   48,    0
  4970,132734,19620207,   56,    0
  4970,132734,19620208,   50,    0
  4970,132734,19620209,   32,    0
  4970,132734,19620210,   48,    0
  4970,132734,19620211,   44,    0
  4970,132734,19620212,   60,    0
  4970,132734,19620213,   64,    0
  4970,132734,19620214,  -12,    0
  4970,132734,19620215,   -6,    0
  4970,132734,19620216,   55,    0
  4970,132734,19620217,   37,    0
  4970,132734,19620218,   25,    0
  4970,132734,19620219,   38,    0
  4970,132734,19620220,   61,    0
  4970,132734,19620221,   72,    0
  4970,132734,19620222,    6,    0
  4970,132734,19620223,  -13,    0
  4970,132734,19620224,    0,    0
  4970,132734,19620225,  -28,    0
  4970,132734,19620226,  -28,    0
  4970,132734,19620227,   -2,    0
  4970,132734,19620228,   32,    0
  4970,132734,19620301,  -20,    0
  4970,132734,19620302,   -6,    0
  4970,132734,19620303,    6,    0
  4970,132734,19620304,  -14,    0
  4970,132734,19620305,  -18,    0
  4970,132734,19620306,  -14,    0
  4970,132734,19620307,  -10,    0
  4970,132734,19620308,   26,    0
  4970,132734,19620309,   72,    0
  4970,132734,19620310,   90,    0
  4970,132734,19620311,   71,    0
  4970,132734,19620312,   34,    0
  4970,132734,19620313,  -10,    0
  4970,132734,19620314,    6,    0
  4970,132734,19620315,  -10,    0
  4970,132734,19620316,  -12,    0
  4970,132734,19620317,  -12,    0
  4970,132734,19620318,    3,    0
  4970,132734,19620319,   20,    0
  4970,132734,19620320,   37,    0
  4970,132734,19620321,   30,    0
  4970,132734,19620322,   30,    0
  4970,132734,19620323,   46,    0
  4970,132734,19620324,   51,    0
  4970,132734,19620325,   46,    0
  4970,132734,19620326,   46,    0
  4970,132734,19620327,   63,    0
  4970,132734,19620328,   50,    0
  4970,132734,19620329,   97,    0
  4970,132734,19620330,  107,    0
  4970,132734,19620331,  104,    0
  4970,132734,19620401,   68,    0
  4970,132734,19620402,   73,    0
  4970,132734,19620403,  123,    0
  4970,132734,19620404,   70,    0
  4970,132734,19620405,   53,    0
  4970,132734,19620406,   54,    0
  4970,132734,19620407,   50,    0
  4970,132734,19620408,   73,    0
  4970,132734,19620409,   62,    0
  4970,132734,19620410,   53,    0
  4970,132734,19620411,  103,    0
  4970,132734,19620412,   86,    0
  4970,132734,19620413,   70,    0
  4970,132734,19620414,   48,    0
  4970,132734,19620415,   45,    0
  4970,132734,19620416,   72,    0
  4970,132734,19620417,  115,    0
  4970,132734,19620418,  205,    0
  4970,132734,19620419,  150,    0
  4970,132734,19620420,  177,    0
  4970,132734,19620421,  195,    0
  4970,132734,19620422,  186,    0
  4970,132734,19620423,  218,    0
  4970,132734,19620424,  227,    0
  4970,132734,19620425,  222,    0
  4970,132734,19620426,  207,    0
  4970,132734,19620427,  118,    0
  4970,132734,19620428,   90,    0
  4970,132734,19620429,   97,    0
  4970,132734,19620430,   78,    0
  4970,132734,19620501,  107,    0
  4970,132734,19620502,  112,    0
  4970,132734,19620503,  137,    0
  4970,132734,19620504,  139,    0
  4970,132734,19620505,  164,    0
  4970,132734,19620506,  132,    0
  4970,132734,19620507,  229,    0
  4970,132734,19620508,  186,    0
  4970,132734,19620509,  157,    0
  4970,132734,19620510,  110,    0
  4970,132734,19620511,  122,    0
  4970,132734,19620512,  104,    0
  4970,132734,19620513,  106,    0
  4970,132734,19620514,   88,    0
  4970,132734,19620515,   76,    0
  4970,132734,19620516,  120,    0
  4970,132734,19620517,  100,    0
  4970,132734,19620518,  150,    0
  4970,132734,19620519,  135,    0
  4970,132734,19620520,  124,    0
  4970,132734,19620521,  120,    0
  4970,132734,19620522,  113,    0
  4970,132734,19620523,  133,    0
  4970,132734,19620524,  118,    0
  4970,132734,19620525,   93,    0
  4970,132734,19620526,   99,    0
  4970,132734,19620527,  125,    0
  4970,132734,19620528,  132,    0
  4970,132734,19620529,  132,    0
  4970,132734,19620530,  140,    0
  4970,132734,19620531,  135,    0
  4970,132734,19620601,   95,    0
  4970,132734,19620602,  118,    0
  4970,132734,19620603,  145,    0
  4970,132734,19620604,  150,    0
  4970,132734,19620605,  167,    0
  4970,132734,19620606,  162,    0
  4970,132734,19620607,  182,    0
  4970,132734,19620608,  201,    0
  4970,132734,19620609,  224,    0
  4970,132734,19620610,  222,    0
  4970,132734,19620611,  130,    0
  4970,132734,19620612,  152,    0
  4970,132734,19620613,  233,    0
  4970,132734,19620614,  251,    0
  4970,132734,19620615,  258,    0
  4970,132734,19620616,  227,    0
  4970,132734,19620617,  231,    0
  4970,132734,19620618,  257,    0
  4970,132734,19620619,  215,    0
  4970,132734,19620620,  197,    0
  4970,132734,19620621,  215,    0
  4970,132734,19620622,  255,    0
  4970,132734,19620623,  261,    0
  4970,132734,19620624,  251,    0
  4970,132734,19620625,  186,    0
  4970,132734,19620626,  197,    0
  4970,132734,19620627,  136,    0
  4970,132734,19620628,  135,    0
  4970,132734,19620629,  161,    0
  4970,132734,19620630,  102,    0
  4970,132734,19620701,  131,    0
  4970,132734,19620702,  160,    0
  4970,132734,19620703,  146,    0
  4970,132734,19620704,  114,    0
  4970,132734,19620705,  140,    0
  4970,132734,19620706,  132,    0
  4970,132734,19620707,  167,    0
  4970,132734,19620708,  214,    0
  4970,132734,19620709,  266,    0
  4970,132734,19620710,  283,    0
  4970,132734,19620711,  196,    0
  4970,132734,19620712,  175,    0
  4970,132734,19620713,  168,    0
  4970,132734,19620714,  197,    0
  4970,132734,19620715,  188,    0
  4970,132734,19620716,  155,    0
  4970,132734,19620717,  175,    0
  4970,132734,19620718,  172,    0
  4970,132734,19620719,  194,    0
  4970,132734,19620720,  236,    0
  4970,132734,19620721,  196,    0
  4970,132734,19620722,  188,    0
  4970,132734,19620723,  188,    0
  4970,132734,19620724,  218,    0
  4970,132734,19620725,  280,    0
  4970,132734,19620726,  244,    0
  4970,132734,19620727,  214,    0
  4970,132734,19620728,  168,    0
  4970,132734,19620729,  197,    0
  4970,132734,19620730,  198,    0
  4970,132734,19620731,  220,    0
  4970,132734,19620801,  226,    0
  4970,132734,19620802,  247,    0
  4970,132734,19620803,  240,    0
  4970,132734,19620804,  200,    0
  4970,132734,19620805,  202,    0
  4970,132734,19620806,  215,    0
  4970,132734,19620807,  188,    0
  4970,132734,19620808,  162,    0
  4970,132734,19620809,  185,    0
  4970,132734,19620810,  191,    0
  4970,132734,19620811,  226,    0
  4970,132734,19620812,  276,    0
  4970,132734,19620813,  294,    0
  4970,132734,19620814,  275,    0
  4970,132734,19620815,  209,    0
  4970,132734,19620816,  186,    0
  4970,132734,19620817,  190,    0
  4970,132734,19620818,  180,    0
  4970,132734,19620819,  203,    0
  4970,132734,19620820,  242,    0
  4970,132734,19620821,  184,    0
  4970,132734,19620822,  182,    0
  4970,132734,19620823,  194,    0
  4970,132734,19620824,  185,    0
  4970,132734,19620825,  169,    0
  4970,132734,19620826,  191,    0
  4970,132734,19620827,  184,    0
  4970,132734,19620828,  200,    0
  4970,132734,19620829,  203,    0
  4970,132734,19620830,  211,    0
  4970,132734,19620831,  178,    0
  4970,132734,19620901,  190,    0
  4970,132734,19620902,  243,    0
  4970,132734,19620903,  288,    0
  4970,132734,19620904,  195,    0
  4970,132734,19620905,  172,    0
  4970,132734,19620906,  175,    0
  4970,132734,19620907,  159,    0
  4970,132734,19620908,  132,    0
  4970,132734,19620909,  167,    0
  4970,132734,19620910,  226,    0
  4970,132734,19620911,  207,    0
  4970,132734,19620912,  209,    0
  4970,132734,19620913,  154,    0
  4970,132734,19620914,  166,    0
  4970,132734,19620915,  211,    0
  4970,132734,19620916,  154,    0
  4970,132734,19620917,  118,    0
  4970,132734,19620918,   95,    0
  4970,132734,19620919,   76,    0
  4970,132734,19620920,  109,    0
  4970,132734,19620921,  124,    0
  4970,132734,19620922,  108,    0
  4970,132734,19620923,  109,    0
  4970,132734,19620924,  153,    0
  4970,132734,19620925,  157,    0
  4970,132734,19620926,  157,    0
  4970,132734,19620927,  119,    0
  4970,132734,19620928,  126,    0
  4970,132734,19620929,  150,    0
  4970,132734,19620930,  184,    0
  4970,132734,19621001,  211,    0
  4970,132734,19621002,  228,    0
  4970,132734,19621003,  222,    0
  4970,132734,19621004,  169,    0
  4970,132734,19621005,  150,    0
  4970,132734,19621006,  170,    0
  4970,132734,19621007,  162,    0
  4970,132734,19621008,  165,    0
  4970,132734,19621009,  199,    0
  4970,132734,19621010,  192,    0
  4970,132734,19621011,  188,    0
  4970,132734,19621012,  160,    0
  4970,132734,19621013,  148,    0
  4970,132734,19621014,   72,    0
  4970,132734,19621015,  110,    0
  4970,132734,19621016,  129,    0
  4970,132734,19621017,  124,    0
  4970,132734,19621018,  165,    0
  4970,132734,19621019,  120,    0
  4970,132734,19621020,   90,    0
  4970,132734,19621021,  123,    0
  4970,132734,19621022,  132,    0
  4970,132734,19621023,  134,    0
  4970,132734,19621024,  136,    0
  4970,132734,19621025,  119,    0
  4970,132734,19621026,  161,    0
  4970,132734,19621027,  126,    0
  4970,132734,19621028,   37,    0
  4970,132734,19621029,   60,    0
  4970,132734,19621030,   38,    0
  4970,132734,19621031,   60,    0
  4970,132734,19621101,   31,    0
  4970,132734,19621102,   65,    0
  4970,132734,19621103,  119,    0
  4970,132734,19621104,  155,    0
  4970,132734,19621105,   70,    0
  4970,132734,19621106,  149,    0
  4970,132734,19621107,  120,    0
  4970,132734,19621108,  133,    0
  4970,132734,19621109,  104,    0
  4970,132734,19621110,   83,    0
  4970,132734,19621111,   37,    0
  4970,132734,19621112,   20,    0
  4970,132734,19621113,   17,    0
  4970,132734,19621114,   26,    0
  4970,132734,19621115,   10,    0
  4970,132734,19621116,   12,    0
  4970,132734,19621117,    5,    0
  4970,132734,19621118,   23,    0
  4970,132734,19621119,   16,    0
  4970,132734,19621120,    2,    0
  4970,132734,19621121,  -21,    0
  4970,132734,19621122,  -20,    0
  4970,132734,19621123,   -8,    0
  4970,132734,19621124,    6,    0
  4970,132734,19621125,   63,    0
  4970,132734,19621126,   32,    0
  4970,132734,19621127,   17,    0
  4970,132734,19621128,   27,    0
  4970,132734,19621129,   29,    0
  4970,132734,19621130,   34,    0
  4970,132734,19621201,   18,    0
  4970,132734,19621202,    0,    0
  4970,132734,19621203,   26,    0
  4970,132734,19621204,   68,    0
  4970,132734,19621205,  104,    0
  4970,132734,19621206,   97,    0
  4970,132734,19621207,   58,    0
  4970,132734,19621208,   70,    0
  4970,132734,19621209,   47,    0
  4970,132734,19621210,   27,    0
  4970,132734,19621211,   33,    0
  4970,132734,19621212,   37,    0
  4970,132734,19621213,   22,    0
  4970,132734,19621214,    2,    0
  4970,132734,19621215,   88,    0
  4970,132734,19621216,   87,    0
  4970,132734,19621217,   16,    0
  4970,132734,19621218,   21,    0
  4970,132734,19621219,   14,    0
  4970,132734,19621220,    6,    0
  4970,132734,19621221,   40,    0
  4970,132734,19621222,   23,    0
  4970,132734,19621223,  -93,    0
  4970,132734,19621224,  -65,    0
  4970,132734,19621225, -102,    0
  4970,132734,19621226, -106,    0
  4970,132734,19621227,  -80,    0
  4970,132734,19621228,  -47,    0
  4970,132734,19621229,  -36,    0
  4970,132734,19621230,    6,    0
  4970,132734,19621231,    7,    0
  4970,132734,19630101,  -40,    0
  4970,132734,19630102,  -26,    0
  4970,132734,19630103,  -12,    0
  4970,132734,19630104,   10,    0
  4970,132734,19630105,   22,    0
  4970,132734,19630106,   10,    0
  4970,132734,19630107,  -10,    0
  4970,132734,19630108,  -20,    0
  4970,132734,19630109,  -24,    0
  4970,132734,19630110,  -48,    0
  4970,132734,19630111, -102,    0
  4970,132734,19630112, -109,    0
  4970,132734,19630113,  -74,    0
  4970,132734,19630114,  -41,    0
  4970,132734,19630115,  -50,    0
  4970,132734,19630116,  -31,    0
  4970,132734,19630117,  -83,    0
  4970,132734,19630118,  -71,    0
  4970,132734,19630119,  -74,    0
  4970,132734,19630120,  -62,    0
  4970,132734,19630121,  -70,    0
  4970,132734,19630122,  -62,    0
  4970,132734,19630123,  -52,    0
  4970,132734,19630124,  -62,    0
  4970,132734,19630125,  -36,    0
  4970,132734,19630126,  -22,    0
  4970,132734,19630127,  -29,    0
  4970,132734,19630128,  -42,    0
  4970,132734,19630129,  -44,    0
  4970,132734,19630130,  -64,    0
  4970,132734,19630131,  -89,    0
  4970,132734,19630201,  -80,    0
  4970,132734,19630202,  -66,    0
  4970,132734,19630203,  -88,    0
  4970,132734,19630204,  -70,    0
  4970,132734,19630205,  -40,    0
  4970,132734,19630206,   -4,    0
  4970,132734,19630207,   40,    0
  4970,132734,19630208,   26,    0
  4970,132734,19630209,    8,    0
  4970,132734,19630210,   32,    0
  4970,132734,19630211,   15,    0
  4970,132734,19630212,   -7,    0
  4970,132734,19630213,  -15,    0
  4970,132734,19630214,  -13,    0
  4970,132734,19630215,    2,    0
  4970,132734,19630216,   29,    0
  4970,132734,19630217,   12,    0
  4970,132734,19630218,  -27,    0
  4970,132734,19630219,  -36,    0
  4970,132734,19630220,  -28,    0
  4970,132734,19630221,  -47,    0
  4970,132734,19630222,  -48,    0
  4970,132734,19630223,  -30,    0
  4970,132734,19630224,  -24,    0
  4970,132734,19630225,  -16,    0
  4970,132734,19630226,   14,    0
  4970,132734,19630227,   -5,    0
  4970,132734,19630228,   -8,    0
  4970,132734,19630301,    0,    0
  4970,132734,19630302,   44,    0
  4970,132734,19630303,   65,    0
  4970,132734,19630304,   62,    0
  4970,132734,19630305,   85,    0
  4970,132734,19630306,  109,    0
  4970,132734,19630307,  104,    0
  4970,132734,19630308,  122,    0
  4970,132734,19630309,   83,    0
  4970,132734,19630310,   70,    0
  4970,132734,19630311,   72,    0
  4970,132734,19630312,   70,    0
  4970,132734,19630313,   37,    0
  4970,132734,19630314,  100,    0
  4970,132734,19630315,  120,    0
  4970,132734,19630316,   95,    0
  4970,132734,19630317,  115,    0
  4970,132734,19630318,  106,    0
  4970,132734,19630319,   84,    0
  4970,132734,19630320,   65,    0
  4970,132734,19630321,   50,    0
  4970,132734,19630322,   14,    0
  4970,132734,19630323,   32,    0
  4970,132734,19630324,   26,    0
  4970,132734,19630325,   87,    0
  4970,132734,19630326,   50,    0
  4970,132734,19630327,   62,    0
  4970,132734,19630328,   66,    0
  4970,132734,19630329,   80,    0
  4970,132734,19630330,   78,    0
  4970,132734,19630331,   43,    0
  4970,132734,19630401,   43,    0
  4970,132734,19630402,   70,    0
  4970,132734,19630403,   99,    0
  4970,132734,19630404,   47,    0
  4970,132734,19630405,  112,    0
  4970,132734,19630406,  133,    0
  4970,132734,19630407,  132,    0
  4970,132734,19630408,  141,    0
  4970,132734,19630409,  122,    0
  4970,132734,19630410,  116,    0
  4970,132734,19630411,  133,    0
  4970,132734,19630412,  100,    0
  4970,132734,19630413,   95,    0
  4970,132734,19630414,  110,    0
  4970,132734,19630415,  126,    0
  4970,132734,19630416,  122,    0
  4970,132734,19630417,  157,    0
  4970,132734,19630418,  132,    0
  4970,132734,19630419,  158,    0
  4970,132734,19630420,  181,    0
  4970,132734,19630421,  140,    0
  4970,132734,19630422,  142,    0
  4970,132734,19630423,  175,    0
  4970,132734,19630424,  162,    0
  4970,132734,19630425,  135,    0
  4970,132734,19630426,  129,    0
  4970,132734,19630427,  149,    0
  4970,132734,19630428,  114,    0
  4970,132734,19630429,  144,    0
  4970,132734,19630430,  120,    0
  4970,132734,19630501,  129,    0
  4970,132734,19630502,   95,    0
  4970,132734,19630503,  100,    0
  4970,132734,19630504,   96,    0
  4970,132734,19630505,  120,    0
  4970,132734,19630506,  135,    0
  4970,132734,19630507,  185,    0
  4970,132734,19630508,  224,    0
  4970,132734,19630509,  169,    0
  4970,132734,19630510,  142,    0
  4970,132734,19630511,  112,    0
  4970,132734,19630512,  153,    0
  4970,132734,19630513,  170,    0
  4970,132734,19630514,  116,    0
  4970,132734,19630515,  101,    0
  4970,132734,19630516,   85,    0
  4970,132734,19630517,  144,    0
  4970,132734,19630518,  152,    0
  4970,132734,19630519,  118,    0
  4970,132734,19630520,  122,    0
  4970,132734,19630521,  165,    0
  4970,132734,19630522,  170,    0
  4970,132734,19630523,  140,    0
  4970,132734,19630524,  136,    0
  4970,132734,19630525,  143,    0
  4970,132734,19630526,  164,    0
  4970,132734,19630527,  189,    0
  4970,132734,19630528,  207,    0
  4970,132734,19630529,  208,    0
  4970,132734,19630530,  230,    0
  4970,132734,19630531,  240,    0
  4970,132734,19630601,  220,    0
  4970,132734,19630602,  199,    0
  4970,132734,19630603,  190,    0
  4970,132734,19630604,  204,    0
  4970,132734,19630605,  175,    0
  4970,132734,19630606,  197,    0
  4970,132734,19630607,  166,    0
  4970,132734,19630608,  192,    0
  4970,132734,19630609,  205,    0
  4970,132734,19630610,  223,    0
  4970,132734,19630611,  215,    0
  4970,132734,19630612,  214,    0
  4970,132734,19630613,  210,    0
  4970,132734,19630614,  142,    0
  4970,132734,19630615,  108,    0
  4970,132734,19630616,  180,    0
  4970,132734,19630617,  186,    0
  4970,132734,19630618,  198,    0
  4970,132734,19630619,  130,    0
  4970,132734,19630620,  160,    0
  4970,132734,19630621,  198,    0
  4970,132734,19630622,  233,    0
  4970,132734,19630623,  170,    0
  4970,132734,19630624,  188,    0
  4970,132734,19630625,  176,    0
  4970,132734,19630626,  144,    0
  4970,132734,19630627,  205,    0
  4970,132734,19630628,  180,    0
  4970,132734,19630629,  187,    0
  4970,132734,19630630,  191,    0
  4970,132734,19630701,  199,    0
  4970,132734,19630702,  213,    0
  4970,132734,19630703,  229,    0
  4970,132734,19630704,  230,    0
  4970,132734,19630705,  205,    0
  4970,132734,19630706,  225,    0
  4970,132734,19630707,  215,    0
  4970,132734,19630708,  190,    0
  4970,132734,19630709,  199,    0
  4970,132734,19630710,  194,    0
  4970,132734,19630711,  165,    0
  4970,132734,19630712,  176,    0
  4970,132734,19630713,  200,    0
  4970,132734,19630714,  190,    0
  4970,132734,19630715,  236,    0
  4970,132734,19630716,  252,    0
  4970,132734,19630717,  233,    0
  4970,132734,19630718,  232,    0
  4970,132734,19630719,  232,    0
  4970,132734,19630720,  224,    0
  4970,132734,19630721,  258,    0
  4970,132734,19630722,  280,    0
  4970,132734,19630723,  274,    0
  4970,132734,19630724,  278,    0
  4970,132734,19630725,  243,    0
  4970,132734,19630726,  181,    0
  4970,132734,19630727,  207,    0
  4970,132734,19630728,  217,    0
  4970,132734,19630729,  231,    0
  4970,132734,19630730,  254,    0
  4970,132734,19630731,  223,    0
  4970,132734,19630801,  273,    0
  4970,132734,19630802,  298,    0
  4970,132734,19630803,  275,    0
  4970,132734,19630804,  203,    0
  4970,132734,19630805,  226,    0
  4970,132734,19630806,  280,    0
  4970,132734,19630807,  182,    0
  4970,132734,19630808,  160,    0
  4970,132734,19630809,  162,    0
  4970,132734,19630810,  193,    0
  4970,132734,19630811,  182,    0
  4970,132734,19630812,  190,    0
  4970,132734,19630813,  192,    0
  4970,132734,19630814,  195,    0
  4970,132734,19630815,  184,    0
  4970,132734,19630816,  187,    0
  4970,132734,19630817,  148,    0
  4970,132734,19630818,  112,    0
  4970,132734,19630819,  130,    0
  4970,132734,19630820,  161,    0
  4970,132734,19630821,  134,    0
  4970,132734,19630822,  125,    0
  4970,132734,19630823,  186,    0
  4970,132734,19630824,  194,    0
  4970,132734,19630825,  188,    0
  4970,132734,19630826,  234,    0
  4970,132734,19630827,  185,    0
  4970,132734,19630828,  162,    0
  4970,132734,19630829,  168,    0
  4970,132734,19630830,  181,    0
  4970,132734,19630831,  153,    0
  4970,132734,19630901,  186,    0
  4970,132734,19630902,  170,    0
  4970,132734,19630903,  182,    0
  4970,132734,19630904,  179,    0
  4970,132734,19630905,  154,    0
  4970,132734,19630906,  128,    0
  4970,132734,19630907,  140,    0
  4970,132734,19630908,  168,    0
  4970,132734,19630909,  157,    0
  4970,132734,19630910,  170,    0
  4970,132734,19630911,  203,    0
  4970,132734,19630912,  200,    0
  4970,132734,19630913,  207,    0
  4970,132734,19630914,  236,    0
  4970,132734,19630915,  222,    0
  4970,132734,19630916,  227,    0
  4970,132734,19630917,  242,    0
  4970,132734,19630918,  229,    0
  4970,132734,19630919,  189,    0
  4970,132734,19630920,  161,    0
  4970,132734,19630921,  181,    0
  4970,132734,19630922,  212,    0
  4970,132734,19630923,  219,    0
  4970,132734,19630924,  190,    0
  4970,132734,19630925,  138,    0
  4970,132734,19630926,  138,    0
  4970,132734,19630927,  144,    0
  4970,132734,19630928,  102,    0
  4970,132734,19630929,  109,    0
  4970,132734,19630930,  131,    0
  4970,132734,19631001,  102,    0
  4970,132734,19631002,  114,    0
  4970,132734,19631003,  124,    0
  4970,132734,19631004,  120,    0
  4970,132734,19631005,   77,    0
  4970,132734,19631006,  105,    0
  4970,132734,19631007,  114,    0
  4970,132734,19631008,  128,    0
  4970,132734,19631009,  117,    0
  4970,132734,19631010,  110,    0
  4970,132734,19631011,  128,    0
  4970,132734,19631012,  192,    0
  4970,132734,19631013,  170,    0
  4970,132734,19631014,  106,    0
  4970,132734,19631015,  114,    0
  4970,132734,19631016,  118,    0
  4970,132734,19631017,  115,    0
  4970,132734,19631018,  121,    0
  4970,132734,19631019,  149,    0
  4970,132734,19631020,  186,    0
  4970,132734,19631021,  176,    0
  4970,132734,19631022,  155,    0
  4970,132734,19631023,  131,    0
  4970,132734,19631024,  131,    0
  4970,132734,19631025,  127,    0
  4970,132734,19631026,  124,    0
  4970,132734,19631027,  133,    0
  4970,132734,19631028,  110,    0
  4970,132734,19631029,  101,    0
  4970,132734,19631030,   45,    0
  4970,132734,19631031,   96,    0
  4970,132734,19631101,  107,    0
  4970,132734,19631102,  130,    0
  4970,132734,19631103,  118,    0
  4970,132734,19631104,  133,    0
  4970,132734,19631105,  159,    0
  4970,132734,19631106,  140,    0
  4970,132734,19631107,   84,    0
  4970,132734,19631108,   94,    0
  4970,132734,19631109,  114,    0
  4970,132734,19631110,  138,    0
  4970,132734,19631111,  146,    0
  4970,132734,19631112,  116,    0
  4970,132734,19631113,   83,    0
  4970,132734,19631114,   67,    0
  4970,132734,19631115,  139,    0
  4970,132734,19631116,   80,    0
  4970,132734,19631117,   66,    0
  4970,132734,19631118,  122,    0
  4970,132734,19631119,  134,    0
  4970,132734,19631120,  126,    0
  4970,132734,19631121,   41,    0
  4970,132734,19631122,   69,    0
  4970,132734,19631123,   92,    0
  4970,132734,19631124,   98,    0
  4970,132734,19631125,   94,    0
  4970,132734,19631126,   58,    0
  4970,132734,19631127,   61,    0
  4970,132734,19631128,   41,    0
  4970,132734,19631129,   45,    0
  4970,132734,19631130,   60,    0
  4970,132734,19631201,   74,    0
  4970,132734,19631202,   13,    0
  4970,132734,19631203,   19,    0
  4970,132734,19631204,    6,    0
  4970,132734,19631205,  -10,    0
  4970,132734,19631206,    1,    0
  4970,132734,19631207,   17,    0
  4970,132734,19631208,    3,    0
  4970,132734,19631209,    2,    0
  4970,132734,19631210,  -12,    0
  4970,132734,19631211,   36,    0
  4970,132734,19631212,  -15,    0
  4970,132734,19631213,  -30,    0
  4970,132734,19631214,  -52,    0
  4970,132734,19631215,  -57,    0
  4970,132734,19631216,  -50,    0
  4970,132734,19631217,  -45,    0
  4970,132734,19631218,  -45,    0
  4970,132734,19631219,  -36,    0
  4970,132734,19631220,  -22,    0
  4970,132734,19631221,  -36,    0
  4970,132734,19631222,  -31,    0
  4970,132734,19631223,  -69,    0
  4970,132734,19631224,  -38,    0
  4970,132734,19631225,   33,    0
  4970,132734,19631226,   70,    0
  4970,132734,19631227,   56,    0
  4970,132734,19631228,   22,    0
  4970,132734,19631229,   50,    0
  4970,132734,19631230,   10,    0
  4970,132734,19631231,  -20,    0
  4970,132734,19640101,   24,    0
  4970,132734,19640102,   42,    0
  4970,132734,19640103,   47,    0
  4970,132734,19640104,   79,    0
  4970,132734,19640105,  -20,    0
  4970,132734,19640106,   25,    0
  4970,132734,19640107,   18,    0
  4970,132734,19640108,    9,    0
  4970,132734,19640109,   24,    0
  4970,132734,19640110,   16,    0
  4970,132734,19640111,  -38,    0
  4970,132734,19640112,  -10,    0
  4970,132734,19640113,   33,    0
  4970,132734,19640114,   55,    0
  4970,132734,19640115,   40,    0
  4970,132734,19640116,  -40,    0
  4970,132734,19640117,  -25,    0
  4970,132734,19640118,   30,    0
  4970,132734,19640119,   -2,    0
  4970,132734,19640120,   -9,    0
  4970,132734,19640121,   -5,    0
  4970,132734,19640122,   -2,    0
  4970,132734,19640123,   -6,    0
  4970,132734,19640124,  -11,    0
  4970,132734,19640125,    3,    0
  4970,132734,19640126,   -2,    0
  4970,132734,19640127,   -2,    0
  4970,132734,19640128,  -10,    0
  4970,132734,19640129,    5,    0
  4970,132734,19640130,   15,    0
  4970,132734,19640131,   12,    0
  4970,132734,19640201,   58,    0
  4970,132734,19640202,   61,    0
  4970,132734,19640203,   55,    0
  4970,132734,19640204,   45,    0
  4970,132734,19640205,   18,    0
  4970,132734,19640206,   -6,    0
  4970,132734,19640207,    1,    0
  4970,132734,19640208,   24,    0
  4970,132734,19640209,   26,    0
  4970,132734,19640210,   25,    0
  4970,132734,19640211,   24,    0
  4970,132734,19640212,   24,    0
  4970,132734,19640213,   26,    0
  4970,132734,19640214,    5,    0
  4970,132734,19640215,   38,    0
  4970,132734,19640216,   64,    0
  4970,132734,19640217,   27,    0
  4970,132734,19640218,    5,    0
  4970,132734,19640219,   -1,    0
  4970,132734,19640220,    3,    0
  4970,132734,19640221,   -7,    0
  4970,132734,19640222,   36,    0
  4970,132734,19640223,   76,    0
  4970,132734,19640224,  100,    0
  4970,132734,19640225,  135,    0
  4970,132734,19640226,  155,    0
  4970,132734,19640227,  112,    0
  4970,132734,19640228,  114,    0
  4970,132734,19640229,   74,    0
  4970,132734,19640301,   46,    0
  4970,132734,19640302,   53,    0
  4970,132734,19640303,   70,    0
  4970,132734,19640304,   -6,    0
  4970,132734,19640305,  -26,    0
  4970,132734,19640306,  -48,    0
  4970,132734,19640307,  -26,    0
  4970,132734,19640308,  -13,    0
  4970,132734,19640309,   29,    0
  4970,132734,19640310,   60,    0
  4970,132734,19640311,   88,    0
  4970,132734,19640312,   68,    0
  4970,132734,19640313,   56,    0
  4970,132734,19640314,   30,    0
  4970,132734,19640315,   10,    0
  4970,132734,19640316,  -14,    0
  4970,132734,19640317,    6,    0
  4970,132734,19640318,   10,    0
  4970,132734,19640319,   70,    0
  4970,132734,19640320,  117,    0
  4970,132734,19640321,   96,    0
  4970,132734,19640322,   78,    0
  4970,132734,19640323,  105,    0
  4970,132734,19640324,  105,    0
  4970,132734,19640325,   93,    0
  4970,132734,19640326,   69,    0
  4970,132734,19640327,   51,    0
  4970,132734,19640328,   46,    0
  4970,132734,19640329,    9,    0
  4970,132734,19640330,   22,    0
  4970,132734,19640331,   41,    0
  4970,132734,19640401,   51,    0
  4970,132734,19640402,   90,    0
  4970,132734,19640403,   95,    0
  4970,132734,19640404,   73,    0
  4970,132734,19640405,   34,    0
  4970,132734,19640406,   60,    0
  4970,132734,19640407,   66,    0
  4970,132734,19640408,   54,    0
  4970,132734,19640409,  144,    0
  4970,132734,19640410,  180,    0
  4970,132734,19640411,  159,    0
  4970,132734,19640412,  126,    0
  4970,132734,19640413,   98,    0
  4970,132734,19640414,   92,    0
  4970,132734,19640415,  136,    0
  4970,132734,19640416,  193,    0
  4970,132734,19640417,  194,    0
  4970,132734,19640418,  214,    0
  4970,132734,19640419,  194,    0
  4970,132734,19640420,  151,    0
  4970,132734,19640421,  138,    0
  4970,132734,19640422,  116,    0
  4970,132734,19640423,  117,    0
  4970,132734,19640424,   70,    0
  4970,132734,19640425,   80,    0
  4970,132734,19640426,  148,    0
  4970,132734,19640427,  172,    0
  4970,132734,19640428,  166,    0
  4970,132734,19640429,  113,    0
  4970,132734,19640430,  113,    0
  4970,132734,19640501,  110,    0
  4970,132734,19640502,  110,    0
  4970,132734,19640503,  126,    0
  4970,132734,19640504,  135,    0
  4970,132734,19640505,  129,    0
  4970,132734,19640506,  161,    0
  4970,132734,19640507,  213,    0
  4970,132734,19640508,  174,    0
  4970,132734,19640509,  184,    0
  4970,132734,19640510,  184,    0
  4970,132734,19640511,  202,    0
  4970,132734,19640512,  260,    0
  4970,132734,19640513,  232,    0
  4970,132734,19640514,  166,    0
  4970,132734,19640515,  154,    0
  4970,132734,19640516,  174,    0
  4970,132734,19640517,  233,    0
  4970,132734,19640518,  243,    0
  4970,132734,19640519,  205,    0
  4970,132734,19640520,  134,    0
  4970,132734,19640521,  167,    0
  4970,132734,19640522,  176,    0
  4970,132734,19640523,  210,    0
  4970,132734,19640524,  221,    0
  4970,132734,19640525,  215,    0
  4970,132734,19640526,  174,    0
  4970,132734,19640527,  181,    0
  4970,132734,19640528,  196,    0
  4970,132734,19640529,  195,    0
  4970,132734,19640530,  222,    0
  4970,132734,19640531,  237,    0
  4970,132734,19640601,  240,    0
  4970,132734,19640602,  196,    0
  4970,132734,19640603,  186,    0
  4970,132734,19640604,  237,    0
  4970,132734,19640605,  220,    0
  4970,132734,19640606,  240,    0
  4970,132734,19640607,  247,    0
  4970,132734,19640608,  170,    0
  4970,132734,19640609,  210,    0
  4970,132734,19640610,  224,    0
  4970,132734,19640611,  262,    0
  4970,132734,19640612,  286,    0
  4970,132734,19640613,  296,    0
  4970,132734,19640614,  234,    0
  4970,132734,19640615,  154,    0
  4970,132734,19640616,  203,    0
  4970,132734,19640617,  230,    0
  4970,132734,19640618,  245,    0
  4970,132734,19640619,  150,    0
  4970,132734,19640620,  165,    0
  4970,132734,19640621,  158,    0
  4970,132734,19640622,  146,    0
  4970,132734,19640623,  154,    0
  4970,132734,19640624,  180,    0
  4970,132734,19640625,  212,    0
  4970,132734,19640626,  219,    0
  4970,132734,19640627,  267,    0
  4970,132734,19640628,  256,    0
  4970,132734,19640629,  152,    0
  4970,132734,19640630,  182,    0
  4970,132734,19640701,  190,    0
  4970,132734,19640702,  190,    0
  4970,132734,19640703,  221,    0
  4970,132734,19640704,  170,    0
  4970,132734,19640705,  172,    0
  4970,132734,19640706,  188,    0
  4970,132734,19640707,  217,    0
  4970,132734,19640708,  228,    0
  4970,132734,19640709,  166,    0
  4970,132734,19640710,  162,    0
  4970,132734,19640711,  142,    0
  4970,132734,19640712,  194,    0
  4970,132734,19640713,  240,    0
  4970,132734,19640714,  280,    0
  4970,132734,19640715,  316,    0
  4970,132734,19640716,  298,    0
  4970,132734,19640717,  306,    0
  4970,132734,19640718,  339,    0
  4970,132734,19640719,  265,    0
  4970,132734,19640720,  282,    0
  4970,132734,19640721,  307,    0
  4970,132734,19640722,  224,    0
  4970,132734,19640723,  197,    0
  4970,132734,19640724,  240,    0
  4970,132734,19640725,  275,    0
  4970,132734,19640726,  305,    0
  4970,132734,19640727,  310,    0
  4970,132734,19640728,  254,    0
  4970,132734,19640729,  214,    0
  4970,132734,19640730,  262,    0
  4970,132734,19640731,  266,    0
  4970,132734,19640801,  183,    0
  4970,132734,19640802,  160,    0
  4970,132734,19640803,  188,    0
  4970,132734,19640804,  254,    0
  4970,132734,19640805,  259,    0
  4970,132734,19640806,  296,    0
  4970,132734,19640807,  246,    0
  4970,132734,19640808,  171,    0
  4970,132734,19640809,  177,    0
  4970,132734,19640810,  184,    0
  4970,132734,19640811,  144,    0
  4970,132734,19640812,  123,    0
  4970,132734,19640813,  172,    0
  4970,132734,19640814,  202,    0
  4970,132734,19640815,  225,    0
  4970,132734,19640816,  226,    0
  4970,132734,19640817,  272,    0
  4970,132734,19640818,  190,    0
  4970,132734,19640819,  142,    0
  4970,132734,19640820,  153,    0
  4970,132734,19640821,  154,    0
  4970,132734,19640822,  192,    0
  4970,132734,19640823,  205,    0
  4970,132734,19640824,  220,    0
  4970,132734,19640825,  250,    0
  4970,132734,19640826,  295,    0
  4970,132734,19640827,  309,    0
  4970,132734,19640828,  305,    0
  4970,132734,19640829,  222,    0
  4970,132734,19640830,  157,    0
  4970,132734,19640831,  164,    0
  4970,132734,19640901,  177,    0
  4970,132734,19640902,  203,    0
  4970,132734,19640903,  242,    0
  4970,132734,19640904,  248,    0
  4970,132734,19640905,  221,    0
  4970,132734,19640906,  170,    0
  4970,132734,19640907,  158,    0
  4970,132734,19640908,  170,    0
  4970,132734,19640909,  168,    0
  4970,132734,19640910,  212,    0
  4970,132734,19640911,  248,    0
  4970,132734,19640912,  210,    0
  4970,132734,19640913,  186,    0
  4970,132734,19640914,  266,    0
  4970,132734,19640915,  251,    0
  4970,132734,19640916,  178,    0
  4970,132734,19640917,  143,    0
  4970,132734,19640918,  134,    0
  4970,132734,19640919,  149,    0
  4970,132734,19640920,  140,    0
  4970,132734,19640921,  110,    0
  4970,132734,19640922,  140,    0
  4970,132734,19640923,  156,    0
  4970,132734,19640924,  182,    0
  4970,132734,19640925,  212,    0
  4970,132734,19640926,  221,    0
  4970,132734,19640927,  170,    0
  4970,132734,19640928,  162,    0
  4970,132734,19640929,  180,    0
  4970,132734,19640930,  110,    0
  4970,132734,19641001,  166,    0
  4970,132734,19641002,  178,    0
  4970,132734,19641003,  168,    0
  4970,132734,19641004,  154,    0
  4970,132734,19641005,  161,    0
  4970,132734,19641006,  185,    0
  4970,132734,19641007,  168,    0
  4970,132734,19641008,  132,    0
  4970,132734,19641009,   68,    0
  4970,132734,19641010,   92,    0
  4970,132734,19641011,   96,    0
  4970,132734,19641012,   95,    0
  4970,132734,19641013,   72,    0
  4970,132734,19641014,   96,    0
  4970,132734,19641015,   78,    0
  4970,132734,19641016,   82,    0
  4970,132734,19641017,   82,    0
  4970,132734,19641018,   84,    0
  4970,132734,19641019,   77,    0
  4970,132734,19641020,   71,    0
  4970,132734,19641021,   57,    0
  4970,132734,19641022,   67,    0
  4970,132734,19641023,   54,    0
  4970,132734,19641024,   53,    0
  4970,132734,19641025,   60,    0
  4970,132734,19641026,   72,    0
  4970,132734,19641027,   41,    0
  4970,132734,19641028,   78,    0
  4970,132734,19641029,   83,    0
  4970,132734,19641030,   77,    0
  4970,132734,19641031,   70,    0
  4970,132734,19641101,   76,    0
  4970,132734,19641102,   62,    0
  4970,132734,19641103,   50,    0
  4970,132734,19641104,   44,    0
  4970,132734,19641105,   49,    0
  4970,132734,19641106,    4,    0
  4970,132734,19641107,   51,    0
  4970,132734,19641108,   74,    0
  4970,132734,19641109,   54,    0
  4970,132734,19641110,   38,    0
  4970,132734,19641111,   76,    0
  4970,132734,19641112,   65,    0
  4970,132734,19641113,   78,    0
  4970,132734,19641114,  117,    0
  4970,132734,19641115,  120,    0
  4970,132734,19641116,  102,    0
  4970,132734,19641117,  103,    0
  4970,132734,19641118,  104,    0
  4970,132734,19641119,   86,    0
  4970,132734,19641120,   80,    0
  4970,132734,19641121,   72,    0
  4970,132734,19641122,   65,    0
  4970,132734,19641123,   48,    0
  4970,132734,19641124,   61,    0
  4970,132734,19641125,   76,    0
  4970,132734,19641126,   91,    0
  4970,132734,19641127,   82,    0
  4970,132734,19641128,   36,    0
  4970,132734,19641129,   27,    0
  4970,132734,19641130,    3,    0
  4970,132734,19641201,    3,    0
  4970,132734,19641202,  -11,    0
  4970,132734,19641203,    0,    0
  4970,132734,19641204,   -8,    0
  4970,132734,19641205,    0,    0
  4970,132734,19641206,   48,    0
  4970,132734,19641207,   50,    0
  4970,132734,19641208,   76,    0
  4970,132734,19641209,   85,    0
  4970,132734,19641210,   96,    0
  4970,132734,19641211,   73,    0
  4970,132734,19641212,   30,    0
  4970,132734,19641213,   50,    0
  4970,132734,19641214,   66,    0
  4970,132734,19641215,   74,    0
  4970,132734,19641216,   66,    0
  4970,132734,19641217,   48,    0
  4970,132734,19641218,   57,    0
  4970,132734,19641219,   15,    0
  4970,132734,19641220,   -7,    0
  4970,132734,19641221,  -22,    0
  4970,132734,19641222,   -4,    0
  4970,132734,19641223,   -1,    0
  4970,132734,19641224,  -16,    0
  4970,132734,19641225,  -24,    0
  4970,132734,19641226,  -39,    0
  4970,132734,19641227,  -44,    0
  4970,132734,19641228,  -66,    0
  4970,132734,19641229,  -52,    0
  4970,132734,19641230,   26,    0
  4970,132734,19641231,   48,    0
  4970,132734,19650101,   41,    0
  4970,132734,19650102,   17,    0
  4970,132734,19650103,    5,    0
  4970,132734,19650104,  -15,    0
  4970,132734,19650105,   -8,    0
  4970,132734,19650106,    5,    0
  4970,132734,19650107,   15,    0
  4970,132734,19650108,   38,    0
  4970,132734,19650109,   35,    0
  4970,132734,19650110,   54,    0
  4970,132734,19650111,   76,    0
  4970,132734,19650112,   68,    0
  4970,132734,19650113,   54,    0
  4970,132734,19650114,   31,    0
  4970,132734,19650115,   24,    0
  4970,132734,19650116,   20,    0
  4970,132734,19650117,   84,    0
  4970,132734,19650118,   25,    0
  4970,132734,19650119,    5,    0
  4970,132734,19650120,  -13,    0
  4970,132734,19650121,   -5,    0
  4970,132734,19650122,   16,    0
  4970,132734,19650123,   20,    0
  4970,132734,19650124,   17,    0
  4970,132734,19650125,   27,    0
  4970,132734,19650126,   14,    0
  4970,132734,19650127,  -23,    0
  4970,132734,19650128,   -9,    0
  4970,132734,19650129,   45,    0
  4970,132734,19650130,   62,    0
  4970,132734,19650131,   28,    0
  4970,132734,19650201,   12,    0
  4970,132734,19650202,  -12,    0
  4970,132734,19650203,  -11,    0
  4970,132734,19650204,   16,    0
  4970,132734,19650205,   14,    0
  4970,132734,19650206,    6,    0
  4970,132734,19650207,   17,    0
  4970,132734,19650208,    7,    0
  4970,132734,19650209,  -28,    0
  4970,132734,19650210,  -10,    0
  4970,132734,19650211,   22,    0
  4970,132734,19650212,   13,    0
  4970,132734,19650213,   20,    0
  4970,132734,19650214,    6,    0
  4970,132734,19650215,   -7,    0
  4970,132734,19650216,  -13,    0
  4970,132734,19650217,  -26,    0
  4970,132734,19650218,  -36,    0
  4970,132734,19650219,  -31,    0
  4970,132734,19650220,  -36,    0
  4970,132734,19650221,  -34,    0
  4970,132734,19650222,  -18,    0
  4970,132734,19650223,   -1,    0
  4970,132734,19650224,   -3,    0
  4970,132734,19650225,   10,    0
  4970,132734,19650226,   14,    0
  4970,132734,19650227,    2,    0
  4970,132734,19650228,   21,    0
  4970,132734,19650301,    6,    0
  4970,132734,19650302,  -14,    0
  4970,132734,19650303,  -46,    0
  4970,132734,19650304,  -16,    0
  4970,132734,19650305,   21,    0
  4970,132734,19650306,    0,    0
  4970,132734,19650307,   -1,    0
  4970,132734,19650308,    0,    0
  4970,132734,19650309,   20,    0
  4970,132734,19650310,   22,    0
  4970,132734,19650311,   71,    0
  4970,132734,19650312,   90,    0
  4970,132734,19650313,  120,    0
  4970,132734,19650314,   82,    0
  4970,132734,19650315,   97,    0
  4970,132734,19650316,   99,    0
  4970,132734,19650317,   99,    0
  4970,132734,19650318,   82,    0
  4970,132734,19650319,   70,    0
  4970,132734,19650320,   84,    0
  4970,132734,19650321,   99,    0
  4970,132734,19650322,   60,    0
  4970,132734,19650323,  105,    0
  4970,132734,19650324,   90,    0
  4970,132734,19650325,   88,    0
  4970,132734,19650326,   76,    0
  4970,132734,19650327,   86,    0
  4970,132734,19650328,  143,    0
  4970,132734,19650329,  164,    0
  4970,132734,19650330,  158,    0
  4970,132734,19650331,  128,    0
  4970,132734,19650401,  136,    0
  4970,132734,19650402,  165,    0
  4970,132734,19650403,  162,    0
  4970,132734,19650404,  154,    0
  4970,132734,19650405,  174,    0
  4970,132734,19650406,  148,    0
  4970,132734,19650407,  111,    0
  4970,132734,19650408,  111,    0
  4970,132734,19650409,  101,    0
  4970,132734,19650410,  121,    0
  4970,132734,19650411,  105,    0
  4970,132734,19650412,   83,    0
  4970,132734,19650413,   67,    0
  4970,132734,19650414,   86,    0
  4970,132734,19650415,   70,    0
  4970,132734,19650416,   90,    0
  4970,132734,19650417,   78,    0
  4970,132734,19650418,   82,    0
  4970,132734,19650419,   36,    0
  4970,132734,19650420,   37,    0
  4970,132734,19650421,   45,    0
  4970,132734,19650422,   75,    0
  4970,132734,19650423,   64,    0
  4970,132734,19650424,   92,    0
  4970,132734,19650425,   91,    0
  4970,132734,19650426,   76,    0
  4970,132734,19650427,   74,    0
  4970,132734,19650428,   84,    0
  4970,132734,19650429,   46,    0
  4970,132734,19650430,  118,    0
  4970,132734,19650501,  150,    0
  4970,132734,19650502,  172,    0
  4970,132734,19650503,  140,    0
  4970,132734,19650504,  150,    0
  4970,132734,19650505,  100,    0
  4970,132734,19650506,   96,    0
  4970,132734,19650507,  115,    0
  4970,132734,19650508,  137,    0
  4970,132734,19650509,  138,    0
  4970,132734,19650510,  105,    0
  4970,132734,19650511,  115,    0
  4970,132734,19650512,  168,    0
  4970,132734,19650513,  201,    0
  4970,132734,19650514,  245,    0
  4970,132734,19650515,  232,    0
  4970,132734,19650516,  184,    0
  4970,132734,19650517,  173,    0
  4970,132734,19650518,  152,    0
  4970,132734,19650519,  107,    0
  4970,132734,19650520,  106,    0
  4970,132734,19650521,  136,    0
  4970,132734,19650522,  167,    0
  4970,132734,19650523,  175,    0
  4970,132734,19650524,  173,    0
  4970,132734,19650525,  164,    0
  4970,132734,19650526,  148,    0
  4970,132734,19650527,  111,    0
  4970,132734,19650528,  103,    0
  4970,132734,19650529,  156,    0
  4970,132734,19650530,  157,    0
  4970,132734,19650531,  119,    0
  4970,132734,19650601,   92,    0
  4970,132734,19650602,  158,    0
  4970,132734,19650603,  158,    0
  4970,132734,19650604,  172,    0
  4970,132734,19650605,  135,    0
  4970,132734,19650606,  143,    0
  4970,132734,19650607,  178,    0
  4970,132734,19650608,  137,    0
  4970,132734,19650609,  107,    0
  4970,132734,19650610,  172,    0
  4970,132734,19650611,  140,    0
  4970,132734,19650612,  187,    0
  4970,132734,19650613,  180,    0
  4970,132734,19650614,  203,    0
  4970,132734,19650615,  228,    0
  4970,132734,19650616,  212,    0
  4970,132734,19650617,  171,    0
  4970,132734,19650618,  178,    0
  4970,132734,19650619,  196,    0
  4970,132734,19650620,  222,    0
  4970,132734,19650621,  248,    0
  4970,132734,19650622,  191,    0
  4970,132734,19650623,  200,    0
  4970,132734,19650624,  198,    0
  4970,132734,19650625,  254,    0
  4970,132734,19650626,  220,    0
  4970,132734,19650627,  176,    0
  4970,132734,19650628,  205,    0
  4970,132734,19650629,  234,    0
  4970,132734,19650630,  287,    0
  4970,132734,19650701,  170,    0
  4970,132734,19650702,  186,    0
  4970,132734,19650703,  142,    0
  4970,132734,19650704,  140,    0
  4970,132734,19650705,  140,    0
  4970,132734,19650706,  155,    0
  4970,132734,19650707,  200,    0
  4970,132734,19650708,  144,    0
  4970,132734,19650709,  146,    0
  4970,132734,19650710,  165,    0
  4970,132734,19650711,  199,    0
  4970,132734,19650712,  214,    0
  4970,132734,19650713,  271,    0
  4970,132734,19650714,  242,    0
  4970,132734,19650715,  223,    0
  4970,132734,19650716,  170,    0
  4970,132734,19650717,  137,    0
  4970,132734,19650718,  164,    0
  4970,132734,19650719,  197,    0
  4970,132734,19650720,  222,    0
  4970,132734,19650721,  175,    0
  4970,132734,19650722,  186,    0
  4970,132734,19650723,  185,    0
  4970,132734,19650724,  184,    0
  4970,132734,19650725,  192,    0
  4970,132734,19650726,  173,    0
  4970,132734,19650727,  151,    0
  4970,132734,19650728,  170,    0
  4970,132734,19650729,  162,    0
  4970,132734,19650730,  170,    0
  4970,132734,19650731,  139,    0
  4970,132734,19650801,  172,    0
  4970,132734,19650802,  174,    0
  4970,132734,19650803,  174,    0
  4970,132734,19650804,  202,    0
  4970,132734,19650805,  261,    0
  4970,132734,19650806,  229,    0
  4970,132734,19650807,  206,    0
  4970,132734,19650808,  165,    0
  4970,132734,19650809,  185,    0
  4970,132734,19650810,  197,    0
  4970,132734,19650811,  202,    0
  4970,132734,19650812,  204,    0
  4970,132734,19650813,  214,    0
  4970,132734,19650814,  220,    0
  4970,132734,19650815,  183,    0
  4970,132734,19650816,  220,    0
  4970,132734,19650817,  227,    0
  4970,132734,19650818,  232,    0
  4970,132734,19650819,  230,    0
  4970,132734,19650820,  232,    0
  4970,132734,19650821,  200,    0
  4970,132734,19650822,  152,    0
  4970,132734,19650823,  173,    0
  4970,132734,19650824,  184,    0
  4970,132734,19650825,  145,    0
  4970,132734,19650826,  140,    0
  4970,132734,19650827,  173,    0
  4970,132734,19650828,  193,    0
  4970,132734,19650829,  192,    0
  4970,132734,19650830,  170,    0
  4970,132734,19650831,  144,    0
  4970,132734,19650901,  116,    0
  4970,132734,19650902,  132,    0
  4970,132734,19650903,  134,    0
  4970,132734,19650904,  156,    0
  4970,132734,19650905,  134,    0
  4970,132734,19650906,  115,    0
  4970,132734,19650907,  126,    0
  4970,132734,19650908,  169,    0
  4970,132734,19650909,  156,    0
  4970,132734,19650910,  144,    0
  4970,132734,19650911,  118,    0
  4970,132734,19650912,  125,    0
  4970,132734,19650913,  108,    0
  4970,132734,19650914,  135,    0
  4970,132734,19650915,  178,    0
  4970,132734,19650916,  207,    0
  4970,132734,19650917,  222,    0
  4970,132734,19650918,  193,    0
  4970,132734,19650919,  145,    0
  4970,132734,19650920,  165,    0
  4970,132734,19650921,  166,    0
  4970,132734,19650922,  220,    0
  4970,132734,19650923,  205,    0
  4970,132734,19650924,  207,    0
  4970,132734,19650925,  210,    0
  4970,132734,19650926,  149,    0
  4970,132734,19650927,  174,    0
  4970,132734,19650928,  111,    0
  4970,132734,19650929,  137,    0
  4970,132734,19650930,  162,    0
  4970,132734,19651001,  151,    0
  4970,132734,19651002,  140,    0
  4970,132734,19651003,  157,    0
  4970,132734,19651004,  191,    0
  4970,132734,19651005,  155,    0
  4970,132734,19651006,  201,    0
  4970,132734,19651007,  205,    0
  4970,132734,19651008,  142,    0
  4970,132734,19651009,  110,    0
  4970,132734,19651010,  120,    0
  4970,132734,19651011,  159,    0
  4970,132734,19651012,  153,    0
  4970,132734,19651013,  178,    0
  4970,132734,19651014,  169,    0
  4970,132734,19651015,  169,    0
  4970,132734,19651016,  134,    0
  4970,132734,19651017,  110,    0
  4970,132734,19651018,  129,    0
  4970,132734,19651019,  106,    0
  4970,132734,19651020,  111,    0
  4970,132734,19651021,  110,    0
  4970,132734,19651022,   94,    0
  4970,132734,19651023,  126,    0
  4970,132734,19651024,  117,    0
  4970,132734,19651025,  144,    0
  4970,132734,19651026,  180,    0
  4970,132734,19651027,  120,    0
  4970,132734,19651028,  150,    0
  4970,132734,19651029,  130,    0
  4970,132734,19651030,  112,    0
  4970,132734,19651031,   93,    0
  4970,132734,19651101,  114,    0
  4970,132734,19651102,  114,    0
  4970,132734,19651103,   58,    0
  4970,132734,19651104,   34,    0
  4970,132734,19651105,   54,    0
  4970,132734,19651106,   67,    0
  4970,132734,19651107,  173,    0
  4970,132734,19651108,  147,    0
  4970,132734,19651109,  128,    0
  4970,132734,19651110,   82,    0
  4970,132734,19651111,   59,    0
  4970,132734,19651112,   39,    0
  4970,132734,19651113,  -16,    0
  4970,132734,19651114,  -26,    0
  4970,132734,19651115,  -30,    0
  4970,132734,19651116,  -47,    0
  4970,132734,19651117,   17,    0
  4970,132734,19651118,   50,    0
  4970,132734,19651119,   72,    0
  4970,132734,19651120,   68,    0
  4970,132734,19651121,   69,    0
  4970,132734,19651122,  -25,    0
  4970,132734,19651123,  -23,    0
  4970,132734,19651124,   12,    0
  4970,132734,19651125,   23,    0
  4970,132734,19651126,   36,    0
  4970,132734,19651127,   47,    0
  4970,132734,19651128,   44,    0
  4970,132734,19651129,   65,    0
  4970,132734,19651130,   64,    0
  4970,132734,19651201,    9,    0
  4970,132734,19651202,   39,    0
  4970,132734,19651203,   45,    0
  4970,132734,19651204,   30,    0
  4970,132734,19651205,  102,    0
  4970,132734,19651206,   62,    0
  4970,132734,19651207,   24,    0
  4970,132734,19651208,   20,    0
  4970,132734,19651209,   33,    0
  4970,132734,19651210,   48,    0
  4970,132734,19651211,   10,    0
  4970,132734,19651212,   40,    0
  4970,132734,19651213,   79,    0
  4970,132734,19651214,   44,    0
  4970,132734,19651215,   50,    0
  4970,132734,19651216,   49,    0
  4970,132734,19651217,   88,    0
  4970,132734,19651218,   98,    0
  4970,132734,19651219,  103,    0
  4970,132734,19651220,   92,    0
  4970,132734,19651221,   62,    0
  4970,132734,19651222,   31,    0
  4970,132734,19651223,   36,    0
  4970,132734,19651224,   55,    0
  4970,132734,19651225,   54,    0
  4970,132734,19651226,   45,    0
  4970,132734,19651227,   20,    0
  4970,132734,19651228,    1,    0
  4970,132734,19651229,    3,    0
  4970,132734,19651230,   21,    0
  4970,132734,19651231,   44,    0
  4970,132734,19660101,   85,    0
  4970,132734,19660102,   55,    0
  4970,132734,19660103,   40,    0
  4970,132734,19660104,   10,    0
  4970,132734,19660105,   10,    0
  4970,132734,19660106,  -12,    0
  4970,132734,19660107,   42,    0
  4970,132734,19660108,   58,    0
  4970,132734,19660109,  -23,    0
  4970,132734,19660110,  -38,    0
  4970,132734,19660111,  -73,    0
  4970,132734,19660112,  -70,    0
  4970,132734,19660113,  -50,    0
  4970,132734,19660114,  -70,    0
  4970,132734,19660115,  -84,    0
  4970,132734,19660116,  -94,    0
  4970,132734,19660117,  -90,    0
  4970,132734,19660118, -102,    0
  4970,132734,19660119,  -61,    0
  4970,132734,19660120,  -14,    0
  4970,132734,19660121,   24,    0
  4970,132734,19660122,   46,    0
  4970,132734,19660123,   55,    0
  4970,132734,19660124,   29,    0
  4970,132734,19660125,   34,    0
  4970,132734,19660126,   50,    0
  4970,132734,19660127,   55,    0
  4970,132734,19660128,   63,    0
  4970,132734,19660129,  115,    0
  4970,132734,19660130,   95,    0
  4970,132734,19660131,   86,    0
  4970,132734,19660201,  100,    0
  4970,132734,19660202,  121,    0
  4970,132734,19660203,   82,    0
  4970,132734,19660204,   46,    0
  4970,132734,19660205,   96,    0
  4970,132734,19660206,  121,    0
  4970,132734,19660207,   84,    0
  4970,132734,19660208,  102,    0
  4970,132734,19660209,   88,    0
  4970,132734,19660210,   64,    0
  4970,132734,19660211,   82,    0
  4970,132734,19660212,   55,    0
  4970,132734,19660213,   24,    0
  4970,132734,19660214,   16,    0
  4970,132734,19660215,   26,    0
  4970,132734,19660216,   95,    0
  4970,132734,19660217,   48,    0
  4970,132734,19660218,   75,    0
  4970,132734,19660219,   92,    0
  4970,132734,19660220,  116,    0
  4970,132734,19660221,  100,    0
  4970,132734,19660222,  121,    0
  4970,132734,19660223,   84,    0
  4970,132734,19660224,   85,    0
  4970,132734,19660225,  125,    0
  4970,132734,19660226,  112,    0
  4970,132734,19660227,  114,    0
  4970,132734,19660228,   75,    0
  4970,132734,19660301,   65,    0
  4970,132734,19660302,   95,    0
  4970,132734,19660303,   61,    0
  4970,132734,19660304,   68,    0
  4970,132734,19660305,   52,    0
  4970,132734,19660306,   87,    0
  4970,132734,19660307,  120,    0
  4970,132734,19660308,  130,    0
  4970,132734,19660309,   79,    0
  4970,132734,19660310,   67,    0
  4970,132734,19660311,   57,    0
  4970,132734,19660312,   38,    0
  4970,132734,19660313,   15,    0
  4970,132734,19660314,   27,    0
  4970,132734,19660315,   50,    0
  4970,132734,19660316,   67,    0
  4970,132734,19660317,   66,    0
  4970,132734,19660318,   53,    0
  4970,132734,19660319,   69,    0
  4970,132734,19660320,   75,    0
  4970,132734,19660321,  104,    0
  4970,132734,19660322,   82,    0
  4970,132734,19660323,   65,    0
  4970,132734,19660324,   42,    0
  4970,132734,19660325,   12,    0
  4970,132734,19660326,   19,    0
  4970,132734,19660327,   90,    0
  4970,132734,19660328,   46,    0
  4970,132734,19660329,   24,    0
  4970,132734,19660330,   38,    0
  4970,132734,19660331,   68,    0
  4970,132734,19660401,  125,    0
  4970,132734,19660402,  125,    0
  4970,132734,19660403,  132,    0
  4970,132734,19660404,   69,    0
  4970,132734,19660405,  152,    0
  4970,132734,19660406,  130,    0
  4970,132734,19660407,  119,    0
  4970,132734,19660408,  117,    0
  4970,132734,19660409,  132,    0
  4970,132734,19660410,  115,    0
  4970,132734,19660411,  134,    0
  4970,132734,19660412,  137,    0
  4970,132734,19660413,  113,    0
  4970,132734,19660414,   72,    0
  4970,132734,19660415,  112,    0
  4970,132734,19660416,  110,    0
  4970,132734,19660417,  132,    0
  4970,132734,19660418,  104,    0
  4970,132734,19660419,  127,    0
  4970,132734,19660420,  128,    0
  4970,132734,19660421,   84,    0
  4970,132734,19660422,  122,    0
  4970,132734,19660423,  182,    0
  4970,132734,19660424,  140,    0
  4970,132734,19660425,  121,    0
  4970,132734,19660426,  168,    0
  4970,132734,19660427,  175,    0
  4970,132734,19660428,  123,    0
  4970,132734,19660429,  143,    0
  4970,132734,19660430,  183,    0
  4970,132734,19660501,  203,    0
  4970,132734,19660502,  229,    0
  4970,132734,19660503,  218,    0
  4970,132734,19660504,  172,    0
  4970,132734,19660505,  136,    0
  4970,132734,19660506,  124,    0
  4970,132734,19660507,  118,    0
  4970,132734,19660508,  109,    0
  4970,132734,19660509,  115,    0
  4970,132734,19660510,  136,    0
  4970,132734,19660511,  138,    0
  4970,132734,19660512,  203,    0
  4970,132734,19660513,  243,    0
  4970,132734,19660514,  223,    0
  4970,132734,19660515,  225,    0
  4970,132734,19660516,  239,    0
  4970,132734,19660517,  253,    0
  4970,132734,19660518,  188,    0
  4970,132734,19660519,  155,    0
  4970,132734,19660520,  142,    0
  4970,132734,19660521,  162,    0
  4970,132734,19660522,  237,    0
  4970,132734,19660523,  138,    0
  4970,132734,19660524,  153,    0
  4970,132734,19660525,  122,    0
  4970,132734,19660526,  108,    0
  4970,132734,19660527,  131,    0
  4970,132734,19660528,  109,    0
  4970,132734,19660529,  142,    0
  4970,132734,19660530,  160,    0
  4970,132734,19660531,  154,    0
  4970,132734,19660601,  186,    0
  4970,132734,19660602,  182,    0
  4970,132734,19660603,  202,    0
  4970,132734,19660604,  243,    0
  4970,132734,19660605,  231,    0
  4970,132734,19660606,  184,    0
  4970,132734,19660607,  221,    0
  4970,132734,19660608,  246,    0
  4970,132734,19660609,  261,    0
  4970,132734,19660610,  272,    0
  4970,132734,19660611,  283,    0
  4970,132734,19660612,  208,    0
  4970,132734,19660613,  234,    0
  4970,132734,19660614,  187,    0
  4970,132734,19660615,  245,    0
  4970,132734,19660616,  262,    0
  4970,132734,19660617,  268,    0
  4970,132734,19660618,  202,    0
  4970,132734,19660619,  149,    0
  4970,132734,19660620,  156,    0
  4970,132734,19660621,  157,    0
  4970,132734,19660622,  214,    0
  4970,132734,19660623,  196,    0
  4970,132734,19660624,  154,    0
  4970,132734,19660625,  146,    0
  4970,132734,19660626,  155,    0
  4970,132734,19660627,  155,    0
  4970,132734,19660628,  148,    0
  4970,132734,19660629,  112,    0
  4970,132734,19660630,  182,    0
  4970,132734,19660701,  198,    0
  4970,132734,19660702,  227,    0
  4970,132734,19660703,  260,    0
  4970,132734,19660704,  245,    0
  4970,132734,19660705,  199,    0
  4970,132734,19660706,  146,    0
  4970,132734,19660707,  150,    0
  4970,132734,19660708,  136,    0
  4970,132734,19660709,  202,    0
  4970,132734,19660710,  223,    0
  4970,132734,19660711,  180,    0
  4970,132734,19660712,  197,    0
  4970,132734,19660713,  223,    0
  4970,132734,19660714,  184,    0
  4970,132734,19660715,  147,    0
  4970,132734,19660716,  149,    0
  4970,132734,19660717,  154,    0
  4970,132734,19660718,  113,    0
  4970,132734,19660719,  162,    0
  4970,132734,19660720,  159,    0
  4970,132734,19660721,  204,    0
  4970,132734,19660722,  161,    0
  4970,132734,19660723,  198,    0
  4970,132734,19660724,  227,    0
  4970,132734,19660725,  172,    0
  4970,132734,19660726,  154,    0
  4970,132734,19660727,  185,    0
  4970,132734,19660728,  164,    0
  4970,132734,19660729,  184,    0
  4970,132734,19660730,  170,    0
  4970,132734,19660731,  173,    0
  4970,132734,19660801,  172,    0
  4970,132734,19660802,  153,    0
  4970,132734,19660803,  192,    0
  4970,132734,19660804,  181,    0
  4970,132734,19660805,  164,    0
  4970,132734,19660806,  164,    0
  4970,132734,19660807,  202,    0
  4970,132734,19660808,  171,    0
  4970,132734,19660809,  176,    0
  4970,132734,19660810,  239,    0
  4970,132734,19660811,  252,    0
  4970,132734,19660812,  294,    0
  4970,132734,19660813,  308,    0
  4970,132734,19660814,  258,    0
  4970,132734,19660815,  145,    0
  4970,132734,19660816,  149,    0
  4970,132734,19660817,  186,    0
  4970,132734,19660818,  220,    0
  4970,132734,19660819,  227,    0
  4970,132734,19660820,  220,    0
  4970,132734,19660821,  220,    0
  4970,132734,19660822,  170,    0
  4970,132734,19660823,  139,    0
  4970,132734,19660824,  151,    0
  4970,132734,19660825,  137,    0
  4970,132734,19660826,  145,    0
  4970,132734,19660827,  172,    0
  4970,132734,19660828,  182,    0
  4970,132734,19660829,  200,    0
  4970,132734,19660830,  176,    0
  4970,132734,19660831,  173,    0
  4970,132734,19660901,  166,    0
  4970,132734,19660902,  186,    0
  4970,132734,19660903,  181,    0
  4970,132734,19660904,  198,    0
  4970,132734,19660905,  177,    0
  4970,132734,19660906,  216,    0
  4970,132734,19660907,  215,    0
  4970,132734,19660908,  221,    0
  4970,132734,19660909,  200,    0
  4970,132734,19660910,  216,    0
  4970,132734,19660911,  237,    0
  4970,132734,19660912,  253,    0
  4970,132734,19660913,  193,    0
  4970,132734,19660914,  157,    0
  4970,132734,19660915,  141,    0
  4970,132734,19660916,  130,    0
  4970,132734,19660917,  141,    0
  4970,132734,19660918,  167,    0
  4970,132734,19660919,  177,    0
  4970,132734,19660920,  183,    0
  4970,132734,19660921,  195,    0
  4970,132734,19660922,  207,    0
  4970,132734,19660923,  184,    0
  4970,132734,19660924,  165,    0
  4970,132734,19660925,  152,    0
  4970,132734,19660926,  175,    0
  4970,132734,19660927,  172,    0
  4970,132734,19660928,  188,    0
  4970,132734,19660929,  202,    0
  4970,132734,19660930,  200,    0
  4970,132734,19661001,  178,    0
  4970,132734,19661002,  172,    0
  4970,132734,19661003,  214,    0
  4970,132734,19661004,  237,    0
  4970,132734,19661005,  223,    0
  4970,132734,19661006,  214,    0
  4970,132734,19661007,  197,    0
  4970,132734,19661008,  218,    0
  4970,132734,19661009,  179,    0
  4970,132734,19661010,  153,    0
  4970,132734,19661011,  142,    0
  4970,132734,19661012,  120,    0
  4970,132734,19661013,  134,    0
  4970,132734,19661014,  151,    0
  4970,132734,19661015,  168,    0
  4970,132734,19661016,  166,    0
  4970,132734,19661017,  154,    0
  4970,132734,19661018,  155,    0
  4970,132734,19661019,  113,    0
  4970,132734,19661020,  115,    0
  4970,132734,19661021,  104,    0
  4970,132734,19661022,  130,    0
  4970,132734,19661023,  159,    0
  4970,132734,19661024,  162,    0
  4970,132734,19661025,   80,    0
  4970,132734,19661026,   57,    0
  4970,132734,19661027,   78,    0
  4970,132734,19661028,   50,    0
  4970,132734,19661029,   44,    0
  4970,132734,19661030,   50,    0
  4970,132734,19661031,   55,    0
  4970,132734,19661101,   35,    0
  4970,132734,19661102,   16,    0
  4970,132734,19661103,    5,    0
  4970,132734,19661104,  -10,    0
  4970,132734,19661105,   53,    0
  4970,132734,19661106,  123,    0
  4970,132734,19661107,  182,    0
  4970,132734,19661108,  160,    0
  4970,132734,19661109,  125,    0
  4970,132734,19661110,  100,    0
  4970,132734,19661111,   19,    0
  4970,132734,19661112,   16,    0
  4970,132734,19661113,   20,    0
  4970,132734,19661114,   -1,    0
  4970,132734,19661115,   52,    0
  4970,132734,19661116,   56,    0
  4970,132734,19661117,   26,    0
  4970,132734,19661118,   30,    0
  4970,132734,19661119,    4,    0
  4970,132734,19661120,   -3,    0
  4970,132734,19661121,   15,    0
  4970,132734,19661122,   20,    0
  4970,132734,19661123,   22,    0
  4970,132734,19661124,   10,    0
  4970,132734,19661125,    7,    0
  4970,132734,19661126,   10,    0
  4970,132734,19661127,   38,    0
  4970,132734,19661128,   52,    0
  4970,132734,19661129,   44,    0
  4970,132734,19661130,   21,    0
  4970,132734,19661201,   85,    0
  4970,132734,19661202,   89,    0
  4970,132734,19661203,   28,    0
  4970,132734,19661204,    9,    0
  4970,132734,19661205,   10,    0
  4970,132734,19661206,    4,    0
  4970,132734,19661207,   -6,    0
  4970,132734,19661208,    4,    0
  4970,132734,19661209,   22,    0
  4970,132734,19661210,   77,    0
  4970,132734,19661211,   33,    0
  4970,132734,19661212,   75,    0
  4970,132734,19661213,   48,    0
  4970,132734,19661214,   11,    0
  4970,132734,19661215,    4,    0
  4970,132734,19661216,   22,    0
  4970,132734,19661217,   35,    0
  4970,132734,19661218,   50,    0
  4970,132734,19661219,   61,    0
  4970,132734,19661220,   67,    0
  4970,132734,19661221,    8,    0
  4970,132734,19661222,   25,    0
  4970,132734,19661223,   62,    0
  4970,132734,19661224,   64,    0
  4970,132734,19661225,   29,    0
  4970,132734,19661226,   12,    0
  4970,132734,19661227,   30,    0
  4970,132734,19661228,   30,    0
  4970,132734,19661229,   92,    0
  4970,132734,19661230,   93,    0
  4970,132734,19661231,   86,    0
