EUROPEAN CLIMATE ASSESSMENT & DATASET (ECA&D), file created on: 21-12-2020
THESE DATA CAN BE USED FOR NON-COMMERCIAL RESEARCH AND EDUCATION PROVIDED THAT THE FOLLOWING SOURCE IS ACKNOWLEDGED: 

Klein Tank, A.M.G. and Coauthors, 2002. Daily dataset of 20th-century surface
air temperature and precipitation series for the European Climate Assessment.
Int. J. of Climatol., 22, 1441-1453.
Data and metadata available at http://www.ecad.eu

FILE FORMAT (MISSING VALUE CODE = -9999):

01-06 STAID: Station identifier
08-13 SOUID: Source identifier
15-22 DATE : Date YYYYMMDD
24-28 TX   : Maximum temperature in 0.1 &#176;C
30-34 Q_TX : quality code for TX (0='valid'; 1='suspect'; 9='missing')

This is the blended series of station FALUN, SWEDEN (STAID: 2)
Blended and updated with sources:5 7 36438 
See files sources.txt and stations.txt for more info.

STAID, SOUID,    DATE,   TX, Q_TX
     2, 36438,19610101,   10,    0
     2, 36438,19610102,  -10,    0
     2, 36438,19610103,   10,    0
     2, 36438,19610104,   14,    0
     2, 36438,19610105,    0,    0
     2, 36438,19610106,   31,    0
     2, 36438,19610107,  -22,    0
     2, 36438,19610108,  -60,    0
     2, 36438,19610109,  -79,    0
     2, 36438,19610110,  -34,    0
     2, 36438,19610111,  -53,    0
     2, 36438,19610112,  -70,    0
     2, 36438,19610113,   10,    0
     2, 36438,19610114,  -21,    0
     2, 36438,19610115,    2,    0
     2, 36438,19610116,   26,    0
     2, 36438,19610117,   10,    0
     2, 36438,19610118,    5,    0
     2, 36438,19610119,  -50,    0
     2, 36438,19610120, -137,    0
     2, 36438,19610121, -160,    0
     2, 36438,19610122,  -10,    0
     2, 36438,19610123,  -45,    0
     2, 36438,19610124,  -44,    0
     2, 36438,19610125, -130,    0
     2, 36438,19610126,  -75,    0
     2, 36438,19610127,  -40,    0
     2, 36438,19610128,   35,    0
     2, 36438,19610129,   26,    0
     2, 36438,19610130,   34,    0
     2, 36438,19610131,   -2,    0
     2, 36438,19610201,   -6,    0
     2, 36438,19610202,  -15,    0
     2, 36438,19610203,  -24,    0
     2, 36438,19610204,  -72,    0
     2, 36438,19610205, -115,    0
     2, 36438,19610206,   -4,    0
     2, 36438,19610207,   32,    0
     2, 36438,19610208,   10,    0
     2, 36438,19610209,  -75,    0
     2, 36438,19610210,  -10,    0
     2, 36438,19610211,   54,    0
     2, 36438,19610212,   15,    0
     2, 36438,19610213,   -6,    0
     2, 36438,19610214,   55,    0
     2, 36438,19610215,   56,    0
     2, 36438,19610216,   65,    0
     2, 36438,19610217,   67,    0
     2, 36438,19610218,   85,    0
     2, 36438,19610219,   82,    0
     2, 36438,19610220,  103,    0
     2, 36438,19610221,   90,    0
     2, 36438,19610222,   80,    0
     2, 36438,19610223,   59,    0
     2, 36438,19610224,   56,    0
     2, 36438,19610225,   10,    0
     2, 36438,19610226,   22,    0
     2, 36438,19610227,   64,    0
     2, 36438,19610228,   77,    0
     2, 36438,19610301,   70,    0
     2, 36438,19610302,   65,    0
     2, 36438,19610303,   85,    0
     2, 36438,19610304,   92,    0
     2, 36438,19610305,   68,    0
     2, 36438,19610306,  110,    0
     2, 36438,19610307,  100,    0
     2, 36438,19610308,   76,    0
     2, 36438,19610309,  140,    0
     2, 36438,19610310,  122,    0
     2, 36438,19610311,   89,    0
     2, 36438,19610312,   60,    0
     2, 36438,19610313,   50,    0
     2, 36438,19610314,   85,    0
     2, 36438,19610315,   86,    0
     2, 36438,19610316,  116,    0
     2, 36438,19610317,  105,    0
     2, 36438,19610318,   65,    0
     2, 36438,19610319,   25,    0
     2, 36438,19610320,   28,    0
     2, 36438,19610321,   14,    0
     2, 36438,19610322,   35,    0
     2, 36438,19610323,  110,    0
     2, 36438,19610324,   85,    0
     2, 36438,19610325,   70,    0
     2, 36438,19610326,   99,    0
     2, 36438,19610327,   50,    0
     2, 36438,19610328,   60,    0
     2, 36438,19610329,   46,    0
     2, 36438,19610330,   40,    0
     2, 36438,19610331,   40,    0
     2, 36438,19610401,   55,    0
     2, 36438,19610402,   64,    0
     2, 36438,19610403,   66,    0
     2, 36438,19610404,   19,    0
     2, 36438,19610405,   45,    0
     2, 36438,19610406,   35,    0
     2, 36438,19610407,   35,    0
     2, 36438,19610408,   60,    0
     2, 36438,19610409,   60,    0
     2, 36438,19610410,   72,    0
     2, 36438,19610411,   60,    0
     2, 36438,19610412,   60,    0
     2, 36438,19610413,   35,    0
     2, 36438,19610414,  130,    0
     2, 36438,19610415,  140,    0
     2, 36438,19610416,  136,    0
     2, 36438,19610417,  170,    0
     2, 36438,19610418,  135,    0
     2, 36438,19610419,   82,    0
     2, 36438,19610420,  100,    0
     2, 36438,19610421,  130,    0
     2, 36438,19610422,  155,    0
     2, 36438,19610423,  166,    0
     2, 36438,19610424,  194,    0
     2, 36438,19610425,  204,    0
     2, 36438,19610426,  203,    0
     2, 36438,19610427,  173,    0
     2, 36438,19610428,  120,    0
     2, 36438,19610429,  156,    0
     2, 36438,19610430,  130,    0
     2, 36438,19610501,  130,    0
     2, 36438,19610502,  165,    0
     2, 36438,19610503,  160,    0
     2, 36438,19610504,  137,    0
     2, 36438,19610505,  175,    0
     2, 36438,19610506,  120,    0
     2, 36438,19610507,  125,    0
     2, 36438,19610508,  105,    0
     2, 36438,19610509,   71,    0
     2, 36438,19610510,  105,    0
     2, 36438,19610511,  104,    0
     2, 36438,19610512,  174,    0
     2, 36438,19610513,  145,    0
     2, 36438,19610514,  115,    0
     2, 36438,19610515,  120,    0
     2, 36438,19610516,  135,    0
     2, 36438,19610517,  190,    0
     2, 36438,19610518,  178,    0
     2, 36438,19610519,  146,    0
     2, 36438,19610520,  110,    0
     2, 36438,19610521,  159,    0
     2, 36438,19610522,  170,    0
     2, 36438,19610523,  182,    0
     2, 36438,19610524,  182,    0
     2, 36438,19610525,  165,    0
     2, 36438,19610526,  160,    0
     2, 36438,19610527,  140,    0
     2, 36438,19610528,  135,    0
     2, 36438,19610529,  115,    0
     2, 36438,19610530,  196,    0
     2, 36438,19610531,  225,    0
     2, 36438,19610601,  256,    0
     2, 36438,19610602,  220,    0
     2, 36438,19610603,  260,    0
     2, 36438,19610604,  285,    0
     2, 36438,19610605,  290,    0
     2, 36438,19610606,  286,    0
     2, 36438,19610607,  280,    0
     2, 36438,19610608,  275,    0
     2, 36438,19610609,  257,    0
     2, 36438,19610610,  228,    0
     2, 36438,19610611,  240,    0
     2, 36438,19610612,  245,    0
     2, 36438,19610613,  220,    0
     2, 36438,19610614,  172,    0
     2, 36438,19610615,  202,    0
     2, 36438,19610616,  205,    0
     2, 36438,19610617,  221,    0
     2, 36438,19610618,  196,    0
     2, 36438,19610619,  170,    0
     2, 36438,19610620,  183,    0
     2, 36438,19610621,  192,    0
     2, 36438,19610622,  195,    0
     2, 36438,19610623,  170,    0
     2, 36438,19610624,  180,    0
     2, 36438,19610625,  190,    0
     2, 36438,19610626,  192,    0
     2, 36438,19610627,  173,    0
     2, 36438,19610628,  174,    0
     2, 36438,19610629,  216,    0
     2, 36438,19610630,  239,    0
     2, 36438,19610701,  266,    0
     2, 36438,19610702,  257,    0
     2, 36438,19610703,  230,    0
     2, 36438,19610704,  162,    0
     2, 36438,19610705,  140,    0
     2, 36438,19610706,  180,    0
     2, 36438,19610707,  202,    0
     2, 36438,19610708,  215,    0
     2, 36438,19610709,  207,    0
     2, 36438,19610710,  160,    0
     2, 36438,19610711,  190,    0
     2, 36438,19610712,  180,    0
     2, 36438,19610713,  210,    0
     2, 36438,19610714,  235,    0
     2, 36438,19610715,  210,    0
     2, 36438,19610716,  240,    0
     2, 36438,19610717,  247,    0
     2, 36438,19610718,  219,    0
     2, 36438,19610719,  201,    0
     2, 36438,19610720,  211,    0
     2, 36438,19610721,  230,    0
     2, 36438,19610722,  178,    0
     2, 36438,19610723,  150,    0
     2, 36438,19610724,  210,    0
     2, 36438,19610725,  195,    0
     2, 36438,19610726,  163,    0
     2, 36438,19610727,  175,    0
     2, 36438,19610728,  155,    0
     2, 36438,19610729,  200,    0
     2, 36438,19610730,  239,    0
     2, 36438,19610731,  240,    0
     2, 36438,19610801,  182,    0
     2, 36438,19610802,  196,    0
     2, 36438,19610803,  196,    0
     2, 36438,19610804,  165,    0
     2, 36438,19610805,  193,    0
     2, 36438,19610806,  172,    0
     2, 36438,19610807,  185,    0
     2, 36438,19610808,  230,    0
     2, 36438,19610809,  183,    0
     2, 36438,19610810,  180,    0
     2, 36438,19610811,  215,    0
     2, 36438,19610812,  185,    0
     2, 36438,19610813,  197,    0
     2, 36438,19610814,  175,    0
     2, 36438,19610815,  150,    0
     2, 36438,19610816,  160,    0
     2, 36438,19610817,  165,    0
     2, 36438,19610818,  170,    0
     2, 36438,19610819,  155,    0
     2, 36438,19610820,  212,    0
     2, 36438,19610821,  180,    0
     2, 36438,19610822,  175,    0
     2, 36438,19610823,  150,    0
     2, 36438,19610824,  170,    0
     2, 36438,19610825,  145,    0
     2, 36438,19610826,  190,    0
     2, 36438,19610827,  189,    0
     2, 36438,19610828,  205,    0
     2, 36438,19610829,  221,    0
     2, 36438,19610830,  263,    0
     2, 36438,19610831,  208,    0
     2, 36438,19610901,  204,    0
     2, 36438,19610902,  207,    0
     2, 36438,19610903,  162,    0
     2, 36438,19610904,  166,    0
     2, 36438,19610905,  140,    0
     2, 36438,19610906,  125,    0
     2, 36438,19610907,  147,    0
     2, 36438,19610908,  166,    0
     2, 36438,19610909,  155,    0
     2, 36438,19610910,  170,    0
     2, 36438,19610911,  130,    0
     2, 36438,19610912,  186,    0
     2, 36438,19610913,  162,    0
     2, 36438,19610914,  122,    0
     2, 36438,19610915,  185,    0
     2, 36438,19610916,  187,    0
     2, 36438,19610917,  220,    0
     2, 36438,19610918,  190,    0
     2, 36438,19610919,  172,    0
     2, 36438,19610920,  182,    0
     2, 36438,19610921,  160,    0
     2, 36438,19610922,  180,    0
     2, 36438,19610923,  170,    0
     2, 36438,19610924,  136,    0
     2, 36438,19610925,  118,    0
     2, 36438,19610926,  155,    0
     2, 36438,19610927,  160,    0
     2, 36438,19610928,  122,    0
     2, 36438,19610929,  164,    0
     2, 36438,19610930,  140,    0
     2, 36438,19611001,  144,    0
     2, 36438,19611002,  130,    0
     2, 36438,19611003,  130,    0
     2, 36438,19611004,  114,    0
     2, 36438,19611005,  124,    0
     2, 36438,19611006,  140,    0
     2, 36438,19611007,  133,    0
     2, 36438,19611008,  129,    0
     2, 36438,19611009,  135,    0
     2, 36438,19611010,  155,    0
     2, 36438,19611011,  168,    0
     2, 36438,19611012,  166,    0
     2, 36438,19611013,  120,    0
     2, 36438,19611014,  168,    0
     2, 36438,19611015,  160,    0
     2, 36438,19611016,  122,    0
     2, 36438,19611017,  108,    0
     2, 36438,19611018,   82,    0
     2, 36438,19611019,  115,    0
     2, 36438,19611020,  117,    0
     2, 36438,19611021,  114,    0
     2, 36438,19611022,  116,    0
     2, 36438,19611023,  105,    0
     2, 36438,19611024,  100,    0
     2, 36438,19611025,  120,    0
     2, 36438,19611026,  102,    0
     2, 36438,19611027,  101,    0
     2, 36438,19611028,  114,    0
     2, 36438,19611029,  104,    0
     2, 36438,19611030,   86,    0
     2, 36438,19611031,   64,    0
     2, 36438,19611101,   55,    0
     2, 36438,19611102,  101,    0
     2, 36438,19611103,  100,    0
     2, 36438,19611104,   46,    0
     2, 36438,19611105,   56,    0
     2, 36438,19611106,   61,    0
     2, 36438,19611107,   30,    0
     2, 36438,19611108,   76,    0
     2, 36438,19611109,   77,    0
     2, 36438,19611110,   72,    0
     2, 36438,19611111,   70,    0
     2, 36438,19611112,   46,    0
     2, 36438,19611113,   20,    0
     2, 36438,19611114,   30,    0
     2, 36438,19611115,   56,    0
     2, 36438,19611116,   40,    0
     2, 36438,19611117,   34,    0
     2, 36438,19611118,   45,    0
     2, 36438,19611119,   45,    0
     2, 36438,19611120,   40,    0
     2, 36438,19611121,   73,    0
     2, 36438,19611122,   44,    0
     2, 36438,19611123,   26,    0
     2, 36438,19611124,   41,    0
     2, 36438,19611125,   55,    0
     2, 36438,19611126,   32,    0
     2, 36438,19611127,    0,    0
     2, 36438,19611128,  -35,    0
     2, 36438,19611129,    5,    0
     2, 36438,19611130,   17,    0
     2, 36438,19611201,   -2,    0
     2, 36438,19611202,  -34,    0
     2, 36438,19611203,  -54,    0
     2, 36438,19611204,  -29,    0
     2, 36438,19611205,   13,    0
     2, 36438,19611206,   40,    0
     2, 36438,19611207,    7,    0
     2, 36438,19611208,  -80,    0
     2, 36438,19611209, -120,    0
     2, 36438,19611210,  -75,    0
     2, 36438,19611211,  -31,    0
     2, 36438,19611212,  -40,    0
     2, 36438,19611213,  -55,    0
     2, 36438,19611214, -160,    0
     2, 36438,19611215, -170,    0
     2, 36438,19611216,  -20,    0
     2, 36438,19611217,   -5,    0
     2, 36438,19611218,  -50,    0
     2, 36438,19611219,   30,    0
     2, 36438,19611220,   57,    0
     2, 36438,19611221,   10,    0
     2, 36438,19611222,  -50,    0
     2, 36438,19611223, -106,    0
     2, 36438,19611224,  -66,    0
     2, 36438,19611225,  -55,    0
     2, 36438,19611226,  -76,    0
     2, 36438,19611227,  -41,    0
     2, 36438,19611228,   -6,    0
     2, 36438,19611229,  -55,    0
     2, 36438,19611230,  -32,    0
     2, 36438,19611231,   -5,    0
     2, 36438,19620101,  -30,    0
     2, 36438,19620102,  -62,    0
     2, 36438,19620103,  -32,    0
     2, 36438,19620104,   -7,    0
     2, 36438,19620105,   31,    0
     2, 36438,19620106,   35,    0
     2, 36438,19620107,  -20,    0
     2, 36438,19620108,   35,    0
     2, 36438,19620109,   40,    0
     2, 36438,19620110,   34,    0
     2, 36438,19620111,   16,    0
     2, 36438,19620112,   40,    0
     2, 36438,19620113,   28,    0
     2, 36438,19620114,    0,    0
     2, 36438,19620115,  -55,    0
     2, 36438,19620116,    6,    0
     2, 36438,19620117,   38,    0
     2, 36438,19620118,   52,    0
     2, 36438,19620119,   45,    0
     2, 36438,19620120,   20,    0
     2, 36438,19620121,  -40,    0
     2, 36438,19620122,   20,    0
     2, 36438,19620123,    6,    0
     2, 36438,19620124,  -47,    0
     2, 36438,19620125,  -40,    0
     2, 36438,19620126,  -87,    0
     2, 36438,19620127,  -62,    0
     2, 36438,19620128,  -85,    0
     2, 36438,19620129, -115,    0
     2, 36438,19620130,  -44,    0
     2, 36438,19620131,  -25,    0
     2, 36438,19620201,  -20,    0
     2, 36438,19620202,   -6,    0
     2, 36438,19620203,    0,    0
     2, 36438,19620204,   20,    0
     2, 36438,19620205,   10,    0
     2, 36438,19620206,   -2,    0
     2, 36438,19620207,   28,    0
     2, 36438,19620208,   29,    0
     2, 36438,19620209,   15,    0
     2, 36438,19620210,   75,    0
     2, 36438,19620211,   50,    0
     2, 36438,19620212,   -5,    0
     2, 36438,19620213,  -18,    0
     2, 36438,19620214,  -48,    0
     2, 36438,19620215,  -50,    0
     2, 36438,19620216,   20,    0
     2, 36438,19620217,  -18,    0
     2, 36438,19620218,  -23,    0
     2, 36438,19620219,   30,    0
     2, 36438,19620220,   46,    0
     2, 36438,19620221,   12,    0
     2, 36438,19620222,  -16,    0
     2, 36438,19620223,   58,    0
     2, 36438,19620224,   42,    0
     2, 36438,19620225,  -15,    0
     2, 36438,19620226,  -20,    0
     2, 36438,19620227,  -13,    0
     2, 36438,19620228,  -14,    0
     2, 36438,19620301,    5,    0
     2, 36438,19620302,   -5,    0
     2, 36438,19620303,  -23,    0
     2, 36438,19620304,  -45,    0
     2, 36438,19620305,  -25,    0
     2, 36438,19620306,  -21,    0
     2, 36438,19620307,  -11,    0
     2, 36438,19620308,   18,    0
     2, 36438,19620309,   -6,    0
     2, 36438,19620310,  -10,    0
     2, 36438,19620311,  -26,    0
     2, 36438,19620312,  -38,    0
     2, 36438,19620313,  -24,    0
     2, 36438,19620314,  -18,    0
     2, 36438,19620315,   10,    0
     2, 36438,19620316,   30,    0
     2, 36438,19620317,   25,    0
     2, 36438,19620318,   10,    0
     2, 36438,19620319,   26,    0
     2, 36438,19620320,   10,    0
     2, 36438,19620321,   45,    0
     2, 36438,19620322,    9,    0
     2, 36438,19620323,    6,    0
     2, 36438,19620324,   50,    0
     2, 36438,19620325,   35,    0
     2, 36438,19620326,   40,    0
     2, 36438,19620327,   20,    0
     2, 36438,19620328,   22,    0
     2, 36438,19620329,   31,    0
     2, 36438,19620330,   22,    0
     2, 36438,19620331,   12,    0
     2, 36438,19620401,   55,    0
     2, 36438,19620402,   55,    0
     2, 36438,19620403,   38,    0
     2, 36438,19620404,   72,    0
     2, 36438,19620405,   60,    0
     2, 36438,19620406,   22,    0
     2, 36438,19620407,   24,    0
     2, 36438,19620408,   57,    0
     2, 36438,19620409,   36,    0
     2, 36438,19620410,   82,    0
     2, 36438,19620411,   40,    0
     2, 36438,19620412,   40,    0
     2, 36438,19620413,   68,    0
     2, 36438,19620414,   65,    0
     2, 36438,19620415,  120,    0
     2, 36438,19620416,  145,    0
     2, 36438,19620417,  142,    0
     2, 36438,19620418,  131,    0
     2, 36438,19620419,  104,    0
     2, 36438,19620420,  146,    0
     2, 36438,19620421,  152,    0
     2, 36438,19620422,  140,    0
     2, 36438,19620423,  120,    0
     2, 36438,19620424,  165,    0
     2, 36438,19620425,  141,    0
     2, 36438,19620426,  116,    0
     2, 36438,19620427,  106,    0
     2, 36438,19620428,   95,    0
     2, 36438,19620429,   60,    0
     2, 36438,19620430,   83,    0
     2, 36438,19620501,   66,    0
     2, 36438,19620502,   60,    0
     2, 36438,19620503,   55,    0
     2, 36438,19620504,   80,    0
     2, 36438,19620505,  110,    0
     2, 36438,19620506,   79,    0
     2, 36438,19620507,   80,    0
     2, 36438,19620508,   65,    0
     2, 36438,19620509,   65,    0
     2, 36438,19620510,   85,    0
     2, 36438,19620511,  134,    0
     2, 36438,19620512,  140,    0
     2, 36438,19620513,  138,    0
     2, 36438,19620514,  147,    0
     2, 36438,19620515,  128,    0
     2, 36438,19620516,  179,    0
     2, 36438,19620517,  150,    0
     2, 36438,19620518,  146,    0
     2, 36438,19620519,  143,    0
     2, 36438,19620520,  130,    0
     2, 36438,19620521,  165,    0
     2, 36438,19620522,  170,    0
     2, 36438,19620523,  154,    0
     2, 36438,19620524,  115,    0
     2, 36438,19620525,  130,    0
     2, 36438,19620526,  145,    0
     2, 36438,19620527,  175,    0
     2, 36438,19620528,  154,    0
     2, 36438,19620529,  146,    0
     2, 36438,19620530,  122,    0
     2, 36438,19620531,  141,    0
     2, 36438,19620601,  130,    0
     2, 36438,19620602,  123,    0
     2, 36438,19620603,  180,    0
     2, 36438,19620604,  166,    0
     2, 36438,19620605,  160,    0
     2, 36438,19620606,  232,    0
     2, 36438,19620607,  240,    0
     2, 36438,19620608,  245,    0
     2, 36438,19620609,  190,    0
     2, 36438,19620610,  170,    0
     2, 36438,19620611,  155,    0
     2, 36438,19620612,  155,    0
     2, 36438,19620613,  161,    0
     2, 36438,19620614,  169,    0
     2, 36438,19620615,  201,    0
     2, 36438,19620616,  223,    0
     2, 36438,19620617,  210,    0
     2, 36438,19620618,  235,    0
     2, 36438,19620619,  250,    0
     2, 36438,19620620,  226,    0
     2, 36438,19620621,  196,    0
     2, 36438,19620622,  180,    0
     2, 36438,19620623,  216,    0
     2, 36438,19620624,  200,    0
     2, 36438,19620625,  170,    0
     2, 36438,19620626,  167,    0
     2, 36438,19620627,  155,    0
     2, 36438,19620628,  166,    0
     2, 36438,19620629,  187,    0
     2, 36438,19620630,  196,    0
     2, 36438,19620701,  245,    0
     2, 36438,19620702,  220,    0
     2, 36438,19620703,  179,    0
     2, 36438,19620704,  170,    0
     2, 36438,19620705,  157,    0
     2, 36438,19620706,  172,    0
     2, 36438,19620707,  170,    0
     2, 36438,19620708,  220,    0
     2, 36438,19620709,  246,    0
     2, 36438,19620710,  225,    0
     2, 36438,19620711,  188,    0
     2, 36438,19620712,  133,    0
     2, 36438,19620713,  145,    0
     2, 36438,19620714,  130,    0
     2, 36438,19620715,  163,    0
     2, 36438,19620716,  206,    0
     2, 36438,19620717,  197,    0
     2, 36438,19620718,  185,    0
     2, 36438,19620719,  181,    0
     2, 36438,19620720,  186,    0
     2, 36438,19620721,  214,    0
     2, 36438,19620722,  210,    0
     2, 36438,19620723,  185,    0
     2, 36438,19620724,  162,    0
     2, 36438,19620725,  177,    0
     2, 36438,19620726,  180,    0
     2, 36438,19620727,  182,    0
     2, 36438,19620728,  195,    0
     2, 36438,19620729,  212,    0
     2, 36438,19620730,  239,    0
     2, 36438,19620731,  204,    0
     2, 36438,19620801,  209,    0
     2, 36438,19620802,  178,    0
     2, 36438,19620803,  185,    0
     2, 36438,19620804,  202,    0
     2, 36438,19620805,  170,    0
     2, 36438,19620806,  184,    0
     2, 36438,19620807,  199,    0
     2, 36438,19620808,  162,    0
     2, 36438,19620809,  179,    0
     2, 36438,19620810,  154,    0
     2, 36438,19620811,  174,    0
     2, 36438,19620812,  186,    0
     2, 36438,19620813,  203,    0
     2, 36438,19620814,  170,    0
     2, 36438,19620815,  171,    0
     2, 36438,19620816,  151,    0
     2, 36438,19620817,  139,    0
     2, 36438,19620818,  148,    0
     2, 36438,19620819,  205,    0
     2, 36438,19620820,  234,    0
     2, 36438,19620821,  231,    0
     2, 36438,19620822,  190,    0
     2, 36438,19620823,  182,    0
     2, 36438,19620824,  138,    0
     2, 36438,19620825,  126,    0
     2, 36438,19620826,  184,    0
     2, 36438,19620827,  148,    0
     2, 36438,19620828,  127,    0
     2, 36438,19620829,  164,    0
     2, 36438,19620830,  182,    0
     2, 36438,19620831,  158,    0
     2, 36438,19620901,  165,    0
     2, 36438,19620902,  115,    0
     2, 36438,19620903,  140,    0
     2, 36438,19620904,  132,    0
     2, 36438,19620905,  150,    0
     2, 36438,19620906,  143,    0
     2, 36438,19620907,  124,    0
     2, 36438,19620908,  165,    0
     2, 36438,19620909,  171,    0
     2, 36438,19620910,  162,    0
     2, 36438,19620911,  162,    0
     2, 36438,19620912,  115,    0
     2, 36438,19620913,  148,    0
     2, 36438,19620914,  135,    0
     2, 36438,19620915,  140,    0
     2, 36438,19620916,  118,    0
     2, 36438,19620917,  134,    0
     2, 36438,19620918,  150,    0
     2, 36438,19620919,  129,    0
     2, 36438,19620920,  130,    0
     2, 36438,19620921,  140,    0
     2, 36438,19620922,  136,    0
     2, 36438,19620923,  105,    0
     2, 36438,19620924,  126,    0
     2, 36438,19620925,  118,    0
     2, 36438,19620926,  153,    0
     2, 36438,19620927,  147,    0
     2, 36438,19620928,  148,    0
     2, 36438,19620929,  108,    0
     2, 36438,19620930,  115,    0
     2, 36438,19621001,  115,    0
     2, 36438,19621002,  141,    0
     2, 36438,19621003,  151,    0
     2, 36438,19621004,  130,    0
     2, 36438,19621005,  115,    0
     2, 36438,19621006,  146,    0
     2, 36438,19621007,  161,    0
     2, 36438,19621008,  170,    0
     2, 36438,19621009,  156,    0
     2, 36438,19621010,  122,    0
     2, 36438,19621011,   96,    0
     2, 36438,19621012,   85,    0
     2, 36438,19621013,  108,    0
     2, 36438,19621014,   85,    0
     2, 36438,19621015,   61,    0
     2, 36438,19621016,   84,    0
     2, 36438,19621017,  100,    0
     2, 36438,19621018,  125,    0
     2, 36438,19621019,   90,    0
     2, 36438,19621020,  105,    0
     2, 36438,19621021,  151,    0
     2, 36438,19621022,  111,    0
     2, 36438,19621023,   97,    0
     2, 36438,19621024,   98,    0
     2, 36438,19621025,  127,    0
     2, 36438,19621026,  124,    0
     2, 36438,19621027,   29,    0
     2, 36438,19621028,   41,    0
     2, 36438,19621029,   69,    0
     2, 36438,19621030,   60,    0
     2, 36438,19621031,   70,    0
     2, 36438,19621101,   71,    0
     2, 36438,19621102,   40,    0
     2, 36438,19621103,   33,    0
     2, 36438,19621104,   76,    0
     2, 36438,19621105,   78,    0
     2, 36438,19621106,   80,    0
     2, 36438,19621107,   62,    0
     2, 36438,19621108,   61,    0
     2, 36438,19621109,   45,    0
     2, 36438,19621110,   28,    0
     2, 36438,19621111,   15,    0
     2, 36438,19621112,   10,    0
     2, 36438,19621113,    8,    0
     2, 36438,19621114,   35,    0
     2, 36438,19621115,   50,    0
     2, 36438,19621116,   28,    0
     2, 36438,19621117,  -17,    0
     2, 36438,19621118,  -23,    0
     2, 36438,19621119,  -12,    0
     2, 36438,19621120,  -10,    0
     2, 36438,19621121,  -17,    0
     2, 36438,19621122,  -61,    0
     2, 36438,19621123,  -95,    0
     2, 36438,19621124,  -52,    0
     2, 36438,19621125,   -8,    0
     2, 36438,19621126,   10,    0
     2, 36438,19621127,   25,    0
     2, 36438,19621128,    9,    0
     2, 36438,19621129,  -60,    0
     2, 36438,19621130,  -60,    0
     2, 36438,19621201,  -65,    0
     2, 36438,19621202,    5,    0
     2, 36438,19621203,   28,    0
     2, 36438,19621204,    3,    0
     2, 36438,19621205,  -10,    0
     2, 36438,19621206,   20,    0
     2, 36438,19621207,   23,    0
     2, 36438,19621208,   15,    0
     2, 36438,19621209,   48,    0
     2, 36438,19621210,   35,    0
     2, 36438,19621211,   -6,    0
     2, 36438,19621212,    9,    0
     2, 36438,19621213,    8,    0
     2, 36438,19621214, -120,    0
     2, 36438,19621215,  -20,    0
     2, 36438,19621216,  -20,    0
     2, 36438,19621217,  -60,    0
     2, 36438,19621218, -135,    0
     2, 36438,19621219, -106,    0
     2, 36438,19621220, -110,    0
     2, 36438,19621221,  -68,    0
     2, 36438,19621222,  -60,    0
     2, 36438,19621223,  -33,    0
     2, 36438,19621224,  -94,    0
     2, 36438,19621225,   -2,    0
     2, 36438,19621226,   -7,    0
     2, 36438,19621227, -174,    0
     2, 36438,19621228, -141,    0
     2, 36438,19621229,  -65,    0
     2, 36438,19621230,  -79,    0
     2, 36438,19621231,  -55,    0
     2, 36438,19630101,  -50,    0
     2, 36438,19630102, -150,    0
     2, 36438,19630103, -180,    0
     2, 36438,19630104, -135,    0
     2, 36438,19630105, -101,    0
     2, 36438,19630106,  -68,    0
     2, 36438,19630107, -148,    0
     2, 36438,19630108, -130,    0
     2, 36438,19630109, -133,    0
     2, 36438,19630110, -160,    0
     2, 36438,19630111, -145,    0
     2, 36438,19630112, -167,    0
     2, 36438,19630113,  -30,    0
     2, 36438,19630114,  -32,    0
     2, 36438,19630115, -135,    0
     2, 36438,19630116, -120,    0
     2, 36438,19630117, -100,    0
     2, 36438,19630118,  -62,    0
     2, 36438,19630119,   26,    0
     2, 36438,19630120,  -20,    0
     2, 36438,19630121,  -20,    0
     2, 36438,19630122,    2,    0
     2, 36438,19630123,  -35,    0
     2, 36438,19630124,  -42,    0
     2, 36438,19630125,  -10,    0
     2, 36438,19630126,   11,    0
     2, 36438,19630127,    8,    0
     2, 36438,19630128,  -19,    0
     2, 36438,19630129,  -15,    0
     2, 36438,19630130,    3,    0
     2, 36438,19630131,    5,    0
     2, 36438,19630201,  -80,    0
     2, 36438,19630202,  -65,    0
     2, 36438,19630203,  -74,    0
     2, 36438,19630204,  -59,    0
     2, 36438,19630205,  -71,    0
     2, 36438,19630206, -125,    0
     2, 36438,19630207, -143,    0
     2, 36438,19630208, -104,    0
     2, 36438,19630209,  -85,    0
     2, 36438,19630210, -110,    0
     2, 36438,19630211,  -45,    0
     2, 36438,19630212,  -38,    0
     2, 36438,19630213,  -26,    0
     2, 36438,19630214,  -49,    0
     2, 36438,19630215,  -98,    0
     2, 36438,19630216,  -78,    0
     2, 36438,19630217,  -65,    0
     2, 36438,19630218, -123,    0
     2, 36438,19630219, -140,    0
     2, 36438,19630220,  -58,    0
     2, 36438,19630221,    7,    0
     2, 36438,19630222,  -24,    0
     2, 36438,19630223,   -4,    0
     2, 36438,19630224,  -25,    0
     2, 36438,19630225,  -32,    0
     2, 36438,19630226,    0,    0
     2, 36438,19630227,   26,    0
     2, 36438,19630228,   41,    0
     2, 36438,19630301,   70,    0
     2, 36438,19630302,    8,    0
     2, 36438,19630303,   58,    0
     2, 36438,19630304,   73,    0
     2, 36438,19630305,   62,    0
     2, 36438,19630306,   38,    0
     2, 36438,19630307,   94,    0
     2, 36438,19630308,   48,    0
     2, 36438,19630309,  -40,    0
     2, 36438,19630310,  -30,    0
     2, 36438,19630311,    0,    0
     2, 36438,19630312,  -15,    0
     2, 36438,19630313,  -49,    0
     2, 36438,19630314,   -5,    0
     2, 36438,19630315,  -18,    0
     2, 36438,19630316,   50,    0
     2, 36438,19630317,    2,    0
     2, 36438,19630318,   -4,    0
     2, 36438,19630319,  -24,    0
     2, 36438,19630320,  -18,    0
     2, 36438,19630321,    6,    0
     2, 36438,19630322,   21,    0
     2, 36438,19630323,   26,    0
     2, 36438,19630324,   35,    0
     2, 36438,19630325,    5,    0
     2, 36438,19630326,  -35,    0
     2, 36438,19630327,  -16,    0
     2, 36438,19630328,    0,    0
     2, 36438,19630329,   13,    0
     2, 36438,19630330,   22,    0
     2, 36438,19630331,   35,    0
     2, 36438,19630401,   48,    0
     2, 36438,19630402,   25,    0
     2, 36438,19630403,   42,    0
     2, 36438,19630404,   32,    0
     2, 36438,19630405,   16,    0
     2, 36438,19630406,   85,    0
     2, 36438,19630407,  120,    0
     2, 36438,19630408,  110,    0
     2, 36438,19630409,   90,    0
     2, 36438,19630410,   71,    0
     2, 36438,19630411,   67,    0
     2, 36438,19630412,   35,    0
     2, 36438,19630413,  110,    0
     2, 36438,19630414,   92,    0
     2, 36438,19630415,   67,    0
     2, 36438,19630416,  119,    0
     2, 36438,19630417,  135,    0
     2, 36438,19630418,  137,    0
     2, 36438,19630419,   86,    0
     2, 36438,19630420,  106,    0
     2, 36438,19630421,   80,    0
     2, 36438,19630422,   42,    0
     2, 36438,19630423,   35,    0
     2, 36438,19630424,   86,    0
     2, 36438,19630425,  132,    0
     2, 36438,19630426,  164,    0
     2, 36438,19630427,  158,    0
     2, 36438,19630428,  133,    0
     2, 36438,19630429,   96,    0
     2, 36438,19630430,  105,    0
     2, 36438,19630501,  137,    0
     2, 36438,19630502,  104,    0
     2, 36438,19630503,   85,    0
     2, 36438,19630504,  170,    0
     2, 36438,19630505,  173,    0
     2, 36438,19630506,  124,    0
     2, 36438,19630507,  137,    0
     2, 36438,19630508,  180,    0
     2, 36438,19630509,  187,    0
     2, 36438,19630510,  225,    0
     2, 36438,19630511,  187,    0
     2, 36438,19630512,  164,    0
     2, 36438,19630513,  173,    0
     2, 36438,19630514,  202,    0
     2, 36438,19630515,  167,    0
     2, 36438,19630516,  190,    0
     2, 36438,19630517,  171,    0
     2, 36438,19630518,  144,    0
     2, 36438,19630519,  130,    0
     2, 36438,19630520,  125,    0
     2, 36438,19630521,  159,    0
     2, 36438,19630522,  170,    0
     2, 36438,19630523,  163,    0
     2, 36438,19630524,  149,    0
     2, 36438,19630525,  236,    0
     2, 36438,19630526,  235,    0
     2, 36438,19630527,  265,    0
     2, 36438,19630528,  250,    0
     2, 36438,19630529,  275,    0
     2, 36438,19630530,  244,    0
     2, 36438,19630531,  202,    0
     2, 36438,19630601,  210,    0
     2, 36438,19630602,  240,    0
     2, 36438,19630603,  195,    0
     2, 36438,19630604,  175,    0
     2, 36438,19630605,  246,    0
     2, 36438,19630606,  262,    0
     2, 36438,19630607,  244,    0
     2, 36438,19630608,  252,    0
     2, 36438,19630609,  270,    0
     2, 36438,19630610,  250,    0
     2, 36438,19630611,  232,    0
     2, 36438,19630612,  191,    0
     2, 36438,19630613,  175,    0
     2, 36438,19630614,  164,    0
     2, 36438,19630615,  175,    0
     2, 36438,19630616,  207,    0
     2, 36438,19630617,  191,    0
     2, 36438,19630618,  220,    0
     2, 36438,19630619,  209,    0
     2, 36438,19630620,  194,    0
     2, 36438,19630621,  187,    0
     2, 36438,19630622,  126,    0
     2, 36438,19630623,  165,    0
     2, 36438,19630624,  163,    0
     2, 36438,19630625,  182,    0
     2, 36438,19630626,  200,    0
     2, 36438,19630627,  152,    0
     2, 36438,19630628,  158,    0
     2, 36438,19630629,  230,    0
     2, 36438,19630630,  250,    0
     2, 36438,19630701,  237,    0
     2, 36438,19630702,  272,    0
     2, 36438,19630703,  252,    0
     2, 36438,19630704,  291,    0
     2, 36438,19630705,  270,    0
     2, 36438,19630706,  256,    0
     2, 36438,19630707,  160,    0
     2, 36438,19630708,  191,    0
     2, 36438,19630709,  190,    0
     2, 36438,19630710,  185,    0
     2, 36438,19630711,  180,    0
     2, 36438,19630712,  162,    0
     2, 36438,19630713,  195,    0
     2, 36438,19630714,  188,    0
     2, 36438,19630715,  190,    0
     2, 36438,19630716,  171,    0
     2, 36438,19630717,  205,    0
     2, 36438,19630718,  184,    0
     2, 36438,19630719,  207,    0
     2, 36438,19630720,  191,    0
     2, 36438,19630721,  195,    0
     2, 36438,19630722,  264,    0
     2, 36438,19630723,  246,    0
     2, 36438,19630724,  241,    0
     2, 36438,19630725,  218,    0
     2, 36438,19630726,  210,    0
     2, 36438,19630727,  193,    0
     2, 36438,19630728,  208,    0
     2, 36438,19630729,  220,    0
     2, 36438,19630730,  250,    0
     2, 36438,19630731,  238,    0
     2, 36438,19630801,  274,    0
     2, 36438,19630802,  252,    0
     2, 36438,19630803,  245,    0
     2, 36438,19630804,  238,    0
     2, 36438,19630805,  226,    0
     2, 36438,19630806,  190,    0
     2, 36438,19630807,  222,    0
     2, 36438,19630808,  214,    0
     2, 36438,19630809,  187,    0
     2, 36438,19630810,  195,    0
     2, 36438,19630811,  200,    0
     2, 36438,19630812,  170,    0
     2, 36438,19630813,  168,    0
     2, 36438,19630814,  197,    0
     2, 36438,19630815,  202,    0
     2, 36438,19630816,  179,    0
     2, 36438,19630817,  205,    0
     2, 36438,19630818,  214,    0
     2, 36438,19630819,  177,    0
     2, 36438,19630820,  186,    0
     2, 36438,19630821,  180,    0
     2, 36438,19630822,  174,    0
     2, 36438,19630823,  194,    0
     2, 36438,19630824,  205,    0
     2, 36438,19630825,  204,    0
     2, 36438,19630826,  175,    0
     2, 36438,19630827,  151,    0
     2, 36438,19630828,  179,    0
     2, 36438,19630829,  170,    0
     2, 36438,19630830,  185,    0
     2, 36438,19630831,  170,    0
     2, 36438,19630901,  140,    0
     2, 36438,19630902,  182,    0
     2, 36438,19630903,  179,    0
     2, 36438,19630904,  194,    0
     2, 36438,19630905,  164,    0
     2, 36438,19630906,  147,    0
     2, 36438,19630907,  195,    0
     2, 36438,19630908,  170,    0
     2, 36438,19630909,  160,    0
     2, 36438,19630910,  152,    0
     2, 36438,19630911,  175,    0
     2, 36438,19630912,  160,    0
     2, 36438,19630913,  154,    0
     2, 36438,19630914,  160,    0
     2, 36438,19630915,  165,    0
     2, 36438,19630916,  212,    0
     2, 36438,19630917,  193,    0
     2, 36438,19630918,  149,    0
     2, 36438,19630919,  145,    0
     2, 36438,19630920,  160,    0
     2, 36438,19630921,  175,    0
     2, 36438,19630922,  163,    0
     2, 36438,19630923,  190,    0
     2, 36438,19630924,  155,    0
     2, 36438,19630925,  147,    0
     2, 36438,19630926,  145,    0
     2, 36438,19630927,  105,    0
     2, 36438,19630928,  136,    0
     2, 36438,19630929,  135,    0
     2, 36438,19630930,  114,    0
     2, 36438,19631001,  102,    0
     2, 36438,19631002,   82,    0
     2, 36438,19631003,   87,    0
     2, 36438,19631004,   70,    0
     2, 36438,19631005,   95,    0
     2, 36438,19631006,   90,    0
     2, 36438,19631007,   90,    0
     2, 36438,19631008,  107,    0
     2, 36438,19631009,  135,    0
     2, 36438,19631010,  113,    0
     2, 36438,19631011,   78,    0
     2, 36438,19631012,  108,    0
     2, 36438,19631013,   60,    0
     2, 36438,19631014,   51,    0
     2, 36438,19631015,   75,    0
     2, 36438,19631016,   80,    0
     2, 36438,19631017,   86,    0
     2, 36438,19631018,   66,    0
     2, 36438,19631019,  116,    0
     2, 36438,19631020,  112,    0
     2, 36438,19631021,  118,    0
     2, 36438,19631022,  130,    0
     2, 36438,19631023,  116,    0
     2, 36438,19631024,  128,    0
     2, 36438,19631025,  125,    0
     2, 36438,19631026,   82,    0
     2, 36438,19631027,   92,    0
     2, 36438,19631028,   76,    0
     2, 36438,19631029,   76,    0
     2, 36438,19631030,   86,    0
     2, 36438,19631031,   70,    0
     2, 36438,19631101,   40,    0
     2, 36438,19631102,   60,    0
     2, 36438,19631103,   45,    0
     2, 36438,19631104,   45,    0
     2, 36438,19631105,   49,    0
     2, 36438,19631106,   42,    0
     2, 36438,19631107,   47,    0
     2, 36438,19631108,   76,    0
     2, 36438,19631109,   60,    0
     2, 36438,19631110,   40,    0
     2, 36438,19631111,   -7,    0
     2, 36438,19631112,   13,    0
     2, 36438,19631113,   45,    0
     2, 36438,19631114,   56,    0
     2, 36438,19631115,   45,    0
     2, 36438,19631116,   25,    0
     2, 36438,19631117,   -5,    0
     2, 36438,19631118,    9,    0
     2, 36438,19631119,   20,    0
     2, 36438,19631120,   -6,    0
     2, 36438,19631121,   23,    0
     2, 36438,19631122,  -23,    0
     2, 36438,19631123,  -50,    0
     2, 36438,19631124,  -98,    0
     2, 36438,19631125,  -12,    0
     2, 36438,19631126,    2,    0
     2, 36438,19631127,    4,    0
     2, 36438,19631128,   10,    0
     2, 36438,19631129,   12,    0
     2, 36438,19631130,   12,    0
     2, 36438,19631201,    9,    0
     2, 36438,19631202,   16,    0
     2, 36438,19631203,    7,    0
     2, 36438,19631204,   15,    0
     2, 36438,19631205,   29,    0
     2, 36438,19631206,    5,    0
     2, 36438,19631207,    0,    0
     2, 36438,19631208,   27,    0
     2, 36438,19631209,    1,    0
     2, 36438,19631210,  -35,    0
     2, 36438,19631211,  -39,    0
     2, 36438,19631212,  -18,    0
     2, 36438,19631213,  -10,    0
     2, 36438,19631214,   36,    0
     2, 36438,19631215,  -10,    0
     2, 36438,19631216,   -5,    0
     2, 36438,19631217,   -5,    0
     2, 36438,19631218,  -65,    0
     2, 36438,19631219,  -22,    0
     2, 36438,19631220,  -22,    0
     2, 36438,19631221,  -80,    0
     2, 36438,19631222, -160,    0
     2, 36438,19631223,  -10,    0
     2, 36438,19631224,   25,    0
     2, 36438,19631225,   12,    0
     2, 36438,19631226,   20,    0
     2, 36438,19631227,   31,    0
     2, 36438,19631228,   31,    0
     2, 36438,19631229,   40,    0
     2, 36438,19631230,   48,    0
     2, 36438,19631231,   45,    0
     2, 36438,19640101,   32,    0
     2, 36438,19640102,    5,    0
     2, 36438,19640103,   45,    0
     2, 36438,19640104,   41,    0
     2, 36438,19640105,    6,    0
     2, 36438,19640106,  -65,    0
     2, 36438,19640107,  -90,    0
     2, 36438,19640108,  -56,    0
     2, 36438,19640109,   -1,    0
     2, 36438,19640110,    5,    0
     2, 36438,19640111,  -40,    0
     2, 36438,19640112,    1,    0
     2, 36438,19640113,  -14,    0
     2, 36438,19640114,  -44,    0
     2, 36438,19640115,  -20,    0
     2, 36438,19640116,   -2,    0
     2, 36438,19640117,   12,    0
     2, 36438,19640118,  -40,    0
     2, 36438,19640119,  -45,    0
     2, 36438,19640120,  -46,    0
     2, 36438,19640121,   46,    0
     2, 36438,19640122,   35,    0
     2, 36438,19640123,   24,    0
     2, 36438,19640124,   25,    0
     2, 36438,19640125,   10,    0
     2, 36438,19640126,  -28,    0
     2, 36438,19640127,  -40,    0
     2, 36438,19640128,   -5,    0
     2, 36438,19640129,   40,    0
     2, 36438,19640130,   41,    0
     2, 36438,19640131,   22,    0
     2, 36438,19640201,  -16,    0
     2, 36438,19640202,  -15,    0
     2, 36438,19640203,   23,    0
     2, 36438,19640204,   23,    0
     2, 36438,19640205,  -15,    0
     2, 36438,19640206,  -48,    0
     2, 36438,19640207,   34,    0
     2, 36438,19640208,   75,    0
     2, 36438,19640209,   47,    0
     2, 36438,19640210,   17,    0
     2, 36438,19640211,   -6,    0
     2, 36438,19640212,  -95,    0
     2, 36438,19640213,  -90,    0
     2, 36438,19640214,  -66,    0
     2, 36438,19640215,  -55,    0
     2, 36438,19640216, -100,    0
     2, 36438,19640217,  -97,    0
     2, 36438,19640218, -100,    0
     2, 36438,19640219,  -16,    0
     2, 36438,19640220,   20,    0
     2, 36438,19640221,   50,    0
     2, 36438,19640222,  -20,    0
     2, 36438,19640223,  -28,    0
     2, 36438,19640224,  -22,    0
     2, 36438,19640225,  -18,    0
     2, 36438,19640226,    0,    0
     2, 36438,19640227,  -11,    0
     2, 36438,19640228,   17,    0
     2, 36438,19640229,   10,    0
     2, 36438,19640301,   10,    0
     2, 36438,19640302,   52,    0
     2, 36438,19640303,   15,    0
     2, 36438,19640304,    7,    0
     2, 36438,19640305,   15,    0
     2, 36438,19640306,   35,    0
     2, 36438,19640307,   70,    0
     2, 36438,19640308,   45,    0
     2, 36438,19640309,   95,    0
     2, 36438,19640310,   80,    0
     2, 36438,19640311,   60,    0
     2, 36438,19640312,   61,    0
     2, 36438,19640313,   25,    0
     2, 36438,19640314,    0,    0
     2, 36438,19640315,   40,    0
     2, 36438,19640316,   52,    0
     2, 36438,19640317,   -4,    0
     2, 36438,19640318,  -30,    0
     2, 36438,19640319,   -8,    0
     2, 36438,19640320,   22,    0
     2, 36438,19640321,  -11,    0
     2, 36438,19640322,   10,    0
     2, 36438,19640323,   15,    0
     2, 36438,19640324,   36,    0
     2, 36438,19640325,   52,    0
     2, 36438,19640326,   62,    0
     2, 36438,19640327,   72,    0
     2, 36438,19640328,   52,    0
     2, 36438,19640329,   51,    0
     2, 36438,19640330,   45,    0
     2, 36438,19640331,   55,    0
     2, 36438,19640401,   55,    0
     2, 36438,19640402,   65,    0
     2, 36438,19640403,   74,    0
     2, 36438,19640404,   75,    0
     2, 36438,19640405,   70,    0
     2, 36438,19640406,   85,    0
     2, 36438,19640407,   60,    0
     2, 36438,19640408,   83,    0
     2, 36438,19640409,   67,    0
     2, 36438,19640410,   55,    0
     2, 36438,19640411,  103,    0
     2, 36438,19640412,   64,    0
     2, 36438,19640413,  118,    0
     2, 36438,19640414,  131,    0
     2, 36438,19640415,   88,    0
     2, 36438,19640416,  117,    0
     2, 36438,19640417,  155,    0
     2, 36438,19640418,  229,    0
     2, 36438,19640419,  200,    0
     2, 36438,19640420,  218,    0
     2, 36438,19640421,  188,    0
     2, 36438,19640422,  151,    0
     2, 36438,19640423,  119,    0
     2, 36438,19640424,   89,    0
     2, 36438,19640425,   96,    0
     2, 36438,19640426,  130,    0
     2, 36438,19640427,  166,    0
     2, 36438,19640428,  154,    0
     2, 36438,19640429,  128,    0
     2, 36438,19640430,   94,    0
     2, 36438,19640501,  113,    0
     2, 36438,19640502,   97,    0
     2, 36438,19640503,  154,    0
     2, 36438,19640504,  150,    0
     2, 36438,19640505,  100,    0
     2, 36438,19640506,   92,    0
     2, 36438,19640507,  184,    0
     2, 36438,19640508,  120,    0
     2, 36438,19640509,  179,    0
     2, 36438,19640510,  158,    0
     2, 36438,19640511,  162,    0
     2, 36438,19640512,  183,    0
     2, 36438,19640513,  175,    0
     2, 36438,19640514,  185,    0
     2, 36438,19640515,  149,    0
     2, 36438,19640516,  149,    0
     2, 36438,19640517,  112,    0
     2, 36438,19640518,  159,    0
     2, 36438,19640519,  208,    0
     2, 36438,19640520,  228,    0
     2, 36438,19640521,  215,    0
     2, 36438,19640522,  236,    0
     2, 36438,19640523,  244,    0
     2, 36438,19640524,  220,    0
     2, 36438,19640525,  223,    0
     2, 36438,19640526,  222,    0
     2, 36438,19640527,  207,    0
     2, 36438,19640528,  194,    0
     2, 36438,19640529,  236,    0
     2, 36438,19640530,  218,    0
     2, 36438,19640531,  154,    0
     2, 36438,19640601,  117,    0
     2, 36438,19640602,  135,    0
     2, 36438,19640603,  114,    0
     2, 36438,19640604,  115,    0
     2, 36438,19640605,  160,    0
     2, 36438,19640606,  212,    0
     2, 36438,19640607,  196,    0
     2, 36438,19640608,  130,    0
     2, 36438,19640609,  186,    0
     2, 36438,19640610,  206,    0
     2, 36438,19640611,  186,    0
     2, 36438,19640612,  217,    0
     2, 36438,19640613,  244,    0
     2, 36438,19640614,  270,    0
     2, 36438,19640615,  248,    0
     2, 36438,19640616,  171,    0
     2, 36438,19640617,  163,    0
     2, 36438,19640618,  194,    0
     2, 36438,19640619,  220,    0
     2, 36438,19640620,  203,    0
     2, 36438,19640621,  241,    0
     2, 36438,19640622,  210,    0
     2, 36438,19640623,  134,    0
     2, 36438,19640624,  126,    0
     2, 36438,19640625,  233,    0
     2, 36438,19640626,  250,    0
     2, 36438,19640627,  234,    0
     2, 36438,19640628,  200,    0
     2, 36438,19640629,  188,    0
     2, 36438,19640630,  175,    0
     2, 36438,19640701,  187,    0
     2, 36438,19640702,  165,    0
     2, 36438,19640703,  191,    0
     2, 36438,19640704,  165,    0
     2, 36438,19640705,  185,    0
     2, 36438,19640706,  162,    0
     2, 36438,19640707,  156,    0
     2, 36438,19640708,  153,    0
     2, 36438,19640709,  183,    0
     2, 36438,19640710,  175,    0
     2, 36438,19640711,  175,    0
     2, 36438,19640712,  155,    0
     2, 36438,19640713,  224,    0
     2, 36438,19640714,  250,    0
     2, 36438,19640715,  260,    0
     2, 36438,19640716,  256,    0
     2, 36438,19640717,  235,    0
     2, 36438,19640718,  260,    0
     2, 36438,19640719,  262,    0
     2, 36438,19640720,  242,    0
     2, 36438,19640721,  165,    0
     2, 36438,19640722,  176,    0
     2, 36438,19640723,  208,    0
     2, 36438,19640724,  195,    0
     2, 36438,19640725,  185,    0
     2, 36438,19640726,  220,    0
     2, 36438,19640727,  210,    0
     2, 36438,19640728,  202,    0
     2, 36438,19640729,  203,    0
     2, 36438,19640730,  194,    0
     2, 36438,19640731,  202,    0
     2, 36438,19640801,  176,    0
     2, 36438,19640802,  134,    0
     2, 36438,19640803,  186,    0
     2, 36438,19640804,  150,    0
     2, 36438,19640805,  197,    0
     2, 36438,19640806,  197,    0
     2, 36438,19640807,  240,    0
     2, 36438,19640808,  273,    0
     2, 36438,19640809,  226,    0
     2, 36438,19640810,  230,    0
     2, 36438,19640811,  222,    0
     2, 36438,19640812,  221,    0
     2, 36438,19640813,  145,    0
     2, 36438,19640814,  214,    0
     2, 36438,19640815,  178,    0
     2, 36438,19640816,  135,    0
     2, 36438,19640817,  170,    0
     2, 36438,19640818,  164,    0
     2, 36438,19640819,  172,    0
     2, 36438,19640820,  196,    0
     2, 36438,19640821,  171,    0
     2, 36438,19640822,  150,    0
     2, 36438,19640823,  192,    0
     2, 36438,19640824,  165,    0
     2, 36438,19640825,  173,    0
     2, 36438,19640826,  155,    0
     2, 36438,19640827,  235,    0
     2, 36438,19640828,  176,    0
     2, 36438,19640829,  136,    0
     2, 36438,19640830,  131,    0
     2, 36438,19640831,  150,    0
     2, 36438,19640901,  175,    0
     2, 36438,19640902,  191,    0
     2, 36438,19640903,  210,    0
     2, 36438,19640904,  180,    0
     2, 36438,19640905,  218,    0
     2, 36438,19640906,  185,    0
     2, 36438,19640907,  182,    0
     2, 36438,19640908,  160,    0
     2, 36438,19640909,  140,    0
     2, 36438,19640910,  132,    0
     2, 36438,19640911,  130,    0
     2, 36438,19640912,  105,    0
     2, 36438,19640913,  131,    0
     2, 36438,19640914,  115,    0
     2, 36438,19640915,  182,    0
     2, 36438,19640916,  169,    0
     2, 36438,19640917,  137,    0
     2, 36438,19640918,  119,    0
     2, 36438,19640919,  145,    0
     2, 36438,19640920,   92,    0
     2, 36438,19640921,  135,    0
     2, 36438,19640922,   93,    0
     2, 36438,19640923,  130,    0
     2, 36438,19640924,  150,    0
     2, 36438,19640925,  185,    0
     2, 36438,19640926,  109,    0
     2, 36438,19640927,  111,    0
     2, 36438,19640928,  160,    0
     2, 36438,19640929,  157,    0
     2, 36438,19640930,  105,    0
     2, 36438,19641001,  105,    0
     2, 36438,19641002,  140,    0
     2, 36438,19641003,  124,    0
     2, 36438,19641004,  160,    0
     2, 36438,19641005,  152,    0
     2, 36438,19641006,  120,    0
     2, 36438,19641007,  119,    0
     2, 36438,19641008,  118,    0
     2, 36438,19641009,  107,    0
     2, 36438,19641010,  106,    0
     2, 36438,19641011,  105,    0
     2, 36438,19641012,  134,    0
     2, 36438,19641013,   83,    0
     2, 36438,19641014,   82,    0
     2, 36438,19641015,   86,    0
     2, 36438,19641016,   83,    0
     2, 36438,19641017,   67,    0
     2, 36438,19641018,   85,    0
     2, 36438,19641019,   85,    0
     2, 36438,19641020,  126,    0
     2, 36438,19641021,  118,    0
     2, 36438,19641022,   61,    0
     2, 36438,19641023,   77,    0
     2, 36438,19641024,   76,    0
     2, 36438,19641025,   61,    0
     2, 36438,19641026,   46,    0
     2, 36438,19641027,   75,    0
     2, 36438,19641028,   74,    0
     2, 36438,19641029,   61,    0
     2, 36438,19641030,   74,    0
     2, 36438,19641031,   52,    0
     2, 36438,19641101,   40,    0
     2, 36438,19641102,   46,    0
     2, 36438,19641103,   95,    0
     2, 36438,19641104,   88,    0
     2, 36438,19641105,   42,    0
     2, 36438,19641106,   57,    0
     2, 36438,19641107,   10,    0
     2, 36438,19641108,   -4,    0
     2, 36438,19641109,   42,    0
     2, 36438,19641110,   52,    0
     2, 36438,19641111,   45,    0
     2, 36438,19641112,   27,    0
     2, 36438,19641113,   25,    0
     2, 36438,19641114,   60,    0
     2, 36438,19641115,   67,    0
     2, 36438,19641116,   56,    0
     2, 36438,19641117,   10,    0
     2, 36438,19641118,   24,    0
     2, 36438,19641119,   27,    0
     2, 36438,19641120,   -1,    0
     2, 36438,19641121,   10,    0
     2, 36438,19641122,    0,    0
     2, 36438,19641123,   19,    0
     2, 36438,19641124,   27,    0
     2, 36438,19641125,    6,    0
     2, 36438,19641126,   17,    0
     2, 36438,19641127,   28,    0
     2, 36438,19641128,  -36,    0
     2, 36438,19641129,  -20,    0
     2, 36438,19641130,  -24,    0
     2, 36438,19641201,  -26,    0
     2, 36438,19641202,  -13,    0
     2, 36438,19641203,    0,    0
     2, 36438,19641204,    2,    0
     2, 36438,19641205,  -16,    0
     2, 36438,19641206,  -31,    0
     2, 36438,19641207,   25,    0
     2, 36438,19641208,   44,    0
     2, 36438,19641209,   75,    0
     2, 36438,19641210,   78,    0
     2, 36438,19641211,   25,    0
     2, 36438,19641212,   34,    0
     2, 36438,19641213,   45,    0
     2, 36438,19641214,   10,    0
     2, 36438,19641215,  -31,    0
     2, 36438,19641216,  -82,    0
     2, 36438,19641217,   -1,    0
     2, 36438,19641218,  -15,    0
     2, 36438,19641219,  -60,    0
     2, 36438,19641220,  -44,    0
     2, 36438,19641221,  -40,    0
     2, 36438,19641222,    2,    0
     2, 36438,19641223,  -45,    0
     2, 36438,19641224,  -95,    0
     2, 36438,19641225,  -50,    0
     2, 36438,19641226, -130,    0
     2, 36438,19641227, -167,    0
     2, 36438,19641228, -191,    0
     2, 36438,19641229, -164,    0
     2, 36438,19641230,  -33,    0
     2, 36438,19641231,   25,    0
     2, 36438,19650101,   22,    0
     2, 36438,19650102,    2,    0
     2, 36438,19650103,  -25,    0
     2, 36438,19650104,   -4,    0
     2, 36438,19650105,   -2,    0
     2, 36438,19650106,  -51,    0
     2, 36438,19650107,  -25,    0
     2, 36438,19650108,  -16,    0
     2, 36438,19650109,  -50,    0
     2, 36438,19650110, -167,    0
     2, 36438,19650111,  -26,    0
     2, 36438,19650112,   53,    0
     2, 36438,19650113,   40,    0
     2, 36438,19650114,   45,    0
     2, 36438,19650115,   36,    0
     2, 36438,19650116,   24,    0
     2, 36438,19650117,   19,    0
     2, 36438,19650118,   20,    0
     2, 36438,19650119,   12,    0
     2, 36438,19650120,  -34,    0
     2, 36438,19650121,  -11,    0
     2, 36438,19650122,    7,    0
     2, 36438,19650123,    5,    0
     2, 36438,19650124,   -5,    0
     2, 36438,19650125,  -23,    0
     2, 36438,19650126,  -42,    0
     2, 36438,19650127,  -37,    0
     2, 36438,19650128,  -25,    0
     2, 36438,19650129,  -17,    0
     2, 36438,19650130,  -26,    0
     2, 36438,19650131,  -30,    0
     2, 36438,19650201,  -26,    0
     2, 36438,19650202,   -2,    0
     2, 36438,19650203,   16,    0
     2, 36438,19650204,   -5,    0
     2, 36438,19650205,   36,    0
     2, 36438,19650206,   60,    0
     2, 36438,19650207,   53,    0
     2, 36438,19650208,   -7,    0
     2, 36438,19650209,   -8,    0
     2, 36438,19650210,    5,    0
     2, 36438,19650211,   55,    0
     2, 36438,19650212,   21,    0
     2, 36438,19650213,   65,    0
     2, 36438,19650214,  -26,    0
     2, 36438,19650215,  -40,    0
     2, 36438,19650216,  -50,    0
     2, 36438,19650217,  -33,    0
     2, 36438,19650218,   47,    0
     2, 36438,19650219,   29,    0
     2, 36438,19650220,   30,    0
     2, 36438,19650221,   70,    0
     2, 36438,19650222,   -8,    0
     2, 36438,19650223,  -25,    0
     2, 36438,19650224,  -14,    0
     2, 36438,19650225,  -56,    0
     2, 36438,19650226,  -93,    0
     2, 36438,19650227,  -95,    0
     2, 36438,19650228,  -85,    0
     2, 36438,19650301,  -20,    0
     2, 36438,19650302,   -2,    0
     2, 36438,19650303,  -13,    0
     2, 36438,19650304,  -10,    0
     2, 36438,19650305,   -8,    0
     2, 36438,19650306,    0,    0
     2, 36438,19650307,   -2,    0
     2, 36438,19650308,   46,    0
     2, 36438,19650309,   30,    0
     2, 36438,19650310,   48,    0
     2, 36438,19650311,   78,    0
     2, 36438,19650312,   30,    0
     2, 36438,19650313,   56,    0
     2, 36438,19650314,   70,    0
     2, 36438,19650315,   82,    0
     2, 36438,19650316,   64,    0
     2, 36438,19650317,   50,    0
     2, 36438,19650318,   42,    0
     2, 36438,19650319,   31,    0
     2, 36438,19650320,    5,    0
     2, 36438,19650321,   26,    0
     2, 36438,19650322,   39,    0
     2, 36438,19650323,   41,    0
     2, 36438,19650324,   36,    0
     2, 36438,19650325,   30,    0
     2, 36438,19650326,   55,    0
     2, 36438,19650327,   58,    0
     2, 36438,19650328,   40,    0
     2, 36438,19650329,  143,    0
     2, 36438,19650330,  120,    0
     2, 36438,19650331,   60,    0
     2, 36438,19650401,  104,    0
     2, 36438,19650402,   70,    0
     2, 36438,19650403,  100,    0
     2, 36438,19650404,  126,    0
     2, 36438,19650405,  130,    0
     2, 36438,19650406,   85,    0
     2, 36438,19650407,   57,    0
     2, 36438,19650408,   31,    0
     2, 36438,19650409,   30,    0
     2, 36438,19650410,   35,    0
     2, 36438,19650411,   30,    0
     2, 36438,19650412,   62,    0
     2, 36438,19650413,   76,    0
     2, 36438,19650414,   52,    0
     2, 36438,19650415,   55,    0
     2, 36438,19650416,   72,    0
     2, 36438,19650417,   56,    0
     2, 36438,19650418,   45,    0
     2, 36438,19650419,  104,    0
     2, 36438,19650420,  123,    0
     2, 36438,19650421,  138,    0
     2, 36438,19650422,  137,    0
     2, 36438,19650423,  144,    0
     2, 36438,19650424,  123,    0
     2, 36438,19650425,   50,    0
     2, 36438,19650426,   50,    0
     2, 36438,19650427,   56,    0
     2, 36438,19650428,  136,    0
     2, 36438,19650429,  143,    0
     2, 36438,19650430,  169,    0
     2, 36438,19650501,  140,    0
     2, 36438,19650502,  130,    0
     2, 36438,19650503,  185,    0
     2, 36438,19650504,  155,    0
     2, 36438,19650505,  142,    0
     2, 36438,19650506,  154,    0
     2, 36438,19650507,  154,    0
     2, 36438,19650508,  173,    0
     2, 36438,19650509,  146,    0
     2, 36438,19650510,  118,    0
     2, 36438,19650511,  158,    0
     2, 36438,19650512,  137,    0
     2, 36438,19650513,  183,    0
     2, 36438,19650514,  154,    0
     2, 36438,19650515,   87,    0
     2, 36438,19650516,  105,    0
     2, 36438,19650517,   95,    0
     2, 36438,19650518,  125,    0
     2, 36438,19650519,   99,    0
     2, 36438,19650520,  113,    0
     2, 36438,19650521,   96,    0
     2, 36438,19650522,  127,    0
     2, 36438,19650523,  160,    0
     2, 36438,19650524,  182,    0
     2, 36438,19650525,  184,    0
     2, 36438,19650526,  211,    0
     2, 36438,19650527,  184,    0
     2, 36438,19650528,  167,    0
     2, 36438,19650529,  150,    0
     2, 36438,19650530,  137,    0
     2, 36438,19650531,  140,    0
     2, 36438,19650601,  182,    0
     2, 36438,19650602,  167,    0
     2, 36438,19650603,  156,    0
     2, 36438,19650604,  182,    0
     2, 36438,19650605,  235,    0
     2, 36438,19650606,  254,    0
     2, 36438,19650607,  229,    0
     2, 36438,19650608,  179,    0
     2, 36438,19650609,  222,    0
     2, 36438,19650610,  225,    0
     2, 36438,19650611,  237,    0
     2, 36438,19650612,  173,    0
     2, 36438,19650613,  202,    0
     2, 36438,19650614,  224,    0
     2, 36438,19650615,  182,    0
     2, 36438,19650616,  194,    0
     2, 36438,19650617,  165,    0
     2, 36438,19650618,  200,    0
     2, 36438,19650619,  174,    0
     2, 36438,19650620,  214,    0
     2, 36438,19650621,  213,    0
     2, 36438,19650622,  182,    0
     2, 36438,19650623,  209,    0
     2, 36438,19650624,  180,    0
     2, 36438,19650625,  182,    0
     2, 36438,19650626,  175,    0
     2, 36438,19650627,  189,    0
     2, 36438,19650628,  160,    0
     2, 36438,19650629,  175,    0
     2, 36438,19650630,  170,    0
     2, 36438,19650701,  175,    0
     2, 36438,19650702,  175,    0
     2, 36438,19650703,  160,    0
     2, 36438,19650704,  170,    0
     2, 36438,19650705,  180,    0
     2, 36438,19650706,  170,    0
     2, 36438,19650707,  190,    0
     2, 36438,19650708,  186,    0
     2, 36438,19650709,  168,    0
     2, 36438,19650710,  170,    0
     2, 36438,19650711,  203,    0
     2, 36438,19650712,  160,    0
     2, 36438,19650713,  141,    0
     2, 36438,19650714,  217,    0
     2, 36438,19650715,  173,    0
     2, 36438,19650716,  204,    0
     2, 36438,19650717,  242,    0
     2, 36438,19650718,  261,    0
     2, 36438,19650719,  287,    0
     2, 36438,19650720,  266,    0
     2, 36438,19650721,  281,    0
     2, 36438,19650722,  256,    0
     2, 36438,19650723,  225,    0
     2, 36438,19650724,  182,    0
     2, 36438,19650725,  188,    0
     2, 36438,19650726,  195,    0
     2, 36438,19650727,  187,    0
     2, 36438,19650728,  153,    0
     2, 36438,19650729,  164,    0
     2, 36438,19650730,  162,    0
     2, 36438,19650731,  180,    0
     2, 36438,19650801,  148,    0
     2, 36438,19650802,  173,    0
     2, 36438,19650803,  185,    0
     2, 36438,19650804,  190,    0
     2, 36438,19650805,  206,    0
     2, 36438,19650806,  197,    0
     2, 36438,19650807,  183,    0
     2, 36438,19650808,  185,    0
     2, 36438,19650809,  172,    0
     2, 36438,19650810,  164,    0
     2, 36438,19650811,  170,    0
     2, 36438,19650812,  163,    0
     2, 36438,19650813,  186,    0
     2, 36438,19650814,  145,    0
     2, 36438,19650815,  215,    0
     2, 36438,19650816,  246,    0
     2, 36438,19650817,  236,    0
     2, 36438,19650818,  221,    0
     2, 36438,19650819,  200,    0
     2, 36438,19650820,  205,    0
     2, 36438,19650821,  205,    0
     2, 36438,19650822,  170,    0
     2, 36438,19650823,  196,    0
     2, 36438,19650824,  198,    0
     2, 36438,19650825,  207,    0
     2, 36438,19650826,  183,    0
     2, 36438,19650827,  172,    0
     2, 36438,19650828,  150,    0
     2, 36438,19650829,  175,    0
     2, 36438,19650830,  175,    0
     2, 36438,19650831,  170,    0
     2, 36438,19650901,  185,    0
     2, 36438,19650902,  218,    0
     2, 36438,19650903,  195,    0
     2, 36438,19650904,  196,    0
     2, 36438,19650905,  160,    0
     2, 36438,19650906,  167,    0
     2, 36438,19650907,  168,    0
     2, 36438,19650908,  148,    0
     2, 36438,19650909,  147,    0
     2, 36438,19650910,  150,    0
     2, 36438,19650911,  147,    0
     2, 36438,19650912,  160,    0
     2, 36438,19650913,  154,    0
     2, 36438,19650914,  117,    0
     2, 36438,19650915,  145,    0
     2, 36438,19650916,  145,    0
     2, 36438,19650917,  170,    0
     2, 36438,19650918,  116,    0
     2, 36438,19650919,  145,    0
     2, 36438,19650920,  114,    0
     2, 36438,19650921,  176,    0
     2, 36438,19650922,  155,    0
     2, 36438,19650923,  164,    0
     2, 36438,19650924,  184,    0
     2, 36438,19650925,  163,    0
     2, 36438,19650926,  123,    0
     2, 36438,19650927,  142,    0
     2, 36438,19650928,  150,    0
     2, 36438,19650929,  112,    0
     2, 36438,19650930,  115,    0
     2, 36438,19651001,  124,    0
     2, 36438,19651002,   95,    0
     2, 36438,19651003,   90,    0
     2, 36438,19651004,  134,    0
     2, 36438,19651005,  125,    0
     2, 36438,19651006,  120,    0
     2, 36438,19651007,  152,    0
     2, 36438,19651008,  103,    0
     2, 36438,19651009,   74,    0
     2, 36438,19651010,   64,    0
     2, 36438,19651011,   53,    0
     2, 36438,19651012,  128,    0
     2, 36438,19651013,  126,    0
     2, 36438,19651014,  129,    0
     2, 36438,19651015,  108,    0
     2, 36438,19651016,  109,    0
     2, 36438,19651017,  102,    0
     2, 36438,19651018,  100,    0
     2, 36438,19651019,  110,    0
     2, 36438,19651020,   81,    0
     2, 36438,19651021,   88,    0
     2, 36438,19651022,  100,    0
     2, 36438,19651023,  121,    0
     2, 36438,19651024,  120,    0
     2, 36438,19651025,   89,    0
     2, 36438,19651026,   60,    0
     2, 36438,19651027,  120,    0
     2, 36438,19651028,  136,    0
     2, 36438,19651029,  120,    0
     2, 36438,19651030,  105,    0
     2, 36438,19651031,   87,    0
     2, 36438,19651101,   73,    0
     2, 36438,19651102,   60,    0
     2, 36438,19651103,   46,    0
     2, 36438,19651104,   53,    0
     2, 36438,19651105,   62,    0
     2, 36438,19651106,   71,    0
     2, 36438,19651107,   64,    0
     2, 36438,19651108,   26,    0
     2, 36438,19651109,   35,    0
     2, 36438,19651110,   18,    0
     2, 36438,19651111,  -11,    0
     2, 36438,19651112,  -20,    0
     2, 36438,19651113,  -36,    0
     2, 36438,19651114,  -78,    0
     2, 36438,19651115,  -82,    0
     2, 36438,19651116,  -59,    0
     2, 36438,19651117,  -38,    0
     2, 36438,19651118,  -49,    0
     2, 36438,19651119,  -36,    0
     2, 36438,19651120,  -58,    0
     2, 36438,19651121, -107,    0
     2, 36438,19651122, -107,    0
     2, 36438,19651123, -142,    0
     2, 36438,19651124, -160,    0
     2, 36438,19651125,  -26,    0
     2, 36438,19651126,    5,    0
     2, 36438,19651127,   10,    0
     2, 36438,19651128,    1,    0
     2, 36438,19651129,  -28,    0
     2, 36438,19651130,    5,    0
     2, 36438,19651201,    8,    0
     2, 36438,19651202,  -35,    0
     2, 36438,19651203, -113,    0
     2, 36438,19651204,  -10,    0
     2, 36438,19651205,    0,    0
     2, 36438,19651206,    5,    0
     2, 36438,19651207,  -32,    0
     2, 36438,19651208, -168,    0
     2, 36438,19651209,  -71,    0
     2, 36438,19651210,    3,    0
     2, 36438,19651211,  -12,    0
     2, 36438,19651212, -105,    0
     2, 36438,19651213, -181,    0
     2, 36438,19651214, -187,    0
     2, 36438,19651215, -130,    0
     2, 36438,19651216, -204,    0
     2, 36438,19651217, -140,    0
     2, 36438,19651218,  -30,    0
     2, 36438,19651219,    6,    0
     2, 36438,19651220,    8,    0
     2, 36438,19651221,  -25,    0
     2, 36438,19651222, -148,    0
     2, 36438,19651223,  -74,    0
     2, 36438,19651224,   25,    0
     2, 36438,19651225,    4,    0
     2, 36438,19651226,   12,    0
     2, 36438,19651227,    8,    0
     2, 36438,19651228,  -70,    0
     2, 36438,19651229,  -90,    0
     2, 36438,19651230, -140,    0
     2, 36438,19651231, -150,    0
     2, 36438,19660101, -240,    0
     2, 36438,19660102,  -64,    0
     2, 36438,19660103, -100,    0
     2, 36438,19660104, -150,    0
     2, 36438,19660105, -195,    0
     2, 36438,19660106,  -13,    0
     2, 36438,19660107,  -15,    0
     2, 36438,19660108,  -18,    0
     2, 36438,19660109,  -55,    0
     2, 36438,19660110,  -52,    0
     2, 36438,19660111,  -56,    0
     2, 36438,19660112,  -55,    0
     2, 36438,19660113,  -65,    0
     2, 36438,19660114,  -95,    0
     2, 36438,19660115, -105,    0
     2, 36438,19660116, -117,    0
     2, 36438,19660117,  -80,    0
     2, 36438,19660118,  -72,    0
     2, 36438,19660119, -240,    0
     2, 36438,19660120, -210,    0
     2, 36438,19660121, -150,    0
     2, 36438,19660122,  -76,    0
     2, 36438,19660123,  -75,    0
     2, 36438,19660124,  -88,    0
     2, 36438,19660125, -115,    0
     2, 36438,19660126, -130,    0
     2, 36438,19660127,  -58,    0
     2, 36438,19660128,  -75,    0
     2, 36438,19660129,  -62,    0
     2, 36438,19660130,   20,    0
     2, 36438,19660131,   37,    0
     2, 36438,19660201,  -82,    0
     2, 36438,19660202, -180,    0
     2, 36438,19660203, -190,    0
     2, 36438,19660204, -182,    0
     2, 36438,19660205, -128,    0
     2, 36438,19660206, -122,    0
     2, 36438,19660207, -140,    0
     2, 36438,19660208, -200,    0
     2, 36438,19660209, -118,    0
     2, 36438,19660210,  -72,    0
     2, 36438,19660211, -134,    0
     2, 36438,19660212, -190,    0
     2, 36438,19660213, -203,    0
     2, 36438,19660214, -119,    0
     2, 36438,19660215, -120,    0
     2, 36438,19660216, -110,    0
     2, 36438,19660217, -108,    0
     2, 36438,19660218, -120,    0
     2, 36438,19660219,  -70,    0
     2, 36438,19660220,  -60,    0
     2, 36438,19660221,  -46,    0
     2, 36438,19660222,  -46,    0
     2, 36438,19660223,  -64,    0
     2, 36438,19660224,   -5,    0
     2, 36438,19660225,   -5,    0
     2, 36438,19660226,  -62,    0
     2, 36438,19660227,  -44,    0
     2, 36438,19660228,   31,    0
     2, 36438,19660301,   12,    0
     2, 36438,19660302,    8,    0
     2, 36438,19660303,   39,    0
     2, 36438,19660304,   35,    0
     2, 36438,19660305,   41,    0
     2, 36438,19660306,   35,    0
     2, 36438,19660307,   72,    0
     2, 36438,19660308,   88,    0
     2, 36438,19660309,   55,    0
     2, 36438,19660310,   34,    0
     2, 36438,19660311,    3,    0
     2, 36438,19660312,  -62,    0
     2, 36438,19660313,  -60,    0
     2, 36438,19660314,  -40,    0
     2, 36438,19660315,  -37,    0
     2, 36438,19660316,   87,    0
     2, 36438,19660317,   83,    0
     2, 36438,19660318,   36,    0
     2, 36438,19660319,   42,    0
     2, 36438,19660320,   80,    0
     2, 36438,19660321,   76,    0
     2, 36438,19660322,   10,    0
     2, 36438,19660323,   25,    0
     2, 36438,19660324,   26,    0
     2, 36438,19660325,   -5,    0
     2, 36438,19660326,  -30,    0
     2, 36438,19660327,  -21,    0
     2, 36438,19660328,    0,    0
     2, 36438,19660329,   15,    0
     2, 36438,19660330,   24,    0
     2, 36438,19660331,   40,    0
     2, 36438,19660401,   30,    0
     2, 36438,19660402,   60,    0
     2, 36438,19660403,  100,    0
     2, 36438,19660404,   66,    0
     2, 36438,19660405,   30,    0
     2, 36438,19660406,   31,    0
     2, 36438,19660407,   63,    0
     2, 36438,19660408,   50,    0
     2, 36438,19660409,   45,    0
     2, 36438,19660410,   10,    0
     2, 36438,19660411,  -12,    0
     2, 36438,19660412,  -12,    0
     2, 36438,19660413,  -38,    0
     2, 36438,19660414,  -44,    0
     2, 36438,19660415,  -25,    0
     2, 36438,19660416,  -25,    0
     2, 36438,19660417,   27,    0
     2, 36438,19660418,   50,    0
     2, 36438,19660419,   60,    0
     2, 36438,19660420,   42,    0
     2, 36438,19660421,   77,    0
     2, 36438,19660422,   69,    0
     2, 36438,19660423,   68,    0
     2, 36438,19660424,   63,    0
     2, 36438,19660425,   63,    0
     2, 36438,19660426,  110,    0
     2, 36438,19660427,  139,    0
     2, 36438,19660428,  176,    0
     2, 36438,19660429,  175,    0
     2, 36438,19660430,  182,    0
     2, 36438,19660501,  186,    0
     2, 36438,19660502,  186,    0
     2, 36438,19660503,  175,    0
     2, 36438,19660504,  145,    0
     2, 36438,19660505,   95,    0
     2, 36438,19660506,   70,    0
     2, 36438,19660507,   44,    0
     2, 36438,19660508,   98,    0
     2, 36438,19660509,  134,    0
     2, 36438,19660510,  145,    0
     2, 36438,19660511,  136,    0
     2, 36438,19660512,  136,    0
     2, 36438,19660513,  145,    0
     2, 36438,19660514,  195,    0
     2, 36438,19660515,  196,    0
     2, 36438,19660516,  195,    0
     2, 36438,19660517,  226,    0
     2, 36438,19660518,  258,    0
     2, 36438,19660519,  250,    0
     2, 36438,19660520,  192,    0
     2, 36438,19660521,  130,    0
     2, 36438,19660522,  170,    0
     2, 36438,19660523,  146,    0
     2, 36438,19660524,  130,    0
     2, 36438,19660525,  158,    0
     2, 36438,19660526,  136,    0
     2, 36438,19660527,  148,    0
     2, 36438,19660528,  139,    0
     2, 36438,19660529,  173,    0
     2, 36438,19660530,  186,    0
     2, 36438,19660531,  193,    0
     2, 36438,19660601,  182,    0
     2, 36438,19660602,  161,    0
     2, 36438,19660603,  137,    0
     2, 36438,19660604,  184,    0
     2, 36438,19660605,  140,    0
     2, 36438,19660606,  196,    0
     2, 36438,19660607,  203,    0
     2, 36438,19660608,  204,    0
     2, 36438,19660609,  235,    0
     2, 36438,19660610,  256,    0
     2, 36438,19660611,  270,    0
     2, 36438,19660612,  281,    0
     2, 36438,19660613,  261,    0
     2, 36438,19660614,  275,    0
     2, 36438,19660615,  268,    0
     2, 36438,19660616,  278,    0
     2, 36438,19660617,  289,    0
     2, 36438,19660618,  287,    0
     2, 36438,19660619,  289,    0
     2, 36438,19660620,  266,    0
     2, 36438,19660621,  252,    0
     2, 36438,19660622,  244,    0
     2, 36438,19660623,  225,    0
     2, 36438,19660624,  210,    0
     2, 36438,19660625,  240,    0
     2, 36438,19660626,  201,    0
     2, 36438,19660627,  202,    0
     2, 36438,19660628,  200,    0
     2, 36438,19660629,  242,    0
     2, 36438,19660630,  240,    0
     2, 36438,19660701,  220,    0
     2, 36438,19660702,  215,    0
     2, 36438,19660703,  202,    0
     2, 36438,19660704,  207,    0
     2, 36438,19660705,  213,    0
     2, 36438,19660706,  208,    0
     2, 36438,19660707,  184,    0
     2, 36438,19660708,  215,    0
     2, 36438,19660709,  225,    0
     2, 36438,19660710,  223,    0
     2, 36438,19660711,  224,    0
     2, 36438,19660712,  209,    0
     2, 36438,19660713,  177,    0
     2, 36438,19660714,  207,    0
     2, 36438,19660715,  200,    0
     2, 36438,19660716,  190,    0
     2, 36438,19660717,  188,    0
     2, 36438,19660718,  252,    0
     2, 36438,19660719,  285,    0
     2, 36438,19660720,  303,    0
     2, 36438,19660721,  292,    0
     2, 36438,19660722,  295,    0
     2, 36438,19660723,  275,    0
     2, 36438,19660724,  227,    0
     2, 36438,19660725,  261,    0
     2, 36438,19660726,  205,    0
     2, 36438,19660727,  210,    0
     2, 36438,19660728,  210,    0
     2, 36438,19660729,  215,    0
     2, 36438,19660730,  193,    0
     2, 36438,19660731,  197,    0
     2, 36438,19660801,  180,    0
     2, 36438,19660802,  196,    0
     2, 36438,19660803,  164,    0
     2, 36438,19660804,  176,    0
     2, 36438,19660805,  215,    0
     2, 36438,19660806,  170,    0
     2, 36438,19660807,  157,    0
     2, 36438,19660808,  197,    0
     2, 36438,19660809,  201,    0
     2, 36438,19660810,  188,    0
     2, 36438,19660811,  192,    0
     2, 36438,19660812,  165,    0
     2, 36438,19660813,  172,    0
     2, 36438,19660814,  157,    0
     2, 36438,19660815,  173,    0
     2, 36438,19660816,  202,    0
     2, 36438,19660817,  215,    0
     2, 36438,19660818,  210,    0
     2, 36438,19660819,  215,    0
     2, 36438,19660820,  212,    0
     2, 36438,19660821,  197,    0
     2, 36438,19660822,  172,    0
     2, 36438,19660823,  166,    0
     2, 36438,19660824,  171,    0
     2, 36438,19660825,  198,    0
     2, 36438,19660826,  235,    0
     2, 36438,19660827,  234,    0
     2, 36438,19660828,  206,    0
     2, 36438,19660829,  252,    0
     2, 36438,19660830,  228,    0
     2, 36438,19660831,  186,    0
     2, 36438,19660901,  156,    0
     2, 36438,19660902,  200,    0
     2, 36438,19660903,  154,    0
     2, 36438,19660904,  160,    0
     2, 36438,19660905,  192,    0
     2, 36438,19660906,  170,    0
     2, 36438,19660907,  188,    0
     2, 36438,19660908,  167,    0
     2, 36438,19660909,  105,    0
     2, 36438,19660910,   95,    0
     2, 36438,19660911,  131,    0
     2, 36438,19660912,  184,    0
     2, 36438,19660913,  147,    0
     2, 36438,19660914,  162,    0
     2, 36438,19660915,  124,    0
     2, 36438,19660916,  120,    0
     2, 36438,19660917,  130,    0
     2, 36438,19660918,  133,    0
     2, 36438,19660919,  148,    0
     2, 36438,19660920,  180,    0
     2, 36438,19660921,  143,    0
     2, 36438,19660922,  145,    0
     2, 36438,19660923,  115,    0
     2, 36438,19660924,  154,    0
     2, 36438,19660925,  116,    0
     2, 36438,19660926,  125,    0
     2, 36438,19660927,   95,    0
     2, 36438,19660928,  101,    0
     2, 36438,19660929,   72,    0
     2, 36438,19660930,  130,    0
     2, 36438,19661001,   92,    0
     2, 36438,19661002,  116,    0
     2, 36438,19661003,  135,    0
     2, 36438,19661004,  100,    0
     2, 36438,19661005,   98,    0
     2, 36438,19661006,   82,    0
     2, 36438,19661007,   75,    0
     2, 36438,19661008,   98,    0
     2, 36438,19661009,   95,    0
     2, 36438,19661010,   95,    0
     2, 36438,19661011,   26,    0
     2, 36438,19661012,   53,    0
     2, 36438,19661013,   36,    0
     2, 36438,19661014,   40,    0
     2, 36438,19661015,   80,    0
     2, 36438,19661016,  118,    0
     2, 36438,19661017,  102,    0
     2, 36438,19661018,  105,    0
     2, 36438,19661019,   98,    0
     2, 36438,19661020,   79,    0
     2, 36438,19661021,   91,    0
     2, 36438,19661022,   92,    0
     2, 36438,19661023,   84,    0
     2, 36438,19661024,   91,    0
     2, 36438,19661025,   56,    0
     2, 36438,19661026,   45,    0
     2, 36438,19661027,   33,    0
     2, 36438,19661028,    2,    0
     2, 36438,19661029,   13,    0
     2, 36438,19661030,   40,    0
     2, 36438,19661031,   72,    0
     2, 36438,19661101,   65,    0
     2, 36438,19661102,   13,    0
     2, 36438,19661103,    5,    0
     2, 36438,19661104,   15,    0
     2, 36438,19661105,   65,    0
     2, 36438,19661106,   69,    0
     2, 36438,19661107,   50,    0
     2, 36438,19661108,   52,    0
     2, 36438,19661109,   68,    0
     2, 36438,19661110,   65,    0
     2, 36438,19661111,   25,    0
     2, 36438,19661112,   25,    0
     2, 36438,19661113,   20,    0
     2, 36438,19661114,   63,    0
     2, 36438,19661115,   62,    0
     2, 36438,19661116,   20,    0
     2, 36438,19661117,   15,    0
     2, 36438,19661118,   16,    0
     2, 36438,19661119,  -25,    0
     2, 36438,19661120,   -7,    0
     2, 36438,19661121,   -4,    0
     2, 36438,19661122,   -9,    0
     2, 36438,19661123,   -3,    0
     2, 36438,19661124,    5,    0
     2, 36438,19661125,   20,    0
     2, 36438,19661126,   15,    0
     2, 36438,19661127,   22,    0
     2, 36438,19661128,   50,    0
     2, 36438,19661129,   34,    0
     2, 36438,19661130,    5,    0
     2, 36438,19661201,   10,    0
     2, 36438,19661202,   40,    0
     2, 36438,19661203,   49,    0
     2, 36438,19661204,   45,    0
     2, 36438,19661205,   23,    0
     2, 36438,19661206,   16,    0
     2, 36438,19661207,    9,    0
     2, 36438,19661208,   10,    0
     2, 36438,19661209,    8,    0
     2, 36438,19661210,   12,    0
     2, 36438,19661211,   12,    0
     2, 36438,19661212,    2,    0
     2, 36438,19661213,  -13,    0
     2, 36438,19661214,  -35,    0
     2, 36438,19661215,  -50,    0
     2, 36438,19661216, -107,    0
     2, 36438,19661217,  -34,    0
     2, 36438,19661218,   45,    0
     2, 36438,19661219,   25,    0
     2, 36438,19661220,  -50,    0
     2, 36438,19661221, -103,    0
     2, 36438,19661222,  -80,    0
     2, 36438,19661223,  -15,    0
     2, 36438,19661224,    4,    0
     2, 36438,19661225,    0,    0
     2, 36438,19661226,  -26,    0
     2, 36438,19661227,  -36,    0
     2, 36438,19661228,  -33,    0
     2, 36438,19661229,    7,    0
     2, 36438,19661230,    9,    0
     2, 36438,19661231,    8,    0
